angle,vertical_angle,distance,x,y,z,isDetected
0,22.5,50,65.64086,37.13877,-21.09495,False
1,22.5,50,64.83489,37.13877,-21.06384,False
2,22.5,50,64.02959,37.13877,-21.01868,False
3,22.5,50,63.2252,37.13877,-20.95946,False
4,22.5,50,62.42196,37.13877,-20.88621,False
5,22.5,50,61.62012,37.13877,-20.79896,False
6,22.5,50,60.81993,37.13877,-20.69773,False
7,22.5,50,60.02163,37.13877,-20.58255,False
8,22.5,50,59.22546,37.13877,-20.45345,False
9,22.5,50,58.43166,37.13877,-20.31047,False
10,22.5,50,57.64048,37.13877,-20.15367,False
11,22.5,50,56.85216,37.13877,-19.98308,False
12,22.5,50,56.06694,37.13877,-19.79876,False
13,22.5,50,55.28505,37.13877,-19.60076,False
14,22.5,50,54.50673,37.13877,-19.38915,False
15,22.5,50,53.73223,37.13877,-19.16398,False
16,22.5,50,52.96177,37.13877,-18.92533,False
17,22.5,50,52.1956,37.13877,-18.67328,False
18,22.5,50,51.43394,37.13877,-18.40789,False
19,22.5,50,50.67703,37.13877,-18.12925,False
20,22.5,50,49.9251,37.13877,-17.83744,False
21,22.5,50,49.17838,37.13877,-17.53255,False
22,22.5,50,48.43709,37.13877,-17.21468,False
23,22.5,50,47.70146,37.13877,-16.88391,False
24,22.5,50,46.97171,37.13877,-16.54036,False
25,22.5,50,46.24808,37.13877,-16.18413,False
26,22.5,50,45.53077,37.13877,-15.81532,False
27,22.5,50,44.82001,37.13877,-15.43405,False
28,22.5,50,44.116,37.13877,-15.04043,False
29,22.5,50,43.41898,37.13877,-14.63458,False
30,22.5,50,42.72915,37.13877,-14.21663,False
31,22.5,50,42.04671,37.13877,-13.78671,False
32,22.5,50,41.37188,37.13877,-13.34494,False
33,22.5,50,40.70486,37.13877,-12.89146,False
34,22.5,50,40.04586,37.13877,-12.42641,False
35,22.5,50,39.39508,37.13877,-11.94993,False
36,22.5,50,38.7527,37.13877,-11.46217,False
37,22.5,50,38.11895,37.13877,-10.96327,False
38,22.5,50,37.494,37.13876,-10.45338,False
39,22.5,50,36.87803,37.13877,-9.932663,False
40,22.5,50,36.27125,37.13877,-9.401276,False
41,22.5,50,35.67384,37.13877,-8.859379,False
42,22.5,50,35.08598,37.13877,-8.307137,False
43,22.5,50,34.50784,37.13877,-7.744724,False
44,22.5,50,33.9396,37.13877,-7.172306,False
45,22.5,50,33.38144,37.13877,-6.59005,False
46,22.5,50,32.83353,37.13877,-5.99815,False
47,22.5,50,32.29604,37.13877,-5.396774,False
48,22.5,50,31.76912,37.13877,-4.786114,False
49,22.5,50,31.25294,37.13877,-4.166348,False
50,22.5,50,30.74765,37.13877,-3.537666,False
51,22.5,50,30.25341,37.13877,-2.900267,False
52,22.5,50,29.77037,37.13877,-2.254332,False
53,22.5,50,29.29868,37.13877,-1.600071,False
54,22.5,50,28.83848,37.13877,-0.9376736,False
55,22.5,50,28.38991,37.13877,-0.2673512,False
56,22.5,50,27.95311,37.13877,0.4107094,False
57,22.5,50,27.5282,37.13877,1.096279,False
58,22.5,50,27.11533,37.13877,1.789164,False
59,22.5,50,26.71461,37.13877,2.489149,False
60,22.5,50,26.32617,37.13877,3.19602,False
61,22.5,50,25.95012,37.13877,3.909565,False
62,22.5,50,25.58659,37.13877,4.629559,False
63,22.5,50,25.23568,37.13876,5.355789,False
64,22.5,50,24.89748,37.13877,6.088039,False
65,22.5,50,24.57213,37.13877,6.826078,False
66,22.5,50,24.2597,37.13877,7.569681,False
67,22.5,50,23.9603,37.13877,8.318619,False
68,22.5,50,23.67402,37.13877,9.072672,False
69,22.5,50,23.40094,37.13877,9.831609,False
70,22.5,50,23.14115,37.13877,10.59519,False
71,22.5,50,22.89472,37.13877,11.3632,False
72,22.5,50,22.66174,37.13877,12.13538,False
73,22.5,50,22.44226,37.13877,12.91151,False
74,22.5,50,22.23637,37.13877,13.69136,False
75,22.5,50,22.04411,37.13877,14.47468,False
76,22.5,50,21.86556,37.13877,15.26124,False
77,22.5,50,21.70076,37.13877,16.0508,False
78,22.5,50,21.54977,37.13877,16.8431,False
79,22.5,50,21.41263,37.13877,17.63792,False
80,22.5,50,21.28938,37.13877,18.43502,False
81,22.5,50,21.18006,37.13877,19.23414,False
82,22.5,50,21.08469,37.13877,20.03506,False
83,22.5,50,21.00333,37.13877,20.83752,False
84,22.5,50,20.93599,37.13877,21.64127,False
85,22.5,50,20.88267,37.13877,22.44607,False
86,22.5,50,20.84341,37.13877,23.25169,False
87,22.5,50,20.81822,37.13877,24.05786,False
88,22.5,50,20.80711,37.13877,24.86436,False
89,22.5,50,20.81007,37.13877,25.67092,False
90,22.5,50,20.8271,37.13877,26.47731,False
91,22.5,50,20.85821,37.13877,27.28328,False
92,22.5,50,20.90337,37.13877,28.08858,False
93,22.5,50,20.96259,37.13877,28.89297,False
94,22.5,50,21.03584,37.13877,29.69621,False
95,22.5,50,21.12309,37.13877,30.49805,False
96,22.5,50,21.22432,37.13877,31.29824,False
97,22.5,50,21.3395,37.13877,32.09654,False
98,22.5,50,21.46861,37.13876,32.8927,False
99,22.5,50,21.61158,37.13877,33.6865,False
100,22.5,50,21.76838,37.13877,34.47768,False
101,22.5,50,21.93897,37.13877,35.26601,False
102,22.5,50,22.12329,37.13877,36.05123,False
103,22.5,50,22.32129,37.13877,36.83313,False
104,22.5,50,22.5329,37.13877,37.61143,False
105,22.5,50,22.75806,37.13877,38.38594,False
106,22.5,50,22.99671,37.13877,39.1564,False
107,22.5,50,23.24877,37.13877,39.92258,False
108,22.5,50,23.51415,37.13877,40.68423,False
109,22.5,50,23.7928,37.13877,41.44115,False
110,22.5,50,24.08461,37.13877,42.19308,False
111,22.5,50,24.3895,37.13877,42.93979,False
112,22.5,50,24.70737,37.13877,43.68108,False
113,22.5,50,25.03814,37.13877,44.41672,False
114,22.5,50,25.38168,37.13877,45.14645,False
115,22.5,50,25.73792,37.13877,45.8701,False
116,22.5,50,26.10673,37.13877,46.5874,False
117,22.5,50,26.488,37.13877,47.29816,False
118,22.5,50,26.88162,37.13877,48.00217,False
119,22.5,50,27.28746,37.13877,48.69919,False
120,22.5,50,27.70541,37.13877,49.38903,False
121,22.5,50,28.13534,37.13877,50.07146,False
122,22.5,50,28.57711,37.13877,50.7463,False
123,22.5,50,29.03058,37.13877,51.41332,False
124,22.5,50,29.49563,37.13877,52.07231,False
125,22.5,50,29.97212,37.13877,52.7231,False
126,22.5,50,30.45988,37.13877,53.36546,False
127,22.5,50,30.95879,37.13877,53.99922,False
128,22.5,50,31.46867,37.13877,54.62419,False
129,22.5,50,31.98938,37.13877,55.24014,False
130,22.5,50,32.52077,37.13877,55.84693,False
131,22.5,50,33.06267,37.13877,56.44434,False
132,22.5,50,33.61491,37.13877,57.0322,False
133,22.5,50,34.17732,37.13877,57.61033,False
134,22.5,50,34.74974,37.13877,58.17856,False
135,22.5,50,35.332,37.13876,58.73672,False
136,22.5,50,35.9239,37.13877,59.28465,False
137,22.5,50,36.52528,37.13877,59.82214,False
138,22.5,50,37.13593,37.13877,60.34906,False
139,22.5,50,37.75571,37.13877,60.86524,False
140,22.5,50,38.38438,37.13877,61.37052,False
141,22.5,50,39.02178,37.13877,61.86477,False
142,22.5,50,39.66772,37.13876,62.34779,False
143,22.5,50,40.32198,37.13877,62.81949,False
144,22.5,50,40.98438,37.13877,63.2797,False
145,22.5,50,41.6547,37.13877,63.72826,False
146,22.5,50,42.33275,37.13877,64.16506,False
147,22.5,50,43.01833,37.13877,64.58997,False
148,22.5,50,43.71121,37.13877,65.00284,False
149,22.5,50,44.4112,37.13876,65.40356,False
150,22.5,50,45.11807,37.13877,65.79199,False
151,22.5,50,45.83162,37.13877,66.16805,False
152,22.5,50,46.55161,37.13877,66.53159,False
153,22.5,50,47.27784,37.13877,66.88249,False
154,22.5,50,48.01009,37.13877,67.22069,False
155,22.5,50,48.74812,37.13877,67.54604,False
156,22.5,50,49.49173,37.13877,67.85847,False
157,22.5,50,50.24067,37.13877,68.15787,False
158,22.5,50,50.99471,37.13877,68.44415,False
159,22.5,50,51.75365,37.13877,68.71722,False
160,22.5,50,52.51723,37.13877,68.97702,False
161,22.5,50,53.28525,37.13877,69.22345,False
162,22.5,50,54.05743,37.13877,69.45644,False
163,22.5,50,54.83356,37.13877,69.67592,False
164,22.5,50,55.61341,37.13877,69.88181,False
165,22.5,50,56.39673,37.13876,70.07405,False
166,22.5,50,57.18329,37.13877,70.25261,False
167,22.5,50,57.97284,37.13877,70.41741,False
168,22.5,50,58.76516,37.13877,70.56841,False
169,22.5,50,59.55997,37.13877,70.70555,False
170,22.5,50,60.35707,37.13877,70.82881,False
171,22.5,50,61.1562,37.13877,70.93812,False
172,22.5,50,61.95711,37.13877,71.03348,False
173,22.5,50,62.75957,37.13877,71.11484,False
174,22.5,50,63.56332,37.13877,71.18219,False
175,22.5,50,64.36812,37.13877,71.2355,False
176,22.5,50,65.17374,37.13877,71.27475,False
177,22.5,50,65.97991,37.13877,71.29994,False
178,22.5,50,66.78641,37.13877,71.31107,False
179,22.5,50,67.59296,37.13877,71.30811,False
180,22.5,50,68.39936,37.13877,71.29108,False
181,22.5,50,69.20533,37.13877,71.25996,False
182,22.5,50,70.01063,37.13877,71.2148,False
183,22.5,50,70.81503,37.13877,71.15558,False
184,22.5,50,71.61826,37.13877,71.08234,False
185,22.5,50,72.4201,37.13877,70.99509,False
186,22.5,50,73.22028,37.13877,70.89384,False
187,22.5,50,74.01859,37.13877,70.77866,False
188,22.5,50,74.81476,37.13877,70.64957,False
189,22.5,50,75.60855,37.13877,70.50659,False
190,22.5,50,76.39974,37.13877,70.34979,False
191,22.5,50,77.18806,37.13877,70.1792,False
192,22.5,50,77.97329,37.13877,69.99489,False
193,22.5,50,78.75517,37.13877,69.79689,False
194,22.5,50,79.53349,37.13877,69.58527,False
195,22.5,50,80.308,37.13877,69.36011,False
196,22.5,50,81.07845,37.13877,69.12146,False
197,22.5,50,81.84463,37.13877,68.86941,False
198,22.5,50,82.60628,37.13877,68.60402,False
199,22.5,50,83.36318,37.13877,68.32538,False
200,22.5,50,84.11512,37.13877,68.03357,False
201,22.5,50,84.86184,37.13877,67.72867,False
202,22.5,50,85.60313,37.13877,67.4108,False
203,22.5,50,86.33876,37.13877,67.08005,False
204,22.5,50,87.0685,37.13877,66.7365,False
205,22.5,50,87.79214,37.13877,66.38025,False
206,22.5,50,88.50945,37.13876,66.01144,False
207,22.5,50,89.22022,37.13877,65.63017,False
208,22.5,50,89.92422,37.13877,65.23656,False
209,22.5,50,90.62125,37.13877,64.8307,False
210,22.5,50,91.31108,37.13877,64.41275,False
211,22.5,50,91.99352,37.13877,63.98284,False
212,22.5,50,92.66835,37.13877,63.54107,False
213,22.5,50,93.33536,37.13877,63.08759,False
214,22.5,50,93.99437,37.13877,62.62253,False
215,22.5,50,94.64514,37.13877,62.14605,False
216,22.5,50,95.28751,37.13877,61.65829,False
217,22.5,50,95.92128,37.13877,61.15939,False
218,22.5,50,96.54623,37.13877,60.64951,False
219,22.5,50,97.16219,37.13877,60.12879,False
220,22.5,50,97.76897,37.13877,59.59739,False
221,22.5,50,98.36639,37.13876,59.0555,False
222,22.5,50,98.95425,37.13877,58.50327,False
223,22.5,50,99.53238,37.13877,57.94085,False
224,22.5,50,100.1006,37.13877,57.36843,False
225,22.5,50,100.6588,37.13877,56.78619,False
226,22.5,50,101.2067,37.13877,56.19428,False
227,22.5,50,101.7442,37.13877,55.5929,False
228,22.5,50,102.2711,37.13877,54.98224,False
229,22.5,50,102.7873,37.13877,54.36248,False
230,22.5,50,103.2926,37.13877,53.7338,False
231,22.5,50,103.7868,37.13877,53.09639,False
232,22.5,50,104.2699,37.13877,52.45046,False
233,22.5,50,104.7415,37.13877,51.7962,False
234,22.5,50,105.2017,37.13877,51.1338,False
235,22.5,50,105.6503,37.13877,50.46346,False
236,22.5,50,106.0871,37.13877,49.78541,False
237,22.5,50,106.512,37.13877,49.09985,False
238,22.5,50,106.9249,37.13877,48.40696,False
239,22.5,50,107.3256,37.13877,47.70699,False
240,22.5,50,107.7141,37.13877,47.0001,False
241,22.5,50,108.0901,37.13877,46.28656,False
242,22.5,50,108.4536,37.13877,45.56657,False
243,22.5,50,108.8046,37.13877,44.84033,False
244,22.5,50,109.1427,37.13877,44.10807,False
245,22.5,50,109.4681,37.13877,43.37004,False
246,22.5,50,109.7805,37.13877,42.62644,False
247,22.5,50,110.0799,37.13877,41.87751,False
248,22.5,50,110.3662,37.13877,41.12346,False
249,22.5,50,110.6393,37.13877,40.3645,False
250,22.5,50,110.8991,37.13877,39.60093,False
251,22.5,50,111.1455,37.13877,38.83294,False
252,22.5,50,111.3785,37.13876,38.06075,False
253,22.5,50,111.598,37.13877,37.28462,False
254,22.5,50,111.8039,37.13877,36.50476,False
255,22.5,50,111.9961,37.13877,35.72144,False
256,22.5,50,112.1747,37.13877,34.93489,False
257,22.5,50,112.3395,37.13877,34.14534,False
258,22.5,50,112.4904,37.13877,33.35303,False
259,22.5,50,112.6276,37.13877,32.55819,False
260,22.5,50,112.7509,37.13877,31.7611,False
261,22.5,50,112.8602,37.13877,30.96197,False
262,22.5,50,112.9555,37.13877,30.16106,False
263,22.5,50,113.0369,37.13877,29.35861,False
264,22.5,50,113.1042,37.13877,28.55485,False
265,22.5,50,113.1576,37.13877,27.75005,False
266,22.5,50,113.1968,37.13877,26.94444,False
267,22.5,50,113.222,37.13877,26.13826,False
268,22.5,50,113.2331,37.13877,25.33178,False
269,22.5,50,113.2302,37.13877,24.52519,False
270,22.5,50,113.2131,37.13877,23.71881,False
271,22.5,50,113.182,37.13877,22.91285,False
272,22.5,50,113.1368,37.13877,22.10755,False
273,22.5,50,113.0776,37.13877,21.30313,False
274,22.5,50,113.0044,37.13877,20.4999,False
275,22.5,50,112.9171,37.13877,19.69808,False
276,22.5,50,112.8159,37.13877,18.89788,False
277,22.5,50,112.7007,37.13877,18.09959,False
278,22.5,50,112.5716,37.13877,17.3034,False
279,22.5,50,112.4286,37.13877,16.50961,False
280,22.5,50,112.2718,37.13877,15.71844,False
281,22.5,50,112.1012,37.13877,14.93011,False
282,22.5,50,111.9169,37.13877,14.1449,False
283,22.5,50,111.7189,37.13877,13.36299,False
284,22.5,50,111.5073,37.13877,12.58468,False
285,22.5,50,111.2822,37.13877,11.81018,False
286,22.5,50,111.0435,37.13877,11.03973,False
287,22.5,50,110.7915,37.13877,10.27356,False
288,22.5,50,110.5261,37.13877,9.511889,False
289,22.5,50,110.2474,37.13877,8.754986,False
290,22.5,50,109.9556,37.13877,8.003054,False
291,22.5,50,109.6507,37.13877,7.25634,False
292,22.5,50,109.3329,37.13877,6.515049,False
293,22.5,50,109.0021,37.13877,5.779404,False
294,22.5,50,108.6585,37.13877,5.049669,False
295,22.5,50,108.3023,37.13877,4.326033,False
296,22.5,50,107.9335,37.13877,3.608725,False
297,22.5,50,107.5522,37.13877,2.897966,False
298,22.5,50,107.1586,37.13877,2.193947,False
299,22.5,50,106.7528,37.13877,1.496931,False
300,22.5,50,106.3348,37.13877,0.8070984,False
301,22.5,50,105.9049,37.13877,0.1246662,False
302,22.5,50,105.4631,37.13877,-0.5501785,False
303,22.5,50,105.0096,37.13877,-1.217192,False
304,22.5,50,104.5446,37.13877,-1.876188,False
305,22.5,50,104.0681,37.13877,-2.526972,False
306,22.5,50,103.5803,37.13877,-3.169336,False
307,22.5,50,103.0814,37.13877,-3.803108,False
308,22.5,50,102.5715,37.13877,-4.428059,False
309,22.5,50,102.0508,37.13877,-5.044016,False
310,22.5,50,101.5195,37.13877,-5.650791,False
311,22.5,50,100.9776,37.13877,-6.248199,False
312,22.5,50,100.4253,37.13877,-6.836081,False
313,22.5,50,99.8629,37.13877,-7.414211,False
314,22.5,50,99.29048,37.13877,-7.982445,False
315,22.5,50,98.70824,37.13877,-8.5406,False
316,22.5,50,98.11633,37.13877,-9.088509,False
317,22.5,50,97.51495,37.13877,-9.626019,False
318,22.5,50,96.90428,37.13877,-10.15294,False
319,22.5,50,96.28452,37.13876,-10.66911,False
320,22.5,50,95.65585,37.13877,-11.1744,False
321,22.5,50,95.01845,37.13877,-11.66863,False
322,22.5,50,94.3725,37.13877,-12.15168,False
323,22.5,50,93.71824,37.13877,-12.62337,False
324,22.5,50,93.05585,37.13877,-13.08357,False
325,22.5,50,92.38553,37.13877,-13.53214,False
326,22.5,50,91.70748,37.13877,-13.96894,False
327,22.5,50,91.02189,37.13877,-14.39385,False
328,22.5,50,90.32901,37.13877,-14.80672,False
329,22.5,50,89.62903,37.13877,-15.20744,False
330,22.5,50,88.92216,37.13877,-15.59588,False
331,22.5,50,88.2086,37.13877,-15.97193,False
332,22.5,50,87.48861,37.13877,-16.33546,False
333,22.5,50,86.76238,37.13877,-16.68638,False
334,22.5,50,86.03014,37.13877,-17.02456,False
335,22.5,50,85.29211,37.13877,-17.34991,False
336,22.5,50,84.54849,37.13877,-17.66235,False
337,22.5,50,83.79955,37.13877,-17.96174,False
338,22.5,50,83.0455,37.13877,-18.24802,False
339,22.5,50,82.28658,37.13877,-18.52111,False
340,22.5,50,81.52299,37.13877,-18.7809,False
341,22.5,50,80.75497,37.13877,-19.02733,False
342,22.5,50,79.98279,37.13877,-19.26031,False
343,22.5,50,79.20667,37.13877,-19.47979,False
344,22.5,50,78.42682,37.13877,-19.68568,False
345,22.5,50,77.6435,37.13877,-19.87793,False
346,22.5,50,76.85693,37.13877,-20.05649,False
347,22.5,50,76.06738,37.13877,-20.22129,False
348,22.5,50,75.27507,37.13877,-20.37228,False
349,22.5,50,74.48026,37.13877,-20.50943,False
350,22.5,50,73.68316,37.13877,-20.63268,False
351,22.5,50,72.88402,37.13877,-20.742,False
352,22.5,50,72.08311,37.13877,-20.83736,False
353,22.5,50,71.28066,37.13877,-20.91872,False
354,22.5,50,70.47691,37.13877,-20.98607,False
355,22.5,50,69.67211,37.13877,-21.03938,False
356,22.5,50,68.86648,37.13877,-21.07864,False
357,22.5,50,68.06031,37.13877,-21.10382,False
358,22.5,50,67.25382,37.13877,-21.11494,False
359,22.5,50,66.44727,37.13877,-21.11198,False
0,16.875,50,65.64086,32.51915,-22.74334,False
1,16.875,50,64.80613,32.51915,-22.71199,False
2,16.875,50,63.97206,32.51915,-22.66607,False
3,16.875,50,63.13893,32.51915,-22.60559,False
4,16.875,50,62.30698,32.51915,-22.53059,False
5,16.875,50,61.47646,32.51915,-22.44109,False
6,16.875,50,60.64763,32.51915,-22.33709,False
7,16.875,50,59.82074,32.51915,-22.21865,False
8,16.875,50,58.99605,32.51916,-22.0858,False
9,16.875,50,58.1738,32.51915,-21.93858,False
10,16.875,50,57.35424,32.51915,-21.77702,False
11,16.875,50,56.53764,32.51915,-21.60119,False
12,16.875,50,55.72421,32.51915,-21.41113,False
13,16.875,50,54.91424,32.51915,-21.20691,False
14,16.875,50,54.10795,32.51915,-20.98858,False
15,16.875,50,53.30559,32.51915,-20.75621,False
16,16.875,50,52.50742,32.51915,-20.50988,False
17,16.875,50,51.71366,32.51915,-20.24965,False
18,16.875,50,50.92456,32.51915,-19.97561,False
19,16.875,50,50.14037,32.51915,-19.68784,False
20,16.875,50,49.36131,32.51915,-19.38643,False
21,16.875,50,48.58764,32.51915,-19.07146,False
22,16.875,50,47.81959,32.51915,-18.74305,False
23,16.875,50,47.05738,32.51915,-18.40127,False
24,16.875,50,46.30125,32.51916,-18.04625,False
25,16.875,50,45.55143,32.51915,-17.67808,False
26,16.875,50,44.80816,32.51915,-17.29689,False
27,16.875,50,44.07165,32.51915,-16.90278,False
28,16.875,50,43.34212,32.51915,-16.49588,False
29,16.875,50,42.61982,32.51915,-16.0763,False
30,16.875,50,41.90495,32.51915,-15.64419,False
31,16.875,50,41.19772,32.51915,-15.19967,False
32,16.875,50,40.49836,32.51915,-14.74286,False
33,16.875,50,39.80708,32.51915,-14.27393,False
34,16.875,50,39.12408,32.51915,-13.793,False
35,16.875,50,38.44959,32.51915,-13.30022,False
36,16.875,50,37.7838,32.51915,-12.79575,False
37,16.875,50,37.12691,32.51915,-12.27973,False
38,16.875,50,36.47914,32.51915,-11.75233,False
39,16.875,50,35.84066,32.51915,-11.2137,False
40,16.875,50,35.21169,32.51915,-10.66402,False
41,16.875,50,34.59239,32.51915,-10.10344,False
42,16.875,50,33.98298,32.51915,-9.532135,False
43,16.875,50,33.38363,32.51915,-8.950283,False
44,16.875,50,32.79453,32.51915,-8.358063,False
45,16.875,50,32.21585,32.51915,-7.755642,False
46,16.875,50,31.64778,32.51915,-7.143223,False
47,16.875,50,31.09047,32.51915,-6.520981,False
48,16.875,50,30.54412,32.51915,-5.889107,False
49,16.875,50,30.00888,32.51915,-5.247793,False
50,16.875,50,29.4849,32.51915,-4.597239,False
51,16.875,50,28.97237,32.51915,-3.937635,False
52,16.875,50,28.47142,32.51915,-3.269186,False
53,16.875,50,27.98221,32.51915,-2.592098,False
54,16.875,50,27.50489,32.51915,-1.906576,False
55,16.875,50,27.03962,32.51915,-1.21283,False
56,16.875,50,26.58652,32.51915,-0.5110626,False
57,16.875,50,26.14574,32.51915,0.1984978,False
58,16.875,50,25.7174,32.51915,0.9156456,False
59,16.875,50,25.30165,32.51915,1.640163,False
60,16.875,50,24.89861,32.51915,2.371822,False
61,16.875,50,24.5084,32.51915,3.110405,False
62,16.875,50,24.13113,32.51915,3.855684,False
63,16.875,50,23.76694,32.51915,4.607437,False
64,16.875,50,23.41591,32.51915,5.365429,False
65,16.875,50,23.07817,32.51915,6.129438,False
66,16.875,50,22.75382,32.51915,6.899216,False
67,16.875,50,22.44294,32.51915,7.67454,False
68,16.875,50,22.14565,32.51915,8.455172,False
69,16.875,50,21.86203,32.51915,9.240874,False
70,16.875,50,21.59216,32.51915,10.03141,False
71,16.875,50,21.33614,32.51915,10.82653,False
72,16.875,50,21.09402,32.51915,11.626,False
73,16.875,50,20.86589,32.51915,12.42957,False
74,16.875,50,20.65182,32.51915,13.237,False
75,16.875,50,20.45189,32.51915,14.04805,False
76,16.875,50,20.26612,32.51915,14.86246,False
77,16.875,50,20.09461,32.51915,15.67999,False
78,16.875,50,19.93739,32.51915,16.50039,False
79,16.875,50,19.79451,32.51915,17.3234,False
80,16.875,50,19.66602,32.51915,18.14878,False
81,16.875,50,19.55195,32.51915,18.97628,False
82,16.875,50,19.45233,32.51915,19.80565,False
83,16.875,50,19.36721,32.51915,20.63663,False
84,16.875,50,19.29661,32.51915,21.46897,False
85,16.875,50,19.24055,32.51915,22.3024,False
86,16.875,50,19.19903,32.51915,23.13671,False
87,16.875,50,19.17208,32.51915,23.97159,False
88,16.875,50,19.15971,32.51915,24.80683,False
89,16.875,50,19.16192,32.51915,25.64215,False
90,16.875,50,19.1787,32.51915,26.47731,False
91,16.875,50,19.21006,32.51915,27.31205,False
92,16.875,50,19.25598,32.51915,28.14611,False
93,16.875,50,19.31645,32.51915,28.97925,False
94,16.875,50,19.39145,32.51915,29.8112,False
95,16.875,50,19.48096,32.51915,30.64172,False
96,16.875,50,19.58495,32.51915,31.47055,False
97,16.875,50,19.70339,32.51915,32.29744,False
98,16.875,50,19.83624,32.51915,33.12212,False
99,16.875,50,19.98347,32.51915,33.94437,False
100,16.875,50,20.14502,32.51915,34.76394,False
101,16.875,50,20.32085,32.51915,35.58054,False
102,16.875,50,20.51091,32.51915,36.39396,False
103,16.875,50,20.71513,32.51915,37.20394,False
104,16.875,50,20.93346,32.51915,38.01023,False
105,16.875,50,21.16584,32.51915,38.81258,False
106,16.875,50,21.41216,32.51915,39.61076,False
107,16.875,50,21.6724,32.51915,40.40452,False
108,16.875,50,21.94643,32.51915,41.19362,False
109,16.875,50,22.23421,32.51915,41.97781,False
110,16.875,50,22.53562,32.51915,42.75687,False
111,16.875,50,22.85059,32.51915,43.53053,False
112,16.875,50,23.179,32.51915,44.29858,False
113,16.875,50,23.52077,32.51915,45.0608,False
114,16.875,50,23.8758,32.51915,45.81692,False
115,16.875,50,24.24397,32.51915,46.56674,False
116,16.875,50,24.62516,32.51915,47.31002,False
117,16.875,50,25.01926,32.51915,48.04653,False
118,16.875,50,25.42617,32.51915,48.77605,False
119,16.875,50,25.84575,32.51915,49.49835,False
120,16.875,50,26.27786,32.51915,50.21324,False
121,16.875,50,26.72239,32.51915,50.92046,False
122,16.875,50,27.17919,32.51915,51.61983,False
123,16.875,50,27.64812,32.51915,52.3111,False
124,16.875,50,28.12905,32.51915,52.99408,False
125,16.875,50,28.62183,32.51915,53.66859,False
126,16.875,50,29.1263,32.51915,54.33438,False
127,16.875,50,29.64231,32.51915,54.99126,False
128,16.875,50,30.16972,32.51915,55.63904,False
129,16.875,50,30.70834,32.51915,56.27751,False
130,16.875,50,31.25803,32.51915,56.90649,False
131,16.875,50,31.81861,32.51915,57.52578,False
132,16.875,50,32.38992,32.51915,58.1352,False
133,16.875,50,32.97176,32.51915,58.73455,False
134,16.875,50,33.56398,32.51915,59.32363,False
135,16.875,50,34.1664,32.51915,59.90232,False
136,16.875,50,34.77882,32.51916,60.47041,False
137,16.875,50,35.40107,32.51915,61.0277,False
138,16.875,50,36.03294,32.51915,61.57405,False
139,16.875,50,36.67426,32.51915,62.10931,False
140,16.875,50,37.32481,32.51915,62.63327,False
141,16.875,50,37.98441,32.51915,63.14582,False
142,16.875,50,38.65286,32.51915,63.64676,False
143,16.875,50,39.32994,32.51916,64.13597,False
144,16.875,50,40.01547,32.51915,64.61329,False
145,16.875,50,40.70922,32.51915,65.07855,False
146,16.875,50,41.41098,32.51915,65.53165,False
147,16.875,50,42.12055,32.51915,65.97244,False
148,16.875,50,42.83769,32.51915,66.40076,False
149,16.875,50,43.56221,32.51915,66.81651,False
150,16.875,50,44.29387,32.51915,67.21956,False
151,16.875,50,45.03246,32.51915,67.60977,False
152,16.875,50,45.77773,32.51915,67.98705,False
153,16.875,50,46.52948,32.51915,68.35123,False
154,16.875,50,47.28748,32.51915,68.70226,False
155,16.875,50,48.05148,32.51915,69.04,False
156,16.875,50,48.82127,32.51915,69.36436,False
157,16.875,50,49.59659,32.51915,69.67522,False
158,16.875,50,50.37721,32.51915,69.97252,False
159,16.875,50,51.16292,32.51915,70.25615,False
160,16.875,50,51.95345,32.51915,70.52602,False
161,16.875,50,52.74858,32.51915,70.78204,False
162,16.875,50,53.54804,32.51915,71.02417,False
163,16.875,50,54.35161,32.51915,71.25229,False
164,16.875,50,55.15905,32.51915,71.46634,False
165,16.875,50,55.97009,32.51915,71.66629,False
166,16.875,50,56.78451,32.51915,71.85205,False
167,16.875,50,57.60203,32.51915,72.02357,False
168,16.875,50,58.42244,32.51915,72.18079,False
169,16.875,50,59.24545,32.51915,72.32367,False
170,16.875,50,60.07082,32.51915,72.45216,False
171,16.875,50,60.89833,32.51915,72.56623,False
172,16.875,50,61.7277,32.51916,72.66584,False
173,16.875,50,62.55868,32.51915,72.75096,False
174,16.875,50,63.39101,32.51915,72.82156,False
175,16.875,50,64.22445,32.51915,72.87764,False
176,16.875,50,65.05875,32.51915,72.91915,False
177,16.875,50,65.89364,32.51915,72.94609,False
178,16.875,50,66.72888,32.51915,72.95847,False
179,16.875,50,67.5642,32.51915,72.95625,False
180,16.875,50,68.39936,32.51915,72.93947,False
181,16.875,50,69.23409,32.51915,72.90811,False
182,16.875,50,70.06815,32.51915,72.8622,False
183,16.875,50,70.9013,32.51915,72.80172,False
184,16.875,50,71.73325,32.51915,72.72673,False
185,16.875,50,72.56377,32.51915,72.63722,False
186,16.875,50,73.39259,32.51915,72.53322,False
187,16.875,50,74.21947,32.51915,72.41479,False
188,16.875,50,75.04417,32.51916,72.28194,False
189,16.875,50,75.86642,32.51915,72.1347,False
190,16.875,50,76.68598,32.51915,71.97316,False
191,16.875,50,77.50259,32.51915,71.79732,False
192,16.875,50,78.31601,32.51915,71.60727,False
193,16.875,50,79.12598,32.51915,71.40305,False
194,16.875,50,79.93227,32.51915,71.18471,False
195,16.875,50,80.73463,32.51915,70.95235,False
196,16.875,50,81.53281,32.51915,70.706,False
197,16.875,50,82.32657,32.51915,70.44579,False
198,16.875,50,83.11566,32.51915,70.17175,False
199,16.875,50,83.89985,32.51915,69.88397,False
200,16.875,50,84.67891,32.51915,69.58255,False
201,16.875,50,85.45258,32.51915,69.26759,False
202,16.875,50,86.22063,32.51915,68.93916,False
203,16.875,50,86.98284,32.51915,68.5974,False
204,16.875,50,87.73897,32.51915,68.24238,False
205,16.875,50,88.48878,32.51915,67.87421,False
206,16.875,50,89.23206,32.51915,67.49301,False
207,16.875,50,89.96857,32.51915,67.09891,False
208,16.875,50,90.69809,32.51915,66.692,False
209,16.875,50,91.42041,32.51915,66.27243,False
210,16.875,50,92.13528,32.51915,65.8403,False
211,16.875,50,92.8425,32.51915,65.3958,False
212,16.875,50,93.54186,32.51915,64.93899,False
213,16.875,50,94.23314,32.51915,64.47006,False
214,16.875,50,94.91615,32.51915,63.98912,False
215,16.875,50,95.59062,32.51915,63.49635,False
216,16.875,50,96.25642,32.51915,62.99189,False
217,16.875,50,96.91331,32.51915,62.47586,False
218,16.875,50,97.56108,32.51915,61.94847,False
219,16.875,50,98.19956,32.51915,61.40984,False
220,16.875,50,98.82854,32.51915,60.86015,False
221,16.875,50,99.44783,32.51915,60.29956,False
222,16.875,50,100.0573,32.51915,59.72827,False
223,16.875,50,100.6566,32.51915,59.14641,False
224,16.875,50,101.2457,32.51916,58.5542,False
225,16.875,50,101.8244,32.51916,57.95179,False
226,16.875,50,102.3924,32.51915,57.33935,False
227,16.875,50,102.9497,32.51915,56.71711,False
228,16.875,50,103.4961,32.51915,56.08524,False
229,16.875,50,104.0313,32.51915,55.44392,False
230,16.875,50,104.5553,32.51915,54.79336,False
231,16.875,50,105.0679,32.51915,54.13375,False
232,16.875,50,105.5688,32.51915,53.46532,False
233,16.875,50,106.058,32.51915,52.78824,False
234,16.875,50,106.5353,32.51915,52.10272,False
235,16.875,50,107.0006,32.51915,51.40895,False
236,16.875,50,107.4537,32.51915,50.70718,False
237,16.875,50,107.8945,32.51915,49.99763,False
238,16.875,50,108.3228,32.51915,49.28049,False
239,16.875,50,108.7386,32.51915,48.55598,False
240,16.875,50,109.1416,32.51915,47.8243,False
241,16.875,50,109.5318,32.51915,47.08572,False
242,16.875,50,109.9091,32.51915,46.34045,False
243,16.875,50,110.2733,32.51915,45.5887,False
244,16.875,50,110.6243,32.51915,44.83069,False
245,16.875,50,110.9621,32.51915,44.06668,False
246,16.875,50,111.2864,32.51915,43.29691,False
247,16.875,50,111.5973,32.51915,42.52159,False
248,16.875,50,111.8946,32.51915,41.74097,False
249,16.875,50,112.1782,32.51915,40.95525,False
250,16.875,50,112.4481,32.51915,40.16472,False
251,16.875,50,112.7041,32.51915,39.3696,False
252,16.875,50,112.9462,32.51915,38.57013,False
253,16.875,50,113.1743,32.51915,37.76656,False
254,16.875,50,113.3884,32.51915,36.95912,False
255,16.875,50,113.5883,32.51915,36.14808,False
256,16.875,50,113.7741,32.51915,35.33368,False
257,16.875,50,113.9456,32.51915,34.51615,False
258,16.875,50,114.1028,32.51915,33.69576,False
259,16.875,50,114.2457,32.51915,32.87273,False
260,16.875,50,114.3742,32.51915,32.04735,False
261,16.875,50,114.4883,32.51915,31.21984,False
262,16.875,50,114.5879,32.51915,30.39048,False
263,16.875,50,114.673,32.51915,29.55951,False
264,16.875,50,114.7436,32.51916,28.72716,False
265,16.875,50,114.7997,32.51915,27.89372,False
266,16.875,50,114.8412,32.51915,27.05943,False
267,16.875,50,114.8681,32.51915,26.22454,False
268,16.875,50,114.8805,32.51915,25.38932,False
269,16.875,50,114.8783,32.51915,24.55396,False
270,16.875,50,114.8615,32.51915,23.71881,False
271,16.875,50,114.8302,32.51915,22.88408,False
272,16.875,50,114.7842,32.51915,22.05002,False
273,16.875,50,114.7238,32.51915,21.21687,False
274,16.875,50,114.6488,32.51915,20.38492,False
275,16.875,50,114.5593,32.51915,19.55441,False
276,16.875,50,114.4553,32.51915,18.72559,False
277,16.875,50,114.3368,32.51915,17.89871,False
278,16.875,50,114.204,32.51915,17.074,False
279,16.875,50,114.0567,32.51915,16.25175,False
280,16.875,50,113.8952,32.51915,15.4322,False
281,16.875,50,113.7194,32.51915,14.61559,False
282,16.875,50,113.5293,32.51915,13.80218,False
283,16.875,50,113.3251,32.51915,12.99218,False
284,16.875,50,113.1068,32.51915,12.18589,False
285,16.875,50,112.8744,32.51915,11.38354,False
286,16.875,50,112.6281,32.51915,10.58538,False
287,16.875,50,112.3678,32.51915,9.791617,False
288,16.875,50,112.0938,32.51915,9.002504,False
289,16.875,50,111.806,32.51915,8.218319,False
290,16.875,50,111.5046,32.51915,7.43927,False
291,16.875,50,111.1896,32.51915,6.665602,False
292,16.875,50,110.8612,32.51915,5.897551,False
293,16.875,50,110.5194,32.51915,5.135326,False
294,16.875,50,110.1644,32.51915,4.379206,False
295,16.875,50,109.7963,32.51915,3.629391,False
296,16.875,50,109.4151,32.51915,2.886116,False
297,16.875,50,109.021,32.51915,2.149612,False
298,16.875,50,108.614,32.51915,1.420071,False
299,16.875,50,108.1945,32.51915,0.6977711,False
300,16.875,50,107.7624,32.51915,-0.01709747,False
301,16.875,50,107.3178,32.51915,-0.7243195,False
302,16.875,50,106.861,32.51916,-1.423693,False
303,16.875,50,106.3921,32.51915,-2.114973,False
304,16.875,50,105.9112,32.51915,-2.797958,False
305,16.875,50,105.4184,32.51915,-3.47245,False
306,16.875,50,104.9139,32.51915,-4.138237,False
307,16.875,50,104.3979,32.51915,-4.795137,False
308,16.875,50,103.8705,32.51915,-5.442911,False
309,16.875,50,103.3319,32.51915,-6.081385,False
310,16.875,50,102.7822,32.51915,-6.71036,False
311,16.875,50,102.2216,32.51915,-7.329647,False
312,16.875,50,101.6503,32.51915,-7.939075,False
313,16.875,50,101.0685,32.51915,-8.538418,False
314,16.875,50,100.4762,32.51915,-9.127518,False
315,16.875,50,99.87383,32.51915,-9.706192,False
316,16.875,50,99.26141,32.51915,-10.27427,False
317,16.875,50,98.63915,32.51915,-10.83158,False
318,16.875,50,98.00728,32.51915,-11.37793,False
319,16.875,50,97.36597,32.51915,-11.91317,False
320,16.875,50,96.71542,32.51915,-12.43714,False
321,16.875,50,96.05582,32.51915,-12.94968,False
322,16.875,50,95.38736,32.51915,-13.45063,False
323,16.875,50,94.71027,32.51915,-13.93984,False
324,16.875,50,94.02476,32.51915,-14.41715,False
325,16.875,50,93.33101,32.51915,-14.88242,False
326,16.875,50,92.62926,32.51915,-15.33552,False
327,16.875,50,91.91967,32.51915,-15.77631,False
328,16.875,50,91.20253,32.51915,-16.20464,False
329,16.875,50,90.47801,32.51915,-16.62039,False
330,16.875,50,89.74636,32.51915,-17.02343,False
331,16.875,50,89.00776,32.51915,-17.41365,False
332,16.875,50,88.26248,32.51915,-17.79091,False
333,16.875,50,87.51074,32.51915,-18.15511,False
334,16.875,50,86.75275,32.51915,-18.50613,False
335,16.875,50,85.98875,32.51915,-18.84387,False
336,16.875,50,85.21895,32.51915,-19.16823,False
337,16.875,50,84.44363,32.51915,-19.4791,False
338,16.875,50,83.663,32.51915,-19.77639,False
339,16.875,50,82.8773,32.51915,-20.06002,False
340,16.875,50,82.08678,32.51915,-20.32988,False
341,16.875,50,81.29164,32.51915,-20.58592,False
342,16.875,50,80.49217,32.51915,-20.82803,False
343,16.875,50,79.68861,32.51915,-21.05616,False
344,16.875,50,78.88118,32.51915,-21.27022,False
345,16.875,50,78.07014,32.51915,-21.47016,False
346,16.875,50,77.25571,32.51915,-21.65592,False
347,16.875,50,76.43819,32.51915,-21.82743,False
348,16.875,50,75.6178,32.51915,-21.98466,False
349,16.875,50,74.79478,32.51915,-22.12754,False
350,16.875,50,73.96941,32.51915,-22.25603,False
351,16.875,50,73.14188,32.51915,-22.3701,False
352,16.875,50,72.31252,32.51916,-22.46971,False
353,16.875,50,71.48155,32.51915,-22.55483,False
354,16.875,50,70.64922,32.51915,-22.62543,False
355,16.875,50,69.81578,32.51915,-22.6815,False
356,16.875,50,68.98147,32.51915,-22.72302,False
357,16.875,50,68.14658,32.51915,-22.74996,False
358,16.875,50,67.31135,32.51915,-22.76234,False
359,16.875,50,66.47603,32.51915,-22.76013,False
0,11.25,50,65.64086,27.76021,-23.931,False
1,11.25,50,64.7854,27.76021,-23.89947,False
2,11.25,50,63.93061,27.76021,-23.853,False
3,11.25,50,63.07677,27.76021,-23.79163,False
4,11.25,50,62.22413,27.76021,-23.71536,False
5,11.25,50,61.37295,27.76021,-23.62422,False
6,11.25,50,60.52349,27.76021,-23.51825,False
7,11.25,50,59.676,27.76021,-23.39746,False
8,11.25,50,58.83076,27.76021,-23.2619,False
9,11.25,50,57.98801,27.76021,-23.11161,False
10,11.25,50,57.14801,27.76021,-22.94664,False
11,11.25,50,56.31102,27.76021,-22.76703,False
12,11.25,50,55.47729,27.76021,-22.57284,False
13,11.25,50,54.64707,27.76021,-22.36413,False
14,11.25,50,53.82063,27.76021,-22.14096,False
15,11.25,50,52.9982,27.76021,-21.9034,False
16,11.25,50,52.18005,27.76021,-21.65153,False
17,11.25,50,51.36642,27.76021,-21.38541,False
18,11.25,50,50.55755,27.76021,-21.10514,False
19,11.25,50,49.7537,27.76021,-20.81079,False
20,11.25,50,48.95512,27.76021,-20.50246,False
21,11.25,50,48.16203,27.76021,-20.18023,False
22,11.25,50,47.37468,27.76021,-19.84422,False
23,11.25,50,46.59332,27.76021,-19.49451,False
24,11.25,50,45.81818,27.76021,-19.13123,False
25,11.25,50,45.04951,27.76021,-18.75446,False
26,11.25,50,44.28752,27.76021,-18.36435,False
27,11.25,50,43.53246,27.76021,-17.96099,False
28,11.25,50,42.78455,27.76021,-17.54451,False
29,11.25,50,42.04403,27.76021,-17.11505,False
30,11.25,50,41.31111,27.76021,-16.67273,False
31,11.25,50,40.58603,27.76021,-16.21769,False
32,11.25,50,39.869,27.76021,-15.75005,False
33,11.25,50,39.16023,27.76021,-15.26998,False
34,11.25,50,38.45996,27.76021,-14.77761,False
35,11.25,50,37.76838,27.76021,-14.27309,False
36,11.25,50,37.08571,27.76021,-13.75658,False
37,11.25,50,36.41217,27.76021,-13.22824,False
38,11.25,50,35.74794,27.76021,-12.68822,False
39,11.25,50,35.09325,27.76021,-12.13669,False
40,11.25,50,34.44827,27.76021,-11.57382,False
41,11.25,50,33.81322,27.76021,-10.99977,False
42,11.25,50,33.18828,27.76021,-10.41474,False
43,11.25,50,32.57365,27.76021,-9.818882,False
44,11.25,50,31.96951,27.76021,-9.212391,False
45,11.25,50,31.37605,27.76021,-8.595448,False
46,11.25,50,30.79345,27.76021,-7.968243,False
47,11.25,50,30.22187,27.76021,-7.330959,False
48,11.25,50,29.66152,27.76021,-6.683805,False
49,11.25,50,29.11254,27.76021,-6.026968,False
50,11.25,50,28.5751,27.76021,-5.360649,False
51,11.25,50,28.04938,27.76021,-4.685051,False
52,11.25,50,27.53553,27.76021,-4.000381,False
53,11.25,50,27.03371,27.76021,-3.30685,False
54,11.25,50,26.54406,27.76021,-2.604664,False
55,11.25,50,26.06675,27.76021,-1.894043,False
56,11.25,50,25.60191,27.76021,-1.175192,False
57,11.25,50,25.14968,27.76021,-0.4483471,False
58,11.25,50,24.71022,27.76021,0.2862835,False
59,11.25,50,24.28363,27.76021,1.028473,False
60,11.25,50,23.87008,27.76021,1.777994,False
61,11.25,50,23.46965,27.76021,2.534616,False
62,11.25,50,23.0825,27.76021,3.298117,False
63,11.25,50,22.70873,27.76021,4.068249,False
64,11.25,50,22.34846,27.76021,4.844793,False
65,11.25,50,22.00179,27.76021,5.627508,False
66,11.25,50,21.66884,27.76021,6.416151,False
67,11.25,50,21.3497,27.76021,7.210487,False
68,11.25,50,21.04448,27.76021,8.010265,False
69,11.25,50,20.75325,27.76021,8.815258,False
70,11.25,50,20.47613,27.76021,9.625202,False
71,11.25,50,20.21318,27.76021,10.43987,False
72,11.25,50,19.96449,27.76021,11.25899,False
73,11.25,50,19.73013,27.76021,12.08233,False
74,11.25,50,19.51017,27.76021,12.90963,False
75,11.25,50,19.3047,27.76021,13.74066,False
76,11.25,50,19.11374,27.76021,14.57514,False
77,11.25,50,18.93739,27.76021,15.41283,False
78,11.25,50,18.77569,27.76021,16.25345,False
79,11.25,50,18.62867,27.76021,17.09678,False
80,11.25,50,18.4964,27.76021,17.94254,False
81,11.25,50,18.37891,27.76021,18.79049,False
82,11.25,50,18.27624,27.76021,19.64036,False
83,11.25,50,18.18841,27.76021,20.49189,False
84,11.25,50,18.11546,27.76021,21.34483,False
85,11.25,50,18.05741,27.76021,22.19889,False
86,11.25,50,18.01427,27.76021,23.05386,False
87,11.25,50,17.98605,27.76021,23.90944,False
88,11.25,50,17.97277,27.76021,24.76539,False
89,11.25,50,17.97444,27.76021,25.62143,False
90,11.25,50,17.99104,27.76021,26.47731,False
91,11.25,50,18.02258,27.76021,27.33278,False
92,11.25,50,18.06904,27.76021,28.18756,False
93,11.25,50,18.13042,27.76021,29.0414,False
94,11.25,50,18.20669,27.76021,29.89404,False
95,11.25,50,18.29782,27.76021,30.74523,False
96,11.25,50,18.4038,27.76021,31.5947,False
97,11.25,50,18.52459,27.76021,32.44217,False
98,11.25,50,18.66015,27.76021,33.28741,False
99,11.25,50,18.81044,27.76021,34.13017,False
100,11.25,50,18.97541,27.76021,34.97017,False
101,11.25,50,19.15502,27.76021,35.80716,False
102,11.25,50,19.34921,27.76021,36.64088,False
103,11.25,50,19.55792,27.76021,37.4711,False
104,11.25,50,19.78109,27.76021,38.29754,False
105,11.25,50,20.01865,27.76021,39.11996,False
106,11.25,50,20.27051,27.76021,39.93813,False
107,11.25,50,20.53664,27.76021,40.75175,False
108,11.25,50,20.8169,27.76021,41.56062,False
109,11.25,50,21.11126,27.76021,42.36447,False
110,11.25,50,21.41959,27.76021,43.16306,False
111,11.25,50,21.74181,27.76021,43.95614,False
112,11.25,50,22.07783,27.76021,44.74349,False
113,11.25,50,22.42753,27.76021,45.52486,False
114,11.25,50,22.79082,27.76021,46.29998,False
115,11.25,50,23.16758,27.76021,47.06867,False
116,11.25,50,23.5577,27.76021,47.83065,False
117,11.25,50,23.96106,27.76021,48.58572,False
118,11.25,50,24.37753,27.76021,49.33362,False
119,11.25,50,24.807,27.76021,50.07414,False
120,11.25,50,25.24932,27.76021,50.80706,False
121,11.25,50,25.70436,27.76021,51.53215,False
122,11.25,50,26.172,27.76021,52.24918,False
123,11.25,50,26.65207,27.76021,52.95795,False
124,11.25,50,27.14443,27.76021,53.65821,False
125,11.25,50,27.64896,27.76021,54.3498,False
126,11.25,50,28.16546,27.76021,55.03246,False
127,11.25,50,28.69381,27.76021,55.70601,False
128,11.25,50,29.23383,27.76021,56.37023,False
129,11.25,50,29.78535,27.76021,57.02493,False
130,11.25,50,30.34823,27.76021,57.66991,False
131,11.25,50,30.92227,27.76021,58.30496,False
132,11.25,50,31.50731,27.76021,58.92989,False
133,11.25,50,32.10316,27.76021,59.54452,False
134,11.25,50,32.70966,27.76021,60.14865,False
135,11.25,50,33.3266,27.76021,60.74213,False
136,11.25,50,33.9538,27.76021,61.32474,False
137,11.25,50,34.59109,27.76021,61.8963,False
138,11.25,50,35.23824,27.76021,62.45665,False
139,11.25,50,35.89508,27.76021,63.00564,False
140,11.25,50,36.5614,27.76021,63.54307,False
141,11.25,50,37.23699,27.76021,64.0688,False
142,11.25,50,37.92167,27.76021,64.58264,False
143,11.25,50,38.61519,27.76021,65.08447,False
144,11.25,50,39.31738,27.76021,65.57412,False
145,11.25,50,40.028,27.76021,66.05142,False
146,11.25,50,40.74685,27.76021,66.51627,False
147,11.25,50,41.4737,27.76021,66.96849,False
148,11.25,50,42.20833,27.76021,67.40797,False
149,11.25,50,42.95052,27.76021,67.83453,False
150,11.25,50,43.70004,27.76021,68.24811,False
151,11.25,50,44.45667,27.76021,68.64852,False
152,11.25,50,45.22016,27.76021,69.03568,False
153,11.25,50,45.9903,27.76021,69.40944,False
154,11.25,50,46.76685,27.76021,69.76972,False
155,11.25,50,47.54955,27.76021,70.11639,False
156,11.25,50,48.3382,27.76021,70.44933,False
157,11.25,50,49.13253,27.76021,70.76847,False
158,11.25,50,49.93231,27.76021,71.07368,False
159,11.25,50,50.7373,27.76021,71.36493,False
160,11.25,50,51.54725,27.76021,71.64204,False
161,11.25,50,52.36192,27.76021,71.905,False
162,11.25,50,53.18103,27.76021,72.1537,False
163,11.25,50,54.00438,27.76021,72.38805,False
164,11.25,50,54.83169,27.76021,72.608,False
165,11.25,50,55.6627,27.76021,72.81348,False
166,11.25,50,56.49718,27.76021,73.00443,False
167,11.25,50,57.33487,27.76021,73.18079,False
168,11.25,50,58.17551,27.76021,73.3425,False
169,11.25,50,59.01883,27.76021,73.4895,False
170,11.25,50,59.86459,27.76021,73.62177,False
171,11.25,50,60.71254,27.76021,73.73926,False
172,11.25,50,61.5624,27.76021,73.84195,False
173,11.25,50,62.41394,27.76021,73.92976,False
174,11.25,50,63.26687,27.76021,74.00272,False
175,11.25,50,64.12094,27.76021,74.06078,False
176,11.25,50,64.97591,27.76021,74.10391,False
177,11.25,50,65.83148,27.76021,74.13213,False
178,11.25,50,66.68743,27.76021,74.1454,False
179,11.25,50,67.54347,27.76021,74.14373,False
180,11.25,50,68.39936,27.76021,74.12714,False
181,11.25,50,69.25482,27.76021,74.09559,False
182,11.25,50,70.1096,27.76021,74.04913,False
183,11.25,50,70.96346,27.76021,73.98776,False
184,11.25,50,71.81609,27.76021,73.91148,False
185,11.25,50,72.66728,27.76021,73.82035,False
186,11.25,50,73.51673,27.76021,73.71437,False
187,11.25,50,74.36421,27.76021,73.5936,False
188,11.25,50,75.20947,27.76021,73.45804,False
189,11.25,50,76.05221,27.76021,73.30774,False
190,11.25,50,76.89221,27.76021,73.14276,False
191,11.25,50,77.7292,27.76021,72.96315,False
192,11.25,50,78.56294,27.76021,72.76897,False
193,11.25,50,79.39315,27.76021,72.56026,False
194,11.25,50,80.21959,27.76021,72.33708,False
195,11.25,50,81.04202,27.76021,72.09953,False
196,11.25,50,81.86017,27.76021,71.84766,False
197,11.25,50,82.67381,27.76021,71.58154,False
198,11.25,50,83.48267,27.76021,71.30127,False
199,11.25,50,84.28651,27.76021,71.00692,False
200,11.25,50,85.08511,27.76021,70.69858,False
201,11.25,50,85.87819,27.76021,70.37637,False
202,11.25,50,86.66554,27.76021,70.04034,False
203,11.25,50,87.4469,27.76021,69.69066,False
204,11.25,50,88.22203,27.76021,69.32735,False
205,11.25,50,88.99072,27.76021,68.95059,False
206,11.25,50,89.75269,27.76021,68.56048,False
207,11.25,50,90.50777,27.76021,68.15711,False
208,11.25,50,91.25566,27.76021,67.74065,False
209,11.25,50,91.99619,27.76021,67.31117,False
210,11.25,50,92.72911,27.76021,66.86885,False
211,11.25,50,93.45419,27.76021,66.41382,False
212,11.25,50,94.17123,27.76021,65.94618,False
213,11.25,50,94.87999,27.76021,65.46611,False
214,11.25,50,95.58027,27.76021,64.97373,False
215,11.25,50,96.27184,27.76021,64.46922,False
216,11.25,50,96.95451,27.76021,63.95271,False
217,11.25,50,97.62806,27.76021,63.42437,False
218,11.25,50,98.29228,27.76021,62.88435,False
219,11.25,50,98.94698,27.76021,62.33282,False
220,11.25,50,99.59195,27.76021,61.76994,False
221,11.25,50,100.227,27.76021,61.1959,False
222,11.25,50,100.8519,27.76021,60.61087,False
223,11.25,50,101.4666,27.76021,60.01501,False
224,11.25,50,102.0707,27.76021,59.40852,False
225,11.25,50,102.6642,27.76021,58.79158,False
226,11.25,50,103.2468,27.76021,58.16437,False
227,11.25,50,103.8183,27.76021,57.52708,False
228,11.25,50,104.3787,27.76021,56.87993,False
229,11.25,50,104.9277,27.76021,56.2231,False
230,11.25,50,105.4651,27.76021,55.55677,False
231,11.25,50,105.9908,27.76021,54.88118,False
232,11.25,50,106.5047,27.76021,54.19651,False
233,11.25,50,107.0065,27.76021,53.50299,False
234,11.25,50,107.4962,27.76021,52.8008,False
235,11.25,50,107.9735,27.76021,52.09016,False
236,11.25,50,108.4383,27.76021,51.37131,False
237,11.25,50,108.8905,27.76021,50.64448,False
238,11.25,50,109.33,27.76021,49.90984,False
239,11.25,50,109.7566,27.76021,49.16767,False
240,11.25,50,110.1702,27.76021,48.41813,False
241,11.25,50,110.5706,27.76021,47.66151,False
242,11.25,50,110.9577,27.76021,46.89802,False
243,11.25,50,111.3315,27.76021,46.12788,False
244,11.25,50,111.6918,27.76021,45.35132,False
245,11.25,50,112.0384,27.76021,44.56862,False
246,11.25,50,112.3714,27.76021,43.77997,False
247,11.25,50,112.6905,27.76021,42.98565,False
248,11.25,50,112.9957,27.76021,42.18587,False
249,11.25,50,113.287,27.76021,41.38086,False
250,11.25,50,113.5641,27.76021,40.57092,False
251,11.25,50,113.827,27.76021,39.75626,False
252,11.25,50,114.0757,27.76021,38.93714,False
253,11.25,50,114.3101,27.76021,38.11381,False
254,11.25,50,114.5301,27.76021,37.28649,False
255,11.25,50,114.7355,27.76021,36.45546,False
256,11.25,50,114.9265,27.76021,35.62099,False
257,11.25,50,115.1028,27.76021,34.78331,False
258,11.25,50,115.2645,27.76021,33.94269,False
259,11.25,50,115.4116,27.76021,33.09934,False
260,11.25,50,115.5438,27.76021,32.25358,False
261,11.25,50,115.6613,27.76021,31.40563,False
262,11.25,50,115.764,27.76021,30.55577,False
263,11.25,50,115.8518,27.76021,29.70424,False
264,11.25,50,115.9248,27.76021,28.85131,False
265,11.25,50,115.9828,27.76021,27.99723,False
266,11.25,50,116.026,27.76021,27.14227,False
267,11.25,50,116.0542,27.76021,26.28669,False
268,11.25,50,116.0675,27.76021,25.43076,False
269,11.25,50,116.0658,27.76021,24.5747,False
270,11.25,50,116.0492,27.76021,23.71882,False
271,11.25,50,116.0176,27.76021,22.86336,False
272,11.25,50,115.9712,27.76021,22.00858,False
273,11.25,50,115.9098,27.76021,21.15471,False
274,11.25,50,115.8335,27.76021,20.30207,False
275,11.25,50,115.7424,27.76021,19.4509,False
276,11.25,50,115.6364,27.76021,18.60144,False
277,11.25,50,115.5156,27.76021,17.75397,False
278,11.25,50,115.3801,27.76021,16.9087,False
279,11.25,50,115.2298,27.76021,16.06596,False
280,11.25,50,115.0648,27.76021,15.22596,False
281,11.25,50,114.8852,27.76021,14.38897,False
282,11.25,50,114.691,27.76021,13.55525,False
283,11.25,50,114.4823,27.76021,12.72502,False
284,11.25,50,114.2591,27.76021,11.89858,False
285,11.25,50,114.0216,27.76021,11.07616,False
286,11.25,50,113.7697,27.76021,10.25801,False
287,11.25,50,113.5036,27.76021,9.44438,False
288,11.25,50,113.2233,27.76021,8.6355,False
289,11.25,50,112.929,27.76021,7.831657,False
290,11.25,50,112.6206,27.76021,7.033066,False
291,11.25,50,112.2984,27.76021,6.239988,False
292,11.25,50,111.9624,27.76021,5.452642,False
293,11.25,50,111.6127,27.76021,4.671272,False
294,11.25,50,111.2494,27.76021,3.896139,False
295,11.25,50,110.8726,27.76021,3.127462,False
296,11.25,50,110.4825,27.76021,2.36548,False
297,11.25,50,110.0792,27.76021,1.610426,False
298,11.25,50,109.6627,27.76021,0.862505,False
299,11.25,50,109.2332,27.76021,0.1219826,False
300,11.25,50,108.7909,27.76021,-0.6109276,False
301,11.25,50,108.3359,27.76021,-1.336008,False
302,11.25,50,107.8682,27.76021,-2.053059,False
303,11.25,50,107.3882,27.76021,-2.761818,False
304,11.25,50,106.8958,27.76021,-3.462088,False
305,11.25,50,106.3913,27.76021,-4.153666,False
306,11.25,50,105.8748,27.76021,-4.836327,False
307,11.25,50,105.3464,27.76021,-5.509886,False
308,11.25,50,104.8064,27.76021,-6.174105,False
309,11.25,50,104.2549,27.76021,-6.8288,False
310,11.25,50,103.692,27.76021,-7.473774,False
311,11.25,50,103.118,27.76021,-8.108822,False
312,11.25,50,102.5329,27.76021,-8.733768,False
313,11.25,50,101.9371,27.76021,-9.3484,False
314,11.25,50,101.3306,27.76021,-9.952534,False
315,11.25,50,100.7136,27.76021,-10.54599,False
316,11.25,50,100.0864,27.76021,-11.1286,False
317,11.25,50,99.44913,27.76021,-11.70018,False
318,11.25,50,98.80197,27.76021,-12.26053,False
319,11.25,50,98.14514,27.76021,-12.80951,False
320,11.25,50,97.47883,27.76021,-13.34694,False
321,11.25,50,96.80324,27.76021,-13.87266,False
322,11.25,50,96.11855,27.76021,-14.38652,False
323,11.25,50,95.42503,27.76021,-14.88834,False
324,11.25,50,94.72284,27.76021,-15.37798,False
325,11.25,50,94.01222,27.76021,-15.85529,False
326,11.25,50,93.29338,27.76021,-16.32013,False
327,11.25,50,92.56651,27.76021,-16.77237,False
328,11.25,50,91.83189,27.76021,-17.21183,False
329,11.25,50,91.08971,27.76021,-17.63841,False
330,11.25,50,90.34019,27.76021,-18.05197,False
331,11.25,50,89.58355,27.76021,-18.4524,False
332,11.25,50,88.82005,27.76021,-18.83955,False
333,11.25,50,88.04993,27.76021,-19.21332,False
334,11.25,50,87.27338,27.76021,-19.57359,False
335,11.25,50,86.49068,27.76021,-19.92025,False
336,11.25,50,85.70201,27.76021,-20.25321,False
337,11.25,50,84.90768,27.76021,-20.57235,False
338,11.25,50,84.10791,27.76021,-20.87757,False
339,11.25,50,83.30293,27.76021,-21.16879,False
340,11.25,50,82.49298,27.76021,-21.44592,False
341,11.25,50,81.6783,27.76021,-21.70887,False
342,11.25,50,80.85918,27.76021,-21.95756,False
343,11.25,50,80.03584,27.76021,-22.19192,False
344,11.25,50,79.20854,27.76021,-22.41187,False
345,11.25,50,78.37753,27.76021,-22.61735,False
346,11.25,50,77.54303,27.76021,-22.8083,False
347,11.25,50,76.70535,27.76021,-22.98465,False
348,11.25,50,75.86472,27.76021,-23.14636,False
349,11.25,50,75.0214,27.76021,-23.29337,False
350,11.25,50,74.17564,27.76021,-23.42564,False
351,11.25,50,73.32767,27.76021,-23.54314,False
352,11.25,50,72.47781,27.76021,-23.64581,False
353,11.25,50,71.62629,27.76021,-23.73364,False
354,11.25,50,70.77336,27.76021,-23.80659,False
355,11.25,50,69.91929,27.76021,-23.86464,False
356,11.25,50,69.06432,27.76021,-23.90778,False
357,11.25,50,68.20874,27.76021,-23.93599,False
358,11.25,50,67.3528,27.76021,-23.94927,False
359,11.25,50,66.49676,27.76021,-23.94761,False
0,5.625,24.87515,66.33393,20.46777,0.35,True
1,5.625,24.89099,65.90141,20.46931,0.35,True
2,5.625,24.91444,65.46821,20.47159,0.35,True
3,5.625,24.94554,65.03406,20.47461,0.35,True
4,5.625,24.98434,64.59869,20.47838,0.35,True
5,5.625,25.03089,64.16182,20.4829,0.35,True
6,5.625,25.08528,63.7232,20.48818,0.35,True
7,5.625,25.14758,63.28253,20.49423,0.35,True
8,5.625,50,58.73119,22.90778,-23.97042,False
9,5.625,50,57.87608,22.90778,-23.81828,False
10,5.625,50,57.02377,22.90778,-23.65125,False
11,5.625,50,56.1745,22.90778,-23.46936,False
12,5.625,50,55.32853,22.90778,-23.27269,False
13,5.625,50,54.48612,22.90778,-23.06127,False
14,5.625,50,53.64754,22.90778,-22.83519,False
15,5.625,50,52.81302,22.90778,-22.5945,False
16,5.625,50,51.98284,22.90778,-22.33929,False
17,5.625,50,51.15723,22.90778,-22.06963,False
18,5.625,50,50.33646,22.90778,-21.7856,False
19,5.625,50,49.52077,22.90778,-21.48729,False
20,5.625,50,48.7104,22.90778,-21.17479,False
21,5.625,50,47.90562,22.90778,-20.84819,False
22,5.625,50,47.10666,22.90778,-20.5076,False
23,5.625,50,46.31377,22.90778,-20.15312,False
24,5.625,50,45.52718,22.90778,-19.78485,False
25,5.625,50,44.74713,22.90778,-19.40291,False
26,5.625,50,43.97388,22.90778,-19.00742,False
27,5.625,50,43.20764,22.90778,-18.59849,False
28,5.625,50,42.44866,22.90778,-18.17625,False
29,5.625,50,41.69716,22.90778,-17.74083,False
30,5.625,50,40.95337,22.90778,-17.29235,False
31,5.625,50,40.21753,22.90778,-16.83097,False
32,5.625,50,39.48985,22.90778,-16.35682,False
33,5.625,50,38.77055,22.90778,-15.87003,False
34,5.625,50,38.05987,22.90778,-15.37077,False
35,5.625,50,37.358,22.90778,-14.85918,False
36,5.625,50,36.66516,22.90778,-14.33542,False
37,5.625,50,35.98158,22.90778,-13.79965,False
38,5.625,50,35.30745,22.90778,-13.25203,False
39,5.625,50,34.64297,22.90778,-12.69272,False
40,5.625,50,33.98837,22.90778,-12.12191,False
41,5.625,50,33.34382,22.90778,-11.53975,False
42,5.625,50,32.70953,22.90778,-10.94645,False
43,5.625,50,32.08569,22.90778,-10.34215,False
44,5.625,50,31.4725,22.90778,-9.727062,False
45,5.625,50,30.87012,22.90778,-9.101368,False
46,5.625,50,30.27877,22.90778,-8.465256,False
47,5.625,50,29.6986,22.90778,-7.81892,False
48,5.625,50,29.12981,22.90778,-7.162552,False
49,5.625,50,28.57256,22.90778,-6.496365,False
50,5.625,50,28.02701,22.90778,-5.820549,False
51,5.625,50,27.49335,22.90778,-5.135315,False
52,5.625,50,26.97172,22.90778,-4.440874,False
53,5.625,50,26.4623,22.90778,-3.737434,False
54,5.625,50,25.96523,22.90778,-3.025213,False
55,5.625,50,25.48066,22.90778,-2.304426,False
56,5.625,50,25.00875,22.90778,-1.575285,False
57,5.625,50,24.54963,22.90778,-0.838026,False
58,5.625,50,24.10345,22.90778,-0.09286499,False
59,5.625,50,23.67035,22.90778,0.6599731,False
60,5.625,50,23.25045,22.90778,1.420254,False
61,5.625,50,22.84388,22.90778,2.187746,False
62,5.625,50,22.45076,22.90778,2.962219,False
63,5.625,50,22.07123,22.90778,3.743431,False
64,5.625,50,21.70538,22.90778,4.531151,False
65,5.625,50,21.35334,22.90778,5.325136,False
66,5.625,50,21.01522,22.90778,6.125137,False
67,5.625,50,20.6911,22.90778,6.930925,False
68,5.625,50,20.3811,22.90778,7.742241,False
69,5.625,50,20.0853,22.90778,8.558849,False
70,5.625,50,19.80379,22.90778,9.380499,False
71,5.625,50,19.53667,22.90778,10.20693,False
72,5.625,50,19.28402,22.90778,11.03789,False
73,5.625,50,19.04591,22.90778,11.87314,False
74,5.625,50,18.82241,22.90778,12.71242,False
75,5.625,50,18.61359,22.90778,13.55548,False
76,5.625,50,18.41951,22.90778,14.40205,False
77,5.625,50,18.24025,22.90778,15.25188,False
78,5.625,50,18.07584,22.90778,16.1047,False
79,5.625,50,17.92634,22.90778,16.96025,False
80,5.625,50,17.79179,22.90778,17.8183,False
81,5.625,50,17.67224,22.90778,18.67856,False
82,5.625,50,17.56772,22.90778,19.54079,False
83,5.625,50,17.47826,22.90778,20.4047,False
84,5.625,50,17.4039,22.90778,21.27004,False
85,5.625,50,17.34465,22.90778,22.13653,False
86,5.625,50,17.30053,22.90778,23.00395,False
87,5.625,50,17.27155,22.90778,23.87199,False
88,5.625,50,17.25773,22.90778,24.74042,False
89,5.625,50,17.25907,22.90778,25.60893,False
90,5.625,50,17.27557,22.90778,26.47731,False
91,5.625,50,17.30721,22.90778,27.34526,False
92,5.625,50,17.354,22.90778,28.21253,False
93,5.625,50,17.41592,22.90778,29.07884,False
94,5.625,50,17.49295,22.90778,29.94396,False
95,5.625,50,17.58507,22.90778,30.80758,False
96,5.625,50,17.69224,22.90778,31.66949,False
97,5.625,50,17.81444,22.90778,32.52937,False
98,5.625,50,17.95163,22.90778,33.38699,False
99,5.625,50,18.10377,22.90778,34.24209,False
100,5.625,50,18.27079,22.90778,35.09441,False
101,5.625,50,18.45269,22.90778,35.94367,False
102,5.625,50,18.64936,22.90778,36.78964,False
103,5.625,50,18.86077,22.90778,37.63205,False
104,5.625,50,19.08686,22.90778,38.47063,False
105,5.625,50,19.32755,22.90778,39.30515,False
106,5.625,50,19.58275,22.90778,40.13534,False
107,5.625,50,19.85242,22.90778,40.96095,False
108,5.625,50,20.13644,22.90778,41.78172,False
109,5.625,50,20.43475,22.90778,42.59741,False
110,5.625,50,20.74725,22.90778,43.40778,False
111,5.625,50,21.07386,22.90778,44.21255,False
112,5.625,50,21.41445,22.90778,45.01151,False
113,5.625,50,21.76892,22.90778,45.80442,False
114,5.625,50,22.1372,22.90778,46.591,False
115,5.625,50,22.51913,22.90778,47.37105,False
116,5.625,50,22.91463,22.90778,48.14429,False
117,5.625,50,23.32355,22.90778,48.91053,False
118,5.625,50,23.7458,22.90778,49.66952,False
119,5.625,50,24.18122,22.90778,50.42101,False
120,5.625,50,24.62969,22.90778,51.1648,False
121,5.625,50,25.09108,22.90778,51.90064,False
122,5.625,50,25.56523,22.90778,52.62833,False
123,5.625,50,26.05201,22.90778,53.34763,False
124,5.625,50,26.55127,22.90778,54.05831,False
125,5.625,50,27.06287,22.90778,54.76018,False
126,5.625,50,27.58662,22.90778,55.45302,False
127,5.625,50,28.1224,22.90778,56.13659,False
128,5.625,50,28.67002,22.90778,56.81072,False
129,5.625,50,29.22932,22.90778,57.4752,False
130,5.625,50,29.80014,22.90778,58.12981,False
131,5.625,50,30.38229,22.90778,58.77436,False
132,5.625,50,30.97561,22.90778,59.40865,False
133,5.625,50,31.5799,22.90778,60.03248,False
134,5.625,50,32.19498,22.90778,60.64568,False
135,5.625,50,32.82068,22.90778,61.24804,False
136,5.625,50,33.45679,22.90778,61.83941,False
137,5.625,50,34.10313,22.90778,62.41957,False
138,5.625,50,34.75949,22.90778,62.98835,False
139,5.625,50,35.42569,22.90778,63.54562,False
140,5.625,50,36.1015,22.90778,64.09116,False
141,5.625,50,36.78672,22.90778,64.62482,False
142,5.625,50,37.48117,22.90778,65.14645,False
143,5.625,50,38.18461,22.90778,65.65588,False
144,5.625,50,38.89684,22.90778,66.15295,False
145,5.625,50,39.61762,22.90778,66.63751,False
146,5.625,50,40.34676,22.90778,67.10943,False
147,5.625,50,41.08402,22.90778,67.56854,False
148,5.625,50,41.82919,22.90778,68.01472,False
149,5.625,50,42.58202,22.90778,68.44783,False
150,5.625,50,43.3423,22.90778,68.86773,False
151,5.625,50,44.1098,22.90778,69.2743,False
152,5.625,50,44.88426,22.90778,69.6674,False
153,5.625,50,45.66547,22.90778,70.04694,False
154,5.625,50,46.4532,22.90778,70.41279,False
155,5.625,50,47.24718,22.90778,70.76483,False
156,5.625,50,48.04719,22.90778,71.10297,False
157,5.625,50,48.85297,22.90778,71.42708,False
158,5.625,50,49.66428,22.90778,71.73708,False
159,5.625,50,50.4809,22.90778,72.03287,False
160,5.625,50,51.30254,22.90778,72.31438,False
161,5.625,50,52.12898,22.90778,72.5815,False
162,5.625,50,52.95994,22.90778,72.83415,False
163,5.625,50,53.79519,22.90778,73.07227,False
164,5.625,50,54.63447,22.90778,73.29576,False
165,5.625,50,55.47752,22.90778,73.50458,False
166,5.625,50,56.3241,22.90778,73.69865,False
167,5.625,50,57.17392,22.90778,73.87793,False
168,5.625,50,58.02675,22.90778,74.04234,False
169,5.625,50,58.88231,22.90778,74.19183,False
170,5.625,50,59.74035,22.90778,74.32639,False
171,5.625,50,60.60062,22.90778,74.44592,False
172,5.625,50,61.46283,22.90778,74.55046,False
173,5.625,50,62.32674,22.90778,74.63991,False
174,5.625,50,63.19208,22.90778,74.71428,False
175,5.625,50,64.05858,22.90778,74.77353,False
176,5.625,50,64.92599,22.90778,74.81764,False
177,5.625,50,65.79404,22.90778,74.84663,False
178,5.625,50,66.66246,22.90778,74.86044,False
179,5.625,50,67.53098,22.90778,74.85911,False
180,5.625,50,68.39936,22.90778,74.84261,False
181,5.625,50,69.26731,22.90778,74.81097,False
182,5.625,50,70.13457,22.90778,74.76418,False
183,5.625,50,71.0009,22.90778,74.70226,False
184,5.625,50,71.866,22.90778,74.62523,False
185,5.625,50,72.72964,22.90778,74.53311,False
186,5.625,50,73.59152,22.90778,74.42593,False
187,5.625,50,74.45141,22.90778,74.30374,False
188,5.625,50,75.30904,22.90778,74.16655,False
189,5.625,50,76.16414,22.90778,74.0144,False
190,5.625,50,77.01646,22.90778,73.84738,False
191,5.625,50,77.86572,22.90778,73.66549,False
192,5.625,50,78.7117,22.90778,73.46883,False
193,5.625,50,79.5541,22.90778,73.2574,False
194,5.625,50,80.39268,22.90778,73.03132,False
195,5.625,50,81.2272,22.90778,72.79064,False
196,5.625,50,82.05738,22.90778,72.53542,False
197,5.625,50,82.883,22.90778,72.26576,False
198,5.625,50,83.70377,22.90778,71.98174,False
199,5.625,50,84.51945,22.90778,71.68343,False
200,5.625,50,85.32982,22.90778,71.37091,False
201,5.625,50,86.1346,22.90778,71.04431,False
202,5.625,50,86.93356,22.90778,70.70372,False
203,5.625,50,87.72646,22.90778,70.34926,False
204,5.625,50,88.51304,22.90778,69.98099,False
205,5.625,50,89.29309,22.90778,69.59904,False
206,5.625,50,90.06635,22.90778,69.20354,False
207,5.625,50,90.83258,22.90778,68.79461,False
208,5.625,50,91.59156,22.90778,68.37238,False
209,5.625,50,92.34306,22.90778,67.93696,False
210,5.625,50,93.08685,22.90778,67.48848,False
211,5.625,50,93.82269,22.90778,67.02711,False
212,5.625,50,94.55037,22.90778,66.55294,False
213,5.625,50,95.26967,22.90778,66.06616,False
214,5.625,50,95.98036,22.90778,65.56689,False
215,5.625,50,96.68222,22.90778,65.0553,False
216,5.625,50,97.37505,22.90778,64.53156,False
217,5.625,50,98.05864,22.90778,63.99577,False
218,5.625,50,98.73277,22.90778,63.44816,False
219,5.625,50,99.39725,22.90778,62.88885,False
220,5.625,50,100.0518,22.90778,62.31804,False
221,5.625,50,100.6964,22.90778,61.73587,False
222,5.625,50,101.3307,22.90778,61.14257,False
223,5.625,50,101.9545,22.90778,60.53828,False
224,5.625,50,102.5677,22.90778,59.9232,False
225,5.625,50,103.1701,22.90778,59.2975,False
226,5.625,50,103.7615,22.90778,58.66139,False
227,5.625,50,104.3416,22.90778,58.01505,False
228,5.625,50,104.9104,22.90778,57.35869,False
229,5.625,50,105.4677,22.90778,56.6925,False
230,5.625,50,106.0132,22.90778,56.01667,False
231,5.625,50,106.5469,22.90778,55.33144,False
232,5.625,50,107.0685,22.90778,54.637,False
233,5.625,50,107.5779,22.90778,53.93357,False
234,5.625,50,108.075,22.90778,53.22135,False
235,5.625,50,108.5596,22.90778,52.50054,False
236,5.625,50,109.0315,22.90778,51.77141,False
237,5.625,50,109.4906,22.90778,51.03416,False
238,5.625,50,109.9368,22.90778,50.28899,False
239,5.625,50,110.3699,22.90778,49.53617,False
240,5.625,50,110.7898,22.90778,48.77586,False
241,5.625,50,111.1963,22.90778,48.00837,False
242,5.625,50,111.5895,22.90778,47.23392,False
243,5.625,50,111.969,22.90778,46.45271,False
244,5.625,50,112.3348,22.90778,45.66497,False
245,5.625,50,112.6869,22.90778,44.87099,False
246,5.625,50,113.025,22.90778,44.07098,False
247,5.625,50,113.3491,22.90778,43.26521,False
248,5.625,50,113.6591,22.90778,42.45389,False
249,5.625,50,113.9549,22.90778,41.63726,False
250,5.625,50,114.2364,22.90778,40.81562,False
251,5.625,50,114.5035,22.90778,39.9892,False
252,5.625,50,114.7562,22.90778,39.15823,False
253,5.625,50,114.9943,22.90778,38.32299,False
254,5.625,50,115.2178,22.90778,37.4837,False
255,5.625,50,115.4266,22.90778,36.64065,False
256,5.625,50,115.6207,22.90778,35.79409,False
257,5.625,50,115.8,22.90778,34.94426,False
258,5.625,50,115.9644,22.90778,34.09144,False
259,5.625,50,116.1139,22.90778,33.23586,False
260,5.625,50,116.2484,22.90778,32.37782,False
261,5.625,50,116.368,22.90778,31.51756,False
262,5.625,50,116.4725,22.90778,30.65534,False
263,5.625,50,116.562,22.90778,29.79144,False
264,5.625,50,116.6363,22.90778,28.92609,False
265,5.625,50,116.6956,22.90778,28.05959,False
266,5.625,50,116.7397,22.90778,27.19218,False
267,5.625,50,116.7687,22.90778,26.32414,False
268,5.625,50,116.7825,22.90778,25.45573,False
269,5.625,50,116.7812,22.90778,24.58718,False
270,5.625,50,116.7647,22.90778,23.71881,False
271,5.625,50,116.733,22.90778,22.85087,False
272,5.625,50,116.6862,22.90778,21.98361,False
273,5.625,50,116.6243,22.90778,21.11727,False
274,5.625,50,116.5473,22.90778,20.25216,False
275,5.625,50,116.4552,22.90778,19.38854,False
276,5.625,50,116.348,22.90778,18.52666,False
277,5.625,50,116.2258,22.90778,17.66677,False
278,5.625,50,116.0886,22.90778,16.80913,False
279,5.625,50,115.9365,22.90778,15.95403,False
280,5.625,50,115.7694,22.90778,15.10172,False
281,5.625,50,115.5875,22.90778,14.25245,False
282,5.625,50,115.3909,22.90778,13.4065,False
283,5.625,50,115.1794,22.90778,12.56407,False
284,5.625,50,114.9534,22.90778,11.72548,False
285,5.625,50,114.7127,22.90778,10.89098,False
286,5.625,50,114.4575,22.90778,10.0608,False
287,5.625,50,114.1878,22.90778,9.235192,False
288,5.625,50,113.9038,22.90778,8.4144,False
289,5.625,50,113.6055,22.90778,7.598722,False
290,5.625,50,113.293,22.90778,6.788361,False
291,5.625,50,112.9664,22.90778,5.983578,False
292,5.625,50,112.6258,22.90778,5.184622,False
293,5.625,50,112.2713,22.90778,4.39171,False
294,5.625,50,111.903,22.90778,3.605127,False
295,5.625,50,111.5211,22.90778,2.82509,False
296,5.625,50,111.1256,22.90778,2.051838,False
297,5.625,50,110.7167,22.90778,1.285604,False
298,5.625,50,110.2944,22.90778,0.5266075,False
299,5.625,50,109.859,22.90778,-0.2248878,False
300,5.625,50,109.4105,22.90778,-0.968668,False
301,5.625,50,108.9492,22.90778,-1.704512,False
302,5.625,50,108.475,22.90778,-2.432207,False
303,5.625,50,107.9882,22.90778,-3.151497,False
304,5.625,50,107.4889,22.90778,-3.862181,False
305,5.625,50,106.9774,22.90778,-4.564047,False
306,5.625,50,106.4536,22.90778,-5.256874,False
307,5.625,50,105.9178,22.90778,-5.940474,False
308,5.625,50,105.3702,22.90778,-6.614601,False
309,5.625,50,104.8109,22.90778,-7.279068,False
310,5.625,50,104.2401,22.90778,-7.933674,False
311,5.625,50,103.6579,22.90778,-8.578217,False
312,5.625,50,103.0646,22.90778,-9.212521,False
313,5.625,50,102.4603,22.90778,-9.836353,False
314,5.625,50,101.8452,22.90778,-10.44955,False
315,5.625,50,101.2195,22.90778,-11.05191,False
316,5.625,50,100.5834,22.90778,-11.64327,False
317,5.625,50,99.93709,22.90778,-12.22345,False
318,5.625,50,99.28073,22.90778,-12.79224,False
319,5.625,50,98.61454,22.90778,-13.34949,False
320,5.625,50,97.93873,22.90778,-13.89503,False
321,5.625,50,97.2535,22.90778,-14.42869,False
322,5.625,50,96.55905,22.90778,-14.95033,False
323,5.625,50,95.85561,22.90778,-15.45975,False
324,5.625,50,95.14339,22.90778,-15.95682,False
325,5.625,50,94.42261,22.90778,-16.44138,False
326,5.625,50,93.69347,22.90778,-16.91329,False
327,5.625,50,92.95619,22.90778,-17.37242,False
328,5.625,50,92.21103,22.90778,-17.8186,False
329,5.625,50,91.45821,22.90778,-18.2517,False
330,5.625,50,90.69793,22.90778,-18.6716,False
331,5.625,50,89.93042,22.90778,-19.07817,False
332,5.625,50,89.15595,22.90778,-19.47129,False
333,5.625,50,88.37474,22.90778,-19.85082,False
334,5.625,50,87.58704,22.90778,-20.21666,False
335,5.625,50,86.79305,22.90778,-20.5687,False
336,5.625,50,85.99303,22.90778,-20.90684,False
337,5.625,50,85.18725,22.90778,-21.23095,False
338,5.625,50,84.37593,22.90778,-21.54095,False
339,5.625,50,83.55933,22.90778,-21.83675,False
340,5.625,50,82.73769,22.90778,-22.11825,False
341,5.625,50,81.91124,22.90778,-22.38537,False
342,5.625,50,81.08028,22.90778,-22.63802,False
343,5.625,50,80.24503,22.90778,-22.87614,False
344,5.625,50,79.40575,22.90778,-23.09964,False
345,5.625,50,78.56271,22.90778,-23.30845,False
346,5.625,50,77.71613,22.90778,-23.50253,False
347,5.625,50,76.8663,22.90778,-23.6818,False
348,5.625,50,76.01348,22.90778,-23.84621,False
349,5.625,25.2049,71.12236,20.4998,0.35,True
350,5.625,25.13601,70.67979,20.4931,0.35,True
351,5.625,25.07511,70.2395,20.48719,0.35,True
352,5.625,25.02211,69.80121,20.48204,0.35,True
353,5.625,24.97693,69.36463,20.47766,0.35,True
354,5.625,24.9395,68.9295,20.47402,0.35,True
355,5.625,24.90975,68.49554,20.47113,0.35,True
356,5.625,24.88765,68.06246,20.46899,0.35,True
357,5.625,24.87315,67.63004,20.46758,0.35,True
358,5.625,24.86624,67.19798,20.46691,0.35,True
359,5.625,24.86691,66.76604,20.46697,0.35,True
0,0,24.75749,66.33717,18.03051,0.35,True
1,0,24.7732,65.90466,18.03049,0.35,True
2,0,24.79648,65.47147,18.03047,0.35,True
3,0,24.82738,65.03732,18.03045,0.35,True
4,0,24.86593,64.60196,18.03041,0.35,True
5,0,24.91221,64.16511,18.03037,0.35,True
6,0,24.96628,63.7265,18.03033,0.35,True
7,0,25.02822,63.28584,18.03027,0.35,True
8,0,25.09814,62.84286,18.03021,0.35,True
9,0,25.17614,62.39726,18.03014,0.35,True
10,0,25.26234,61.94875,18.03007,0.35,True
11,0,25.35689,61.49701,18.02999,0.35,True
12,0,25.45993,61.04175,18.0299,0.35,True
13,0,25.57163,60.58262,18.0298,0.35,True
14,0,25.69218,60.11931,18.0297,0.35,True
15,0,25.82178,59.65147,18.02958,0.35,True
16,0,25.96063,59.17873,18.02946,0.35,True
17,0,26.10898,58.70074,18.02933,0.35,True
18,0,26.26709,58.21711,18.0292,0.35,True
19,0,26.43522,57.72744,18.02905,0.35,True
20,0,26.61368,57.2313,18.0289,0.35,True
21,0,26.80279,56.72826,18.02873,0.35,True
22,0,27.00288,56.21787,18.02856,0.35,True
23,0,27.21434,55.69965,18.02837,0.35,True
24,0,27.43756,55.17307,18.02818,0.35,True
25,0,27.67297,54.63763,18.02798,0.35,True
26,0,27.92103,54.09275,18.02776,0.35,True
27,0,28.18224,53.53784,18.02753,0.35,True
28,0,28.45714,52.97227,18.02729,0.35,True
29,0,28.7463,52.39539,18.02704,0.35,True
30,0,29.05033,51.80649,18.02678,0.35,True
31,0,29.3699,51.2048,18.0265,0.35,True
32,0,29.70573,50.58955,18.02621,0.35,True
33,0,30.0586,49.95986,18.0259,0.35,True
34,0,30.42933,49.31484,18.02558,0.35,True
35,0,30.81882,48.65351,18.02524,0.35,True
36,0,31.22805,47.97481,18.02489,0.35,True
37,0,31.65806,47.27763,18.02451,0.35,True
38,0,32.11,46.56077,18.02412,0.35,True
39,0,32.5851,45.82291,18.02371,0.35,True
40,0,33.0847,45.06266,18.02327,0.35,True
41,0,33.61026,44.27848,18.02282,0.35,True
42,0,34.16335,43.46874,18.02234,0.35,True
43,0,34.74572,42.63165,18.02183,0.35,True
44,0,35.35924,41.76524,18.0213,0.35,True
45,0,36.00599,40.86742,18.02073,0.35,True
46,0,36.68821,39.93584,18.02014,0.35,True
47,0,37.40841,38.96799,18.01952,0.35,True
48,0,38.1693,37.96107,18.01886,0.35,True
49,0,38.97391,36.91201,18.01816,0.35,True
50,0,39.82557,35.81742,18.01742,0.35,True
51,0,40.72795,34.67358,18.01663,0.35,True
52,0,41.68518,33.47631,18.0158,0.35,True
53,0,42.7018,32.22103,18.01492,0.35,True
54,0,43.78292,30.90258,18.01398,0.35,True
55,0,44.93425,29.5152,18.01298,0.35,True
56,0,46.16221,28.05242,18.01191,0.35,True
57,0,47.47403,26.50696,18.01077,0.35,True
58,0,48.87791,24.87059,18.00955,0.35,True
59,0,50,23.4677,18.00858,0.5382118,False
60,0,50,23.0457,18.00858,1.302048,False
61,0,50,22.6371,18.00858,2.073133,False
62,0,50,22.24202,18.00858,2.851227,False
63,0,50,21.86059,18.00858,3.636101,False
64,0,50,21.4929,18.00858,4.427513,False
65,0,50,21.13908,18.00858,5.225224,False
66,0,50,20.79924,18.00858,6.028982,False
67,0,50,20.47348,18.00858,6.838549,False
68,0,50,20.16189,18.00858,7.653683,False
69,0,50,19.86458,18.00858,8.474129,False
70,0,50,19.58163,18.00858,9.299641,False
71,0,50,19.31314,18.00858,10.12996,False
72,0,50,19.05918,18.00858,10.96484,False
73,0,50,18.81982,18.00858,11.80402,False
74,0,50,18.59515,18.00858,12.64726,False
75,0,50,18.38523,18.00858,13.49429,False
76,0,50,18.19012,18.00858,14.34486,False
77,0,50,18.00989,18.00858,15.1987,False
78,0,50,17.84459,18.00858,16.05554,False
79,0,50,17.69427,18.00858,16.91515,False
80,0,50,17.55897,18.00858,17.77725,False
81,0,50,17.43874,18.00858,18.64159,False
82,0,50,17.3336,18.00858,19.50788,False
83,0,50,17.24361,18.00858,20.37589,False
84,0,50,17.16878,18.00858,21.24533,False
85,0,50,17.10914,18.00858,22.11593,False
86,0,50,17.06469,18.00858,22.98746,False
87,0,50,17.03546,18.00858,23.85962,False
88,0,50,17.02146,18.00858,24.73217,False
89,0,50,17.02269,18.00858,25.60481,False
90,0,50,17.03915,18.00858,26.47731,False
91,0,50,17.07083,18.00858,27.34939,False
92,0,50,17.11773,18.00858,28.22078,False
93,0,50,17.17983,18.00858,29.09122,False
94,0,50,17.25711,18.00858,29.96045,False
95,0,50,17.34955,18.00858,30.82819,False
96,0,50,17.45712,18.00858,31.69419,False
97,0,50,17.57978,18.00858,32.55818,False
98,0,50,17.71752,18.00858,33.41989,False
99,0,50,17.87026,18.00858,34.27908,False
100,0,50,18.03798,18.00858,35.13546,False
101,0,50,18.22062,18.00858,35.98878,False
102,0,50,18.41811,18.00858,36.83879,False
103,0,50,18.63042,18.00858,37.68523,False
104,0,50,18.85747,18.00858,38.52783,False
105,0,50,19.09918,18.00858,39.36634,False
106,0,50,19.3555,18.00858,40.20051,False
107,0,50,19.62633,18.00858,41.03006,False
108,0,50,19.9116,18.00858,41.85478,False
109,0,50,20.21122,18.00858,42.67438,False
110,0,50,20.5251,18.00858,43.48863,False
111,0,50,20.85314,18.00858,44.29728,False
112,0,50,21.19525,18.00858,45.10007,False
113,0,50,21.55131,18.00858,45.89679,False
114,0,50,21.92122,18.00858,46.68716,False
115,0,50,22.30487,18.00858,47.47096,False
116,0,50,22.70214,18.00858,48.24794,False
117,0,50,23.11291,18.00858,49.01786,False
118,0,50,23.53706,18.00858,49.78051,False
119,0,50,23.97445,18.00858,50.53563,False
120,0,50,24.42495,18.00858,51.28301,False
121,0,50,24.88843,18.00858,52.02241,False
122,0,50,25.36474,18.00858,52.75361,False
123,0,50,25.85374,18.00858,53.47639,False
124,0,50,26.35528,18.00858,54.19051,False
125,0,50,26.86921,18.00858,54.89579,False
126,0,50,27.39536,18.00858,55.59197,False
127,0,50,27.9336,18.00858,56.27887,False
128,0,50,28.48372,18.00858,56.95628,False
129,0,50,29.04559,18.00858,57.62398,False
130,0,50,29.61904,18.00858,58.28178,False
131,0,50,30.20386,18.00858,58.92946,False
132,0,50,30.79992,18.00858,59.56684,False
133,0,50,31.40699,18.00858,60.19372,False
134,0,50,32.02492,18.00858,60.80989,False
135,0,50,32.65351,18.00858,61.41521,False
136,0,50,33.29256,18.00858,62.00947,False
137,0,50,33.94189,18.00858,62.59247,False
138,0,50,34.6013,18.00858,63.16405,False
139,0,50,35.27058,18.00858,63.72404,False
140,0,50,35.94953,18.00858,64.27226,False
141,0,50,36.63794,18.00858,64.80856,False
142,0,50,37.33562,18.00858,65.33275,False
143,0,50,38.04233,18.00858,65.8447,False
144,0,50,38.75787,18.00858,66.34422,False
145,0,50,39.48203,18.00858,66.83118,False
146,0,50,40.21455,18.00858,67.30542,False
147,0,50,40.95527,18.00858,67.76682,False
148,0,50,41.7039,18.00858,68.21521,False
149,0,50,42.46026,18.00858,68.65047,False
150,0,50,43.22409,18.00858,69.07246,False
151,0,50,43.99518,18.00858,69.48107,False
152,0,50,44.77327,18.00858,69.87615,False
153,0,50,45.55814,18.00858,70.25759,False
154,0,50,46.34956,18.00858,70.62527,False
155,0,50,47.14726,18.00858,70.9791,False
156,0,50,47.95103,18.00858,71.31894,False
157,0,50,48.7606,18.00858,71.6447,False
158,0,50,49.57572,18.00858,71.95628,False
159,0,50,50.39618,18.00858,72.25359,False
160,0,50,51.22168,18.00858,72.53653,False
161,0,50,52.05201,18.00858,72.80504,False
162,0,50,52.88689,18.00858,73.059,False
163,0,50,53.72607,18.00858,73.29836,False
164,0,50,54.56931,18.00858,73.52302,False
165,0,50,55.41633,18.00858,73.73294,False
166,0,50,56.2669,18.00858,73.92805,False
167,0,50,57.12074,18.00858,74.10828,False
168,0,50,57.9776,18.00858,74.27359,False
169,0,50,58.8372,18.00858,74.42391,False
170,0,50,59.6993,18.00858,74.55921,False
171,0,50,60.56364,18.00858,74.67943,False
172,0,50,61.42993,18.00858,74.78458,False
173,0,50,62.29794,18.00858,74.87456,False
174,0,50,63.16737,18.00858,74.94939,False
175,0,50,64.03798,18.00858,75.00905,False
176,0,50,64.9095,18.00858,75.05349,False
177,0,50,65.78166,18.00858,75.08272,False
178,0,50,66.65421,18.00858,75.09671,False
179,0,50,67.52686,18.00858,75.09548,False
180,0,50,68.39936,18.00858,75.07903,False
181,0,50,69.27144,18.00858,75.04734,False
182,0,50,70.14282,18.00858,75.00044,False
183,0,50,71.01328,18.00858,74.93835,False
184,0,50,71.88249,18.00858,74.86107,False
185,0,50,72.75024,18.00858,74.76863,False
186,0,50,73.61623,18.00858,74.66106,False
187,0,50,74.48022,18.00858,74.53839,False
188,0,50,75.34194,18.00858,74.40067,False
189,0,50,76.20112,18.00858,74.24791,False
190,0,50,77.05751,18.00858,74.0802,False
191,0,50,77.91084,18.00858,73.89757,False
192,0,50,78.76085,18.00858,73.70006,False
193,0,50,79.60728,18.00858,73.48776,False
194,0,50,80.44987,18.00858,73.26071,False
195,0,50,81.28839,18.00858,73.019,False
196,0,50,82.12254,18.00858,72.76267,False
197,0,50,82.95212,18.00858,72.49184,False
198,0,50,83.77682,18.00858,72.20657,False
199,0,50,84.59642,18.00858,71.90697,False
200,0,50,85.41068,18.00858,71.59307,False
201,0,50,86.21932,18.00858,71.26503,False
202,0,50,87.02213,18.00858,70.92293,False
203,0,50,87.81883,18.00858,70.56687,False
204,0,50,88.6092,18.00858,70.19696,False
205,0,50,89.39301,18.00858,69.81331,False
206,0,50,90.16998,18.00858,69.41603,False
207,0,50,90.93991,18.00858,69.00526,False
208,0,50,91.70255,18.00858,68.58112,False
209,0,50,92.45769,18.00858,68.14372,False
210,0,50,93.20506,18.00858,67.69322,False
211,0,50,93.94445,18.00858,67.22975,False
212,0,50,94.67565,18.00858,66.75343,False
213,0,50,95.39842,18.00858,66.26443,False
214,0,50,96.11256,18.00858,65.76289,False
215,0,50,96.81783,18.00858,65.24896,False
216,0,50,97.51402,18.00858,64.72282,False
217,0,50,98.20092,18.00858,64.18459,False
218,0,50,98.87833,18.00858,63.63446,False
219,0,50,99.54603,18.00858,63.07258,False
220,0,49.16553,99.65,18.0093,61.87494,True
221,0,48.22428,99.65,18.01012,60.6068,True
222,0,47.33255,99.65,18.01089,59.38595,True
223,0,46.48709,99.65,18.01163,58.20907,True
224,0,45.68498,99.65,18.01233,57.07315,True
225,0,44.92354,99.65,18.01299,55.97546,True
226,0,44.20029,99.65,18.01361,54.91341,True
227,0,43.51302,99.65,18.01421,53.88473,True
228,0,42.85965,99.65,18.01478,52.88724,True
229,0,42.23828,99.65,18.01532,51.91897,True
230,0,41.64717,99.65,18.01583,50.97808,True
231,0,41.08473,99.65,18.01632,50.06292,True
232,0,40.54947,99.65,18.01679,49.17186,True
233,0,40.04001,99.65,18.01723,48.30347,True
234,0,39.55509,99.65,18.01765,47.45638,True
235,0,39.09353,99.65,18.01805,46.62928,True
236,0,38.65427,99.65,18.01843,45.82104,True
237,0,38.23629,99.65,18.0188,45.03052,True
238,0,37.83865,99.65,18.01914,44.25668,True
239,0,37.4605,99.65,18.01947,43.49856,True
240,0,37.10101,99.65,18.01978,42.75518,True
241,0,36.75945,99.65,18.02008,42.02573,True
242,0,36.43512,99.65,18.02036,41.30938,True
243,0,36.12737,99.65,18.02063,40.60535,True
244,0,35.83559,99.64999,18.02088,39.91289,True
245,0,35.55924,99.64999,18.02112,39.23133,True
246,0,35.29779,99.64999,18.02135,38.56,True
247,0,35.05075,99.65,18.02156,37.89826,True
248,0,34.81769,99.65,18.02177,37.24554,True
249,0,34.59816,99.65,18.02196,36.60121,True
250,0,34.3918,99.65,18.02214,35.96479,True
251,0,34.19825,99.65,18.0223,35.33573,True
252,0,34.01716,99.65,18.02246,34.71352,True
253,0,33.84824,99.65,18.02261,34.09767,True
254,0,33.69119,99.65,18.02275,33.48771,True
255,0,33.54578,99.65,18.02287,32.88322,True
256,0,33.41174,99.65,18.02299,32.28374,True
257,0,33.28887,99.65,18.02309,31.68885,True
258,0,33.17697,99.65,18.02319,31.09814,True
259,0,33.07586,99.65,18.02328,30.5112,True
260,0,32.98538,99.65,18.02336,29.92766,True
261,0,32.9054,99.65,18.02343,29.34712,True
262,0,32.83577,99.65,18.02349,28.76923,True
263,0,32.77641,99.65,18.02354,28.1936,True
264,0,32.7272,99.65,18.02358,27.61985,True
265,0,32.68809,99.65,18.02362,27.04767,True
266,0,32.65901,99.65,18.02364,26.47668,True
267,0,32.63992,99.65,18.02366,25.90652,True
268,0,32.63078,99.65,18.02367,25.33687,True
269,0,32.63158,99.65,18.02367,24.76734,True
270,0,32.64233,99.65,18.02366,24.19763,True
271,0,32.66303,99.65,18.02364,23.62737,True
272,0,32.69373,99.65,18.02361,23.05621,True
273,0,32.73446,99.65,18.02358,22.48378,True
274,0,32.7853,99.65,18.02353,21.90977,True
275,0,32.84631,99.65,18.02348,21.3338,True
276,0,32.9176,99.65,18.02342,20.7555,True
277,0,32.99927,99.65,18.02335,20.17451,True
278,0,33.09145,99.65,18.02327,19.59043,True
279,0,33.1943,99.65,18.02318,19.00292,True
280,0,33.30795,99.65,18.02308,18.41156,True
281,0,33.43261,99.65,18.02297,17.81596,True
282,0,33.56847,99.65,18.02285,17.2157,True
283,0,33.71576,99.65,18.02272,16.61034,True
284,0,33.87469,99.65,18.02259,15.99948,True
285,0,34.04556,99.65,18.02244,15.38264,True
286,0,34.22864,99.65,18.02228,14.75935,True
287,0,34.42424,99.65,18.02211,14.12914,True
288,0,34.6327,99.65,18.02193,13.49146,True
289,0,34.85438,99.65,18.02173,12.84583,True
290,0,35.08968,99.65,18.02153,12.19169,True
291,0,35.33901,99.65,18.02131,11.52845,True
292,0,35.60282,99.65,18.02108,10.85551,True
293,0,35.88163,99.65,18.02084,10.17222,True
294,0,36.17594,99.65,18.02059,9.477949,True
295,0,36.48632,99.65,18.02032,8.771975,True
296,0,36.81339,99.65,18.02003,8.053562,True
297,0,37.15779,99.65,18.01973,7.321932,True
298,0,37.52025,99.65,18.01942,6.576231,True
299,0,37.90149,99.65,18.01909,5.81563,True
300,0,38.30235,99.65,18.01874,5.039168,True
301,0,38.7237,99.65,18.01837,4.245866,True
302,0,39.1665,99.65,18.01799,3.434641,True
303,0,39.63174,99.65,18.01758,2.604418,True
304,0,40.12054,99.65,18.01716,1.753965,True
305,0,40.63407,99.65,18.01671,0.8820171,True
306,0,40.57872,99.17854,18.01676,0.35,True
307,0,39.68476,98.04288,18.01754,0.35,True
308,0,38.84095,96.9559,18.01827,0.35,True
309,0,38.04361,95.91386,18.01896,0.35,True
310,0,37.28949,94.91345,18.01962,0.35,True
311,0,36.57561,93.95164,18.02024,0.35,True
312,0,35.89925,93.02567,18.02083,0.35,True
313,0,35.25803,92.13307,18.02139,0.35,True
314,0,34.64967,91.27155,18.02191,0.35,True
315,0,34.07215,90.43899,18.02242,0.35,True
316,0,33.52362,89.6335,18.02289,0.35,True
317,0,33.00234,88.85328,18.02334,0.35,True
318,0,32.50679,88.09674,18.02378,0.35,True
319,0,32.03552,87.36237,18.02419,0.35,True
320,0,31.58721,86.64877,18.02457,0.35,True
321,0,31.16062,85.95466,18.02494,0.35,True
322,0,30.75464,85.27882,18.0253,0.35,True
323,0,30.36824,84.62019,18.02563,0.35,True
324,0,30.00046,83.97771,18.02595,0.35,True
325,0,29.6504,83.35042,18.02626,0.35,True
326,0,29.31725,82.73741,18.02655,0.35,True
327,0,29.00022,82.13783,18.02682,0.35,True
328,0,28.69864,81.55092,18.02708,0.35,True
329,0,28.41183,80.97592,18.02733,0.35,True
330,0,28.13917,80.41212,18.02757,0.35,True
331,0,27.88011,79.85886,18.0278,0.35,True
332,0,27.63412,79.31554,18.02801,0.35,True
333,0,27.40071,78.78157,18.02821,0.35,True
334,0,27.17942,78.25639,18.0284,0.35,True
335,0,26.96983,77.73946,18.02859,0.35,True
336,0,26.77153,77.23027,18.02876,0.35,True
337,0,26.58416,76.72839,18.02892,0.35,True
338,0,26.40739,76.23332,18.02907,0.35,True
339,0,26.2409,75.74465,18.02922,0.35,True
340,0,26.08439,75.26196,18.02936,0.35,True
341,0,25.93758,74.78484,18.02948,0.35,True
342,0,25.80024,74.31292,18.0296,0.35,True
343,0,25.67212,73.84583,18.02971,0.35,True
344,0,25.55301,73.38322,18.02982,0.35,True
345,0,25.44272,72.92474,18.02991,0.35,True
346,0,25.34105,72.47006,18.03,0.35,True
347,0,25.24787,72.01887,18.03008,0.35,True
348,0,25.163,71.57085,18.03016,0.35,True
349,0,25.08631,71.12569,18.03022,0.35,True
350,0,25.01769,70.68311,18.03028,0.35,True
351,0,24.95702,70.2428,18.03033,0.35,True
352,0,24.90421,69.80449,18.03038,0.35,True
353,0,24.85919,69.3679,18.03042,0.35,True
354,0,24.82187,68.93276,18.03045,0.35,True
355,0,24.79221,68.49879,18.03048,0.35,True
356,0,24.77015,68.06571,18.0305,0.35,True
357,0,24.75567,67.63328,18.03051,0.35,True
358,0,24.74874,67.20123,18.03052,0.35,True
359,0,24.74934,66.76928,18.03052,0.35,True
0,-5.625,24.87941,66.33382,15.59283,0.35,True
1,-5.625,24.89526,65.90129,15.59126,0.35,True
2,-5.625,24.91871,65.46809,15.58894,0.35,True
3,-5.625,24.94982,65.03394,15.58587,0.35,True
4,-5.625,24.98862,64.59856,15.58203,0.35,True
5,-5.625,25.03519,64.16171,15.57743,0.35,True
6,-5.625,25.08959,63.72308,15.57205,0.35,True
7,-5.625,25.1519,63.28241,15.56589,0.35,True
8,-5.625,25.22222,62.83941,15.55894,0.35,True
9,-5.625,25.30067,62.39378,15.55119,0.35,True
10,-5.625,25.38736,61.94525,15.54262,0.35,True
11,-5.625,25.48244,61.49349,15.53322,0.35,True
12,-5.625,25.58605,61.03819,15.52298,0.35,True
13,-5.625,25.69837,60.57904,15.51188,0.35,True
14,-5.625,25.81959,60.11569,15.4999,0.35,True
15,-5.625,25.94989,59.64781,15.48702,0.35,True
16,-5.625,26.0895,59.17504,15.47322,0.35,True
17,-5.625,26.23866,58.69701,15.45847,0.35,True
18,-5.625,26.39762,58.21333,15.44276,0.35,True
19,-5.625,26.56666,57.7236,15.42605,0.35,True
20,-5.625,26.74608,57.22741,15.40832,0.35,True
21,-5.625,26.9362,56.72432,15.38952,0.35,True
22,-5.625,27.13737,56.21387,15.36964,0.35,True
23,-5.625,27.34995,55.69558,15.34863,0.35,True
24,-5.625,27.57437,55.16894,15.32644,0.35,True
25,-5.625,27.81103,54.63342,15.30305,0.35,True
26,-5.625,28.06042,54.08847,15.2784,0.35,True
27,-5.625,28.32302,53.53348,15.25245,0.35,True
28,-5.625,28.59938,52.96783,15.22513,0.35,True
29,-5.625,28.89007,52.39086,15.19639,0.35,True
30,-5.625,29.19572,51.80186,15.16618,0.35,True
31,-5.625,29.51699,51.20007,15.13443,0.35,True
32,-5.625,29.8546,50.58471,15.10106,0.35,True
33,-5.625,30.20934,49.9549,15.06599,0.35,True
34,-5.625,30.58203,49.30976,15.02915,0.35,True
35,-5.625,30.97359,48.6483,14.99045,0.35,True
36,-5.625,31.38499,47.96946,14.94979,0.35,True
37,-5.625,31.81729,47.27214,14.90705,0.35,True
38,-5.625,32.27163,46.55511,14.86215,0.35,True
39,-5.625,32.74926,45.81709,14.81494,0.35,True
40,-5.625,33.25151,45.05665,14.76529,0.35,True
41,-5.625,33.77986,44.27228,14.71307,0.35,True
42,-5.625,34.3359,43.46233,14.6581,0.35,True
43,-5.625,34.92137,42.62502,14.60023,0.35,True
44,-5.625,35.53816,41.75838,14.53927,0.35,True
45,-5.625,36.18836,40.8603,14.475,0.35,True
46,-5.625,36.87423,39.92846,14.4072,0.35,True
47,-5.625,37.59827,38.96032,14.33564,0.35,True
48,-5.625,38.36324,37.95308,14.26002,0.35,True
49,-5.625,39.17217,36.90367,14.18007,0.35,True
50,-5.625,40.0284,35.80872,14.09543,0.35,True
51,-5.625,40.93564,34.66447,14.00576,0.35,True
52,-5.625,41.89802,33.46678,13.91063,0.35,True
53,-5.625,42.92013,32.21102,13.8096,0.35,True
54,-5.625,44.00709,30.89206,13.70216,0.35,True
55,-5.625,45.16465,29.50412,13.58774,0.35,True
56,-5.625,46.39928,28.04072,13.46571,0.35,True
57,-5.625,47.71825,26.49459,13.33533,0.35,True
58,-5.625,49.1298,24.85748,13.19581,0.35,True
59,-5.625,50,23.67765,13.10979,0.66436,False
60,-5.625,50,23.25782,13.10979,1.424511,False
61,-5.625,50,22.85133,13.10979,2.191874,False
62,-5.625,50,22.45828,13.10979,2.966217,False
63,-5.625,50,22.07882,13.10979,3.747295,False
64,-5.625,50,21.71304,13.10979,4.534883,False
65,-5.625,50,21.36106,13.10979,5.328735,False
66,-5.625,50,21.023,13.10979,6.128601,False
67,-5.625,50,20.69894,13.10979,6.934252,False
68,-5.625,50,20.38899,13.10979,7.745432,False
69,-5.625,50,20.09325,13.10979,8.561901,False
70,-5.625,50,19.81179,13.10979,9.383411,False
71,-5.625,50,19.54472,13.10979,10.2097,False
72,-5.625,50,19.29213,13.10979,11.04052,False
73,-5.625,50,19.05405,13.10979,11.87563,False
74,-5.625,50,18.8306,13.10979,12.71477,False
75,-5.625,50,18.62182,13.10979,13.55769,False
76,-5.625,50,18.42778,13.10979,14.40411,False
77,-5.625,50,18.24855,13.10979,15.2538,False
78,-5.625,50,18.08417,13.10979,16.10647,False
79,-5.625,50,17.9347,13.10979,16.96188,False
80,-5.625,50,17.80018,13.10979,17.81978,False
81,-5.625,50,17.68066,13.10979,18.6799,False
82,-5.625,50,17.57615,13.10979,19.54198,False
83,-5.625,50,17.48671,13.10979,20.40574,False
84,-5.625,50,17.41236,13.10979,21.27093,False
85,-5.625,50,17.35314,13.10979,22.13728,False
86,-5.625,50,17.30902,13.10979,23.00454,False
87,-5.625,50,17.28006,13.10979,23.87244,False
88,-5.625,50,17.26624,13.10979,24.74072,False
89,-5.625,50,17.26758,13.10979,25.60908,False
90,-5.625,50,17.28408,13.10979,26.47731,False
91,-5.625,50,17.31573,13.10979,27.34511,False
92,-5.625,50,17.36251,13.10979,28.21223,False
93,-5.625,50,17.42442,13.10979,29.0784,False
94,-5.625,50,17.50145,13.10979,29.94336,False
95,-5.625,50,17.59355,13.10979,30.80684,False
96,-5.625,50,17.70071,13.10979,31.6686,False
97,-5.625,50,17.82289,13.10979,32.52833,False
98,-5.625,50,17.96006,13.10979,33.3858,False
99,-5.625,50,18.11218,13.10979,34.24076,False
100,-5.625,50,18.27919,13.10979,35.09293,False
101,-5.625,46.37648,21.98014,13.46796,35.15618,True
102,-5.625,45.04674,23.44873,13.5994,35.62982,True
103,-5.625,43.9957,24.65134,13.70329,36.12521,True
104,-5.625,43.05401,25.75285,13.79637,36.61114,True
105,-5.625,42.24957,26.72726,13.87588,37.10106,True
106,-5.625,41.45021,27.70114,13.9549,37.56208,True
107,-5.625,40.72596,28.60776,14.02648,38.01665,True
108,-5.625,40.08176,29.44302,14.09016,38.47015,True
109,-5.625,39.48717,30.236,14.14893,38.91587,True
110,-5.625,38.94235,30.98687,14.20278,39.35625,True
111,-5.625,38.46654,31.67836,14.24981,39.80108,True
112,-5.625,38.09039,32.28338,14.28699,40.26585,True
113,-5.625,37.75823,32.85394,14.31983,40.73225,True
114,-5.625,37.49057,33.37223,14.34628,41.21111,True
115,-5.625,37.25709,33.86634,14.36936,41.69191,True
116,-5.625,37.09636,34.30274,14.38525,42.19392,True
117,-5.625,37.00777,34.68349,14.394,42.72013,True
118,-5.625,36.94099,35.05376,14.40061,43.24899,True
119,-5.625,36.92692,35.38745,14.402,43.79698,True
120,-5.625,36.95913,35.69131,14.39881,44.363,True
121,-5.625,37.0484,35.95745,14.38999,44.95467,True
122,-5.625,37.1605,36.2158,14.37891,45.55548,True
123,-5.625,37.3344,36.43506,14.36172,46.1882,True
124,-5.625,37.53159,36.64822,14.34223,46.83296,True
125,-5.625,37.81768,36.80359,14.31395,47.52942,True
126,-5.625,38.117,36.96365,14.28436,48.23503,True
127,-5.625,38.49734,37.07619,14.24677,48.99213,True
128,-5.625,38.87501,37.20813,14.20944,49.75059,True
129,-5.625,39.34689,37.28632,14.1628,50.57263,True
130,-5.625,39.83314,37.37355,14.11473,51.40886,True
131,-5.625,40.41364,37.41196,14.05735,52.31318,True
132,-5.625,40.98307,37.48102,14.00107,53.21645,True
133,-5.625,41.62836,37.51894,13.93729,54.17847,True
134,-5.625,42.30499,37.55977,13.87041,55.16988,True
135,-5.625,43.00618,37.60956,13.8011,56.18633,True
136,-5.625,43.70612,37.68684,13.73191,57.20913,True
137,-5.625,44.43304,37.77325,13.66006,58.25868,True
138,-5.625,45.10556,37.92258,13.59358,59.27361,True
139,-5.625,45.77668,38.09947,13.52725,60.29221,True
140,-5.625,46.44291,38.30619,13.46139,61.31105,True
141,-5.625,47.08003,38.55738,13.39842,62.31025,True
142,-5.625,47.7315,38.82636,13.33402,63.32305,True
143,-5.625,48.34642,39.1432,13.27324,64.30798,True
144,-5.625,48.95853,39.48753,13.21274,65.29105,True
145,-5.625,49.58641,39.84914,13.15068,66.28698,True
146,-5.625,50,40.35152,13.10979,67.10237,False
147,-5.625,50,41.08866,13.10979,67.5614,False
148,-5.625,50,41.8337,13.10979,68.0075,False
149,-5.625,50,42.58641,13.10979,68.44052,False
150,-5.625,50,43.34656,13.10979,68.86035,False
151,-5.625,50,44.11393,13.10979,69.26685,False
152,-5.625,50,44.88826,13.10979,69.65988,False
153,-5.625,50,45.66934,13.10979,70.03935,False
154,-5.625,50,46.45693,13.10979,70.40514,False
155,-5.625,50,47.25077,13.10979,70.75711,False
156,-5.625,50,48.05065,13.10979,71.09518,False
157,-5.625,50,48.8563,13.10979,71.41924,False
158,-5.625,50,49.66748,13.10979,71.72918,False
159,-5.625,50,50.48395,13.10979,72.02492,False
160,-5.625,50,51.30545,13.10979,72.30637,False
161,-5.625,50,52.13175,13.10979,72.57345,False
162,-5.625,50,52.96257,13.10979,72.82606,False
163,-5.625,50,53.79768,13.10979,73.06412,False
164,-5.625,50,54.63682,13.10979,73.28757,False
165,-5.625,50,55.47972,13.10979,73.49635,False
166,-5.625,50,56.32616,13.10979,73.6904,False
167,-5.625,50,57.17583,13.10979,73.86963,False
168,-5.625,50,58.02852,13.10979,74.03401,False
169,-5.625,50,58.88393,13.10979,74.18347,False
170,-5.625,50,59.74183,13.10979,74.318,False
171,-5.625,50,60.60195,13.10979,74.43752,False
172,-5.625,50,61.46402,13.10979,74.54202,False
173,-5.625,50,62.32779,13.10979,74.63146,False
174,-5.625,50,63.19297,13.10979,74.70581,False
175,-5.625,50,64.05933,13.10979,74.76505,False
176,-5.625,50,64.92659,13.10979,74.80915,False
177,-5.625,50,65.79448,13.10979,74.83812,False
178,-5.625,50,66.66276,13.10979,74.85194,False
179,-5.625,50,67.53114,13.10979,74.85059,False
180,-5.625,50,68.39936,13.10979,74.83409,False
181,-5.625,50,69.26716,13.10979,74.80244,False
182,-5.625,50,70.13428,13.10979,74.75566,False
183,-5.625,50,71.00045,13.10979,74.69376,False
184,-5.625,50,71.8654,13.10979,74.61673,False
185,-5.625,50,72.7289,13.10979,74.52463,False
186,-5.625,50,73.59063,13.10979,74.41747,False
187,-5.625,50,74.45037,13.10979,74.29529,False
188,-5.625,50,75.30785,13.10979,74.15811,False
189,-5.625,50,76.1628,13.10979,74.006,False
190,-5.625,50,77.01498,13.10979,73.83899,False
191,-5.625,50,77.8641,13.10979,73.65714,False
192,-5.625,50,78.70993,13.10979,73.46049,False
193,-5.625,50,79.55219,13.10979,73.2491,False
194,-5.625,50,80.39062,13.10979,73.02306,False
195,-5.625,50,81.225,13.10979,72.78241,False
196,-5.625,50,82.05503,13.10979,72.52724,False
197,-5.625,50,82.88051,13.10979,72.25761,False
198,-5.625,50,83.70113,13.10979,71.97363,False
199,-5.625,50,84.51668,13.10979,71.67537,False
200,-5.625,50,85.3269,13.10979,71.36292,False
201,-5.625,50,86.13155,13.10979,71.03636,False
202,-5.625,50,86.93037,13.10979,70.69583,False
203,-5.625,50,87.72313,13.10979,70.34142,False
204,-5.625,50,88.50958,13.10979,69.97321,False
205,-5.625,50,89.28949,13.10979,69.59132,False
206,-5.625,50,90.06261,13.10979,69.19589,False
207,-5.625,50,90.82872,13.10979,68.78702,False
208,-5.625,50,91.58756,13.10979,68.36485,False
209,-5.625,50,92.33894,13.10979,67.9295,False
210,-5.625,50,93.08259,13.10979,67.48111,False
211,-5.625,50,93.81831,13.10979,67.01981,False
212,-5.625,50,94.54586,13.10979,66.54572,False
213,-5.625,50,95.26503,13.10979,66.05901,False
214,-5.625,50,95.9756,13.10979,65.55983,False
215,-5.625,50,96.67734,13.10979,65.04832,False
216,-5.625,50,97.37005,13.10979,64.52466,False
217,-5.625,50,98.05351,13.10979,63.98897,False
218,-5.625,50,98.72753,13.10979,63.44145,False
219,-5.625,50,99.39189,13.10979,62.88223,False
220,-5.625,49.39991,99.65,13.16911,61.86488,True
221,-5.625,48.45443,99.65,13.26257,60.59712,True
222,-5.625,47.55868,99.65,13.35111,59.37662,True
223,-5.625,46.70941,99.65,13.43505,58.20007,True
224,-5.625,45.90369,99.65,13.51469,57.06447,True
225,-5.625,45.1388,99.65,13.5903,55.96705,True
226,-5.625,44.41228,99.65,13.66211,54.90528,True
227,-5.625,43.7219,99.65,13.73035,53.87684,True
228,-5.625,43.06557,99.65,13.79522,52.87959,True
229,-5.625,42.44139,99.65,13.85692,51.91154,True
230,-5.625,41.8476,99.65,13.91561,50.97086,True
231,-5.625,41.28261,99.65,13.97146,50.05589,True
232,-5.625,40.74492,99.65,14.02461,49.16502,True
233,-5.625,40.23315,99.65,14.07519,48.2968,True
234,-5.625,39.74603,99.65,14.12334,47.44986,True
235,-5.625,39.28238,99.65,14.16917,46.62291,True
236,-5.625,38.84113,99.65,14.21279,45.81482,True
237,-5.625,38.42126,99.65,14.25429,45.02444,True
238,-5.625,38.02182,99.65,14.29377,44.25073,True
239,-5.625,37.64196,99.65,14.33132,43.49271,True
240,-5.625,37.28083,99.65,14.36701,42.74944,True
241,-5.625,36.93773,99.65,14.40093,42.02011,True
242,-5.625,36.61194,99.65,14.43313,41.30386,True
243,-5.625,36.3028,99.65,14.46369,40.59991,True
244,-5.625,36.00971,99.64999,14.49266,39.90755,True
245,-5.625,35.73212,99.64999,14.52009,39.22607,True
246,-5.625,35.46949,99.64999,14.54605,38.55481,True
247,-5.625,35.22136,99.65,14.57058,37.89316,True
248,-5.625,34.98725,99.65,14.59372,37.24049,True
249,-5.625,34.76675,99.65,14.61552,36.59623,True
250,-5.625,34.55947,99.65,14.636,35.95987,True
251,-5.625,34.36507,99.65,14.65522,35.33086,True
252,-5.625,34.18319,99.65,14.6732,34.7087,True
253,-5.625,34.01353,99.65,14.68997,34.0929,True
254,-5.625,33.8558,99.65,14.70556,33.48299,True
255,-5.625,33.70976,99.65,14.71999,32.87853,True
256,-5.625,33.57515,99.65,14.7333,32.27909,True
257,-5.625,33.45176,99.65,14.7455,31.68424,True
258,-5.625,33.3394,99.65,14.7566,31.09356,True
259,-5.625,33.23787,99.65,14.76664,30.50665,True
260,-5.625,33.14703,99.65,14.77562,29.92313,True
261,-5.625,33.06673,99.65,14.78355,29.34262,True
262,-5.625,32.99685,99.65,14.79046,28.76474,True
263,-5.625,32.93727,99.65,14.79635,28.18912,True
264,-5.625,32.88791,99.65,14.80123,27.6154,True
265,-5.625,32.84868,99.65,14.80511,27.04322,True
266,-5.625,32.81953,99.65,14.80799,26.47223,True
267,-5.625,32.80042,99.65,14.80988,25.90209,True
268,-5.625,32.79131,99.65,14.81078,25.33244,True
269,-5.625,32.7922,99.65,14.81069,24.76291,True
270,-5.625,32.80307,99.65,14.80962,24.19319,True
271,-5.625,32.82396,99.65,14.80755,23.62292,True
272,-5.625,32.85489,99.65,14.80449,23.05176,True
273,-5.625,32.8959,99.65,14.80044,22.47932,True
274,-5.625,32.94706,99.65,14.79538,21.90529,True
275,-5.625,33.00846,99.65,14.78931,21.32931,True
276,-5.625,33.08018,99.65,14.78222,20.75099,True
277,-5.625,33.16233,99.65,14.7741,20.16997,True
278,-5.625,33.25505,99.65,14.76494,19.58587,True
279,-5.625,33.35849,99.65,14.75471,18.99833,True
280,-5.625,33.47279,99.65,14.74342,18.40695,True
281,-5.625,33.59814,99.65,14.73103,17.81131,True
282,-5.625,33.73476,99.65,14.71752,17.21102,True
283,-5.625,33.88286,99.65,14.70288,16.60561,True
284,-5.625,34.04268,99.65,14.68709,15.9947,True
285,-5.625,34.21448,99.65,14.67011,15.37781,True
286,-5.625,34.39855,99.65,14.65191,14.75448,True
287,-5.625,34.59521,99.65,14.63247,14.1242,True
288,-5.625,34.80481,99.65,14.61176,13.48646,True
289,-5.625,35.02768,99.65,14.58972,12.84078,True
290,-5.625,35.26424,99.65,14.56634,12.18656,True
291,-5.625,35.51491,99.65,14.54156,11.52325,True
292,-5.625,35.78014,99.65,14.51535,10.85023,True
293,-5.625,36.06044,99.65,14.48764,10.16686,True
294,-5.625,36.35632,99.65,14.4584,9.4725,True
295,-5.625,36.66836,99.65,14.42755,8.766433,True
296,-5.625,36.99717,99.65,14.39505,8.047922,True
297,-5.625,37.3434,99.65,14.36083,7.316186,True
298,-5.625,37.70779,99.65,14.32481,6.570371,True
299,-5.625,38.09106,99.65,14.28693,5.809646,True
300,-5.625,38.49404,99.65,14.2471,5.033062,True
301,-5.625,38.91763,99.65,14.20523,4.239621,True
302,-5.625,39.36278,99.65,14.16122,3.428255,True
303,-5.625,39.83049,99.65,14.115,2.597879,True
304,-5.625,40.32188,99.65,14.06642,1.747269,True
305,-5.625,40.83815,99.65,14.01539,0.8751431,True
306,-5.625,40.77121,99.16951,14.02201,0.35,True
307,-5.625,39.87326,98.03426,14.11077,0.35,True
308,-5.625,39.02567,96.94762,14.19455,0.35,True
309,-5.625,38.22477,95.90593,14.27371,0.35,True
310,-5.625,37.46725,94.90582,14.34859,0.35,True
311,-5.625,36.75016,93.9443,14.41947,0.35,True
312,-5.625,36.07076,93.0186,14.48662,0.35,True
313,-5.625,35.42664,92.12625,14.55029,0.35,True
314,-5.625,34.81554,91.26495,14.61069,0.35,True
315,-5.625,34.23542,90.43262,14.66804,0.35,True
316,-5.625,33.6844,89.62733,14.7225,0.35,True
317,-5.625,33.16077,88.8473,14.77426,0.35,True
318,-5.625,32.66298,88.09094,14.82346,0.35,True
319,-5.625,32.18957,87.35674,14.87026,0.35,True
320,-5.625,31.73922,86.6433,14.91477,0.35,True
321,-5.625,31.31071,85.94933,14.95713,0.35,True
322,-5.625,30.90289,85.27364,14.99744,0.35,True
323,-5.625,30.51473,84.61513,15.03581,0.35,True
324,-5.625,30.14528,83.97278,15.07232,0.35,True
325,-5.625,29.79364,83.3456,15.10708,0.35,True
326,-5.625,29.45897,82.7327,15.14016,0.35,True
327,-5.625,29.14051,82.13322,15.17164,0.35,True
328,-5.625,28.83756,81.5464,15.20159,0.35,True
329,-5.625,28.54945,80.97149,15.23006,0.35,True
330,-5.625,28.27557,80.40778,15.25714,0.35,True
331,-5.625,28.01533,79.8546,15.28286,0.35,True
332,-5.625,27.76823,79.31136,15.30728,0.35,True
333,-5.625,27.53377,78.77745,15.33046,0.35,True
334,-5.625,27.31149,78.25233,15.35243,0.35,True
335,-5.625,27.10095,77.73547,15.37324,0.35,True
336,-5.625,26.90176,77.22634,15.39293,0.35,True
337,-5.625,26.71356,76.72451,15.41153,0.35,True
338,-5.625,26.536,76.22949,15.42908,0.35,True
339,-5.625,26.36876,75.74088,15.44561,0.35,True
340,-5.625,26.21156,75.25822,15.46115,0.35,True
341,-5.625,26.0641,74.78114,15.47573,0.35,True
342,-5.625,25.92616,74.30927,15.48936,0.35,True
343,-5.625,25.79748,73.84222,15.50208,0.35,True
344,-5.625,25.67786,73.37964,15.5139,0.35,True
345,-5.625,25.56709,72.9212,15.52485,0.35,True
346,-5.625,25.46499,72.46654,15.53494,0.35,True
347,-5.625,25.37141,72.01537,15.5442,0.35,True
348,-5.625,25.28619,71.56738,15.55262,0.35,True
349,-5.625,25.20919,71.12224,15.56023,0.35,True
350,-5.625,25.14029,70.67968,15.56704,0.35,True
351,-5.625,25.07939,70.23938,15.57306,0.35,True
352,-5.625,25.02638,69.80109,15.5783,0.35,True
353,-5.625,24.9812,69.36452,15.58277,0.35,True
354,-5.625,24.94375,68.92938,15.58647,0.35,True
355,-5.625,24.914,68.49541,15.58941,0.35,True
356,-5.625,24.8919,68.06235,15.59159,0.35,True
357,-5.625,24.8774,67.62992,15.59303,0.35,True
358,-5.625,24.87049,67.19787,15.59371,0.35,True
359,-5.625,24.87117,66.76592,15.59364,0.35,True
0,-11.25,25.24689,66.32368,13.10696,0.35,True
1,-11.25,25.26314,65.89114,13.10377,0.35,True
2,-11.25,25.28713,65.45792,13.09908,0.35,True
3,-11.25,25.31887,65.02374,13.09286,0.35,True
4,-11.25,25.35844,64.58834,13.08511,0.35,True
5,-11.25,25.40587,64.15144,13.07582,0.35,True
6,-11.25,25.46126,63.71277,13.06497,0.35,True
7,-11.25,25.52468,63.27205,13.05255,0.35,True
8,-11.25,25.59624,62.82899,13.03853,0.35,True
9,-11.25,25.67603,62.3833,13.0229,0.35,True
10,-11.25,25.7642,61.93469,13.00563,0.35,True
11,-11.25,25.86089,61.48285,12.98669,0.35,True
12,-11.25,25.96624,61.02747,12.96606,0.35,True
13,-11.25,26.08043,60.56822,12.94369,0.35,True
14,-11.25,26.20364,60.10477,12.91956,0.35,True
15,-11.25,26.33608,59.63678,12.89362,0.35,True
16,-11.25,26.47798,59.16389,12.86583,0.35,True
17,-11.25,26.62957,58.68573,12.83613,0.35,True
18,-11.25,26.79111,58.20191,12.80449,0.35,True
19,-11.25,26.96289,57.71204,12.77085,0.35,True
20,-11.25,27.14521,57.2157,12.73514,0.35,True
21,-11.25,27.33839,56.71244,12.6973,0.35,True
22,-11.25,27.5428,56.20181,12.65726,0.35,True
23,-11.25,27.7588,55.68333,12.61495,0.35,True
24,-11.25,27.98681,55.15649,12.57029,0.35,True
25,-11.25,28.22727,54.62076,12.5232,0.35,True
26,-11.25,28.48064,54.07557,12.47357,0.35,True
27,-11.25,28.74744,53.52034,12.42131,0.35,True
28,-11.25,29.02821,52.95444,12.36632,0.35,True
29,-11.25,29.32354,52.37719,12.30847,0.35,True
30,-11.25,29.63406,51.7879,12.24765,0.35,True
31,-11.25,29.96046,51.1858,12.18372,0.35,True
32,-11.25,30.30345,50.57011,12.11654,0.35,True
33,-11.25,30.66384,49.93996,12.04595,0.35,True
34,-11.25,31.04247,49.29444,11.97179,0.35,True
35,-11.25,31.44027,48.63258,11.89387,0.35,True
36,-11.25,31.85823,47.95332,11.81201,0.35,True
37,-11.25,32.29742,47.25555,11.72598,0.35,True
38,-11.25,32.759,46.53805,11.63557,0.35,True
39,-11.25,33.24425,45.79951,11.54053,0.35,True
40,-11.25,33.75452,45.03854,11.44058,0.35,True
41,-11.25,34.29131,44.25358,11.33544,0.35,True
42,-11.25,34.85623,43.44302,11.22479,0.35,True
43,-11.25,35.45106,42.60504,11.10828,0.35,True
44,-11.25,36.07773,41.73769,10.98554,0.35,True
45,-11.25,36.73835,40.83884,10.85615,0.35,True
46,-11.25,37.43521,39.90619,10.71965,0.35,True
47,-11.25,38.17089,38.93715,10.57556,0.35,True
48,-11.25,38.94815,37.92896,10.42332,0.35,True
49,-11.25,39.7701,36.87853,10.26232,0.35,True
50,-11.25,40.64013,35.78246,10.09191,0.35,True
51,-11.25,41.56203,34.63702,9.911341,0.35,True
52,-11.25,42.53998,33.43801,9.71979,0.35,True
53,-11.25,43.57865,32.18084,9.516348,0.35,True
54,-11.25,44.68327,30.86032,9.299988,0.35,True
55,-11.25,45.85967,29.4707,9.069569,0.35,True
56,-11.25,47.11444,28.00544,8.823798,0.35,True
57,-11.25,48.45498,26.45728,8.56123,0.35,True
58,-11.25,50,24.72459,8.258609,0.2952671,False
59,-11.25,50,24.29816,8.25861,1.037205,False
60,-11.25,50,23.88475,8.258609,1.786469,False
61,-11.25,50,23.48448,8.258609,2.542833,False
62,-11.25,50,23.09746,8.258608,3.306076,False
63,-11.25,50,22.72383,8.258609,4.075945,False
64,-11.25,50,22.36369,8.258609,4.852224,False
65,-11.25,50,22.01715,8.258609,5.634672,False
66,-11.25,50,21.68433,8.25861,6.423044,False
67,-11.25,50,21.3653,8.258608,7.21711,False
68,-11.25,50,21.06019,8.258608,8.016615,False
69,-11.25,50,20.76908,8.258609,8.821333,False
70,-11.25,50,20.49206,8.258608,9.630999,False
71,-11.25,50,20.22921,8.258609,10.44539,False
72,-11.25,50,19.98061,8.258609,11.26423,False
73,-11.25,50,19.74634,8.258608,12.08729,False
74,-11.25,50,19.52647,8.258609,12.9143,False
75,-11.25,50,19.32107,8.25861,13.74505,False
76,-11.25,50,19.13019,8.258607,14.57924,False
77,-11.25,50,18.95391,8.258609,15.41664,False
78,-11.25,50,18.79227,8.25861,16.25698,False
79,-11.25,50,18.64531,8.258609,17.10001,False
80,-11.25,50,18.5131,8.258609,17.94549,False
81,-11.25,50,18.39566,8.258609,18.79314,False
82,-11.25,50,18.29302,8.258609,19.64272,False
83,-11.25,50,18.20523,8.258609,20.49396,False
84,-11.25,50,18.13232,8.258609,21.3466,False
85,-11.25,50,18.0743,8.258609,22.20037,False
86,-11.25,50,18.03118,8.258609,23.05504,False
87,-11.25,49.34731,18.64285,8.386453,23.92583,True
88,-11.25,48.38431,19.57408,8.575072,24.77671,True
89,-11.25,47.38555,20.55506,8.7707,25.59434,True
90,-11.25,46.45625,21.48174,8.952718,26.37956,True
91,-11.25,45.53984,22.40876,9.132214,27.13317,True
92,-11.25,44.70877,23.26442,9.294992,27.86009,True
93,-11.25,43.93333,24.07725,9.446877,28.56216,True
94,-11.25,43.20292,24.85708,9.589943,29.24105,True
95,-11.25,42.49782,25.62266,9.728051,29.89665,True
96,-11.25,41.81491,26.37649,9.861809,30.5297,True
97,-11.25,41.13162,27.13997,9.995644,31.13787,True
98,-11.25,40.45407,27.90656,10.12836,31.722,True
99,-11.25,39.78246,28.67544,10.2599,32.28234,True
100,-11.25,39.09156,29.47032,10.39523,32.81408,True
101,-11.25,38.46317,30.21206,10.51831,33.33368,True
102,-11.25,37.80516,30.98853,10.64719,33.82296,True
103,-11.25,37.17532,31.74396,10.77056,34.29466,True
104,-11.25,36.57926,32.47278,10.88731,34.7516,True
105,-11.25,35.99058,33.1997,11.00261,35.18803,True
106,-11.25,35.46755,33.8698,11.10505,35.62156,True
107,-11.25,34.98035,34.5113,11.20048,36.04603,True
108,-11.25,34.54632,35.10825,11.2855,36.46886,True
109,-11.25,34.13284,35.69107,11.36648,36.88132,True
110,-11.25,33.79476,36.20971,11.4327,37.30419,True
111,-11.25,33.47573,36.71623,11.49519,37.71975,True
112,-11.25,33.18506,37.2023,11.55212,38.13254,True
113,-11.25,32.93791,37.65467,11.60053,38.55001,True
114,-11.25,32.72672,38.08066,11.6419,38.97093,True
115,-11.25,32.53621,38.49421,11.67921,39.39021,True
116,-11.25,32.37664,38.88664,11.71047,39.81335,True
117,-11.25,32.24976,39.25697,11.73532,40.24252,True
118,-11.25,32.12647,39.63062,11.75947,40.66501,True
119,-11.25,32.02266,39.99409,11.7798,41.08881,True
120,-11.25,31.9423,40.34439,11.79554,41.51674,True
121,-11.25,31.88509,40.68226,11.80675,41.94956,True
122,-11.25,31.83898,41.01803,11.81578,42.38162,True
123,-11.25,31.81695,41.34141,11.82009,42.82051,True
124,-11.25,31.8174,41.65425,11.82,43.26622,True
125,-11.25,31.81225,41.97924,11.82101,43.70314,True
126,-11.25,31.82795,42.29557,11.81794,44.14673,True
127,-11.25,31.86836,42.60082,11.81002,44.60006,True
128,-11.25,31.92948,42.89872,11.79805,45.06148,True
129,-11.25,32.01085,43.19023,11.78211,45.53136,True
130,-11.25,32.10213,43.48354,11.76423,46.00358,True
131,-11.25,32.20011,43.78127,11.74504,46.47622,True
132,-11.25,32.30488,44.08352,11.72452,46.9494,True
133,-11.25,32.42327,44.38572,11.70133,47.4279,True
134,-11.25,32.58351,44.66895,11.66995,47.93182,True
135,-11.25,32.7819,44.93723,11.63109,48.45981,True
136,-11.25,32.96371,45.22811,11.59548,48.97333,True
137,-11.25,33.1464,45.52967,11.55969,49.48442,True
138,-11.25,33.34566,45.83192,11.52067,50.0046,True
139,-11.25,33.54891,46.14336,11.48085,50.52464,True
140,-11.25,33.77969,46.44976,11.43565,51.06249,True
141,-11.25,33.9949,46.77789,11.3935,51.58523,True
142,-11.25,34.21282,47.11645,11.35081,52.10649,True
143,-11.25,34.46868,47.44555,11.3007,52.6543,True
144,-11.25,34.68828,47.80783,11.25769,53.16944,True
145,-11.25,34.89157,48.19096,11.21787,53.66691,True
146,-11.25,35.07443,48.59637,11.18206,54.1426,True
147,-11.25,35.26264,49.00995,11.14519,54.61727,True
148,-11.25,35.45631,49.43181,11.10726,55.09092,True
149,-11.25,35.6488,49.8653,11.06955,55.55779,True
150,-11.25,35.80215,50.328,11.03952,55.98483,True
151,-11.25,35.98514,50.78706,11.00368,56.43078,True
152,-11.25,36.12234,51.27656,10.9768,56.82983,True
153,-11.25,36.28783,51.76317,10.94439,57.24637,True
154,-11.25,36.45843,52.25749,10.91097,57.66012,True
155,-11.25,36.63025,52.76114,10.87732,58.06745,True
156,-11.25,36.74529,53.29573,10.85479,58.4156,True
157,-11.25,36.92603,53.81466,10.81939,58.81507,True
158,-11.25,37.05908,54.35965,10.79332,59.1627,True
159,-11.25,37.18367,54.91554,10.76892,59.49372,True
160,-11.25,37.3606,55.46294,10.73427,59.86438,True
161,-11.25,37.51746,56.02549,10.70354,60.20757,True
162,-11.25,37.69563,56.59061,10.66865,60.56173,True
163,-11.25,37.86499,57.16705,10.63547,60.89848,True
164,-11.25,38.04837,57.74868,10.59955,61.23917,True
165,-11.25,38.22649,58.34039,10.56467,61.5654,True
166,-11.25,38.41919,58.93762,10.52692,61.8959,True
167,-11.25,38.60218,59.54563,10.49108,62.20726,True
168,-11.25,38.80849,60.15793,10.45067,62.53106,True
169,-11.25,38.99225,60.78288,10.41468,62.82291,True
170,-11.25,39.15382,61.41909,10.38303,63.08275,True
171,-11.25,39.38945,62.05317,10.33688,63.40387,True
172,-11.25,39.53306,62.70678,10.30875,63.62468,True
173,-11.25,39.73759,63.36099,10.26869,63.89377,True
174,-11.25,39.91301,64.02546,10.23433,64.12324,True
175,-11.25,40.03622,64.69986,10.2102,64.29017,True
176,-11.25,40.19837,65.37759,10.17844,64.48357,True
177,-11.25,40.3796,66.0609,10.14294,64.6839,True
178,-11.25,40.49405,66.75116,10.12052,64.80685,True
179,-11.25,40.66135,67.44596,10.08775,64.96954,True
180,-11.25,40.79369,68.1454,10.06183,65.08576,True
181,-11.25,40.95096,68.85014,10.03103,65.21409,True
182,-11.25,41.05367,69.55632,10.01091,65.27657,True
183,-11.25,41.15849,70.26542,9.990379,65.32864,True
184,-11.25,41.26545,70.9773,9.969432,65.37025,True
185,-11.25,41.40212,71.69498,9.942661,65.42819,True
186,-11.25,41.51083,72.41225,9.921368,65.44613,True
187,-11.25,41.69567,73.14273,9.885162,65.5251,True
188,-11.25,41.81147,73.86632,9.862484,65.52404,True
189,-11.25,41.94316,74.59458,9.836689,65.52534,True
190,-11.25,42.01429,75.31303,9.822758,65.45531,True
191,-11.25,42.13221,76.04134,9.799658,65.41728,True
192,-11.25,42.23156,76.76656,9.7802,65.34839,True
193,-11.25,42.32256,77.49006,9.762378,65.2585,True
194,-11.25,42.43423,78.21882,9.740503,65.17513,True
195,-11.25,42.51464,78.93911,9.724753,65.04915,True
196,-11.25,42.55801,79.6474,9.716259,64.87558,True
197,-11.25,42.62365,80.36024,9.703402,64.71014,True
198,-11.25,42.69801,81.07401,9.688838,64.53999,True
199,-11.25,42.70655,81.76316,9.687165,64.29655,True
200,-11.25,42.73244,82.45438,9.682095,64.05687,True
201,-11.25,42.76345,83.14365,9.676021,63.80965,True
202,-11.25,42.74512,83.80961,9.679611,63.50588,True
203,-11.25,42.73942,84.47502,9.680729,63.20194,True
204,-11.25,42.75912,85.14572,9.676866,62.90894,True
205,-11.25,42.72175,85.78644,9.684188,62.55407,True
206,-11.25,42.69715,86.42609,9.689006,62.19948,True
207,-11.25,42.64711,87.04716,9.698807,61.81206,True
208,-11.25,42.59272,87.65849,9.70946,61.41058,True
209,-11.25,42.55229,88.26891,9.717381,61.01073,True
210,-11.25,42.50052,88.86582,9.72752,60.59119,True
211,-11.25,42.452,89.45628,9.737023,60.16445,True
212,-11.25,42.37818,90.02479,9.751482,59.70726,True
213,-11.25,42.373,90.62241,9.752498,59.29631,True
214,-11.25,42.32205,91.18658,9.762476,58.83857,True
215,-11.25,42.3109,91.76522,9.76466,58.40289,True
216,-11.25,42.26699,92.31642,9.773261,57.93184,True
217,-11.25,42.23138,92.86381,9.780235,57.45808,True
218,-11.25,42.18267,93.39417,9.789778,56.96531,True
219,-11.25,42.12401,93.90887,9.801267,56.4565,True
220,-11.25,42.1087,94.44209,9.804264,55.97123,True
221,-11.25,42.103,94.97295,9.805381,55.48383,True
222,-11.25,42.09175,95.49137,9.807587,54.98337,True
223,-11.25,42.08643,96.00494,9.808628,54.47821,True
224,-11.25,42.07327,96.50406,9.811207,53.95886,True
225,-11.25,42.07585,97.0051,9.810699,53.44164,True
226,-11.25,42.08074,97.49874,9.809741,52.91725,True
227,-11.25,42.08797,97.98493,9.808325,52.38577,True
228,-11.25,42.10129,98.4664,9.805715,51.84967,True
229,-11.25,42.15569,98.96971,9.795061,51.33063,True
230,-11.25,42.17805,99.43986,9.790681,50.78265,True
231,-11.25,41.87878,99.65,9.849299,50.03473,True
232,-11.25,41.33378,99.65,9.956046,49.14441,True
233,-11.25,40.81506,99.65,10.05765,48.27671,True
234,-11.25,40.32133,99.65,10.15435,47.43025,True
235,-11.25,39.85138,99.65,10.2464,46.60376,True
236,-11.25,39.40413,99.65,10.334,45.79608,True
237,-11.25,38.97856,99.65,10.41736,45.00611,True
238,-11.25,38.5737,99.65,10.49666,44.23277,True
239,-11.25,38.18869,99.65,10.57207,43.47512,True
240,-11.25,37.82267,99.65,10.64376,42.73219,True
241,-11.25,37.47493,99.65,10.71187,42.00317,True
242,-11.25,37.14473,99.65,10.77655,41.28721,True
243,-11.25,36.83142,99.65,10.83792,40.58355,True
244,-11.25,36.53437,99.64999,10.8961,39.89144,True
245,-11.25,36.25305,99.64999,10.9512,39.21021,True
246,-11.25,35.9869,99.64999,11.00333,38.53918,True
247,-11.25,35.73544,99.65,11.05258,37.87775,True
248,-11.25,35.49821,99.65,11.09905,37.22529,True
249,-11.25,35.27477,99.65,11.14281,36.58122,True
250,-11.25,35.06475,99.65,11.18395,35.94504,True
251,-11.25,34.86777,99.65,11.22253,35.31619,True
252,-11.25,34.6835,99.65,11.25863,34.69418,True
253,-11.25,34.51162,99.65,11.29229,34.07853,True
254,-11.25,34.35186,99.65,11.32358,33.46876,True
255,-11.25,34.20393,99.65,11.35256,32.86442,True
256,-11.25,34.0676,99.65,11.37926,32.26509,True
257,-11.25,33.94266,99.65,11.40373,31.67034,True
258,-11.25,33.8289,99.65,11.42601,31.07976,True
259,-11.25,33.72613,99.65,11.44614,30.49293,True
260,-11.25,33.6342,99.65,11.46415,29.90949,True
261,-11.25,33.55296,99.65,11.48006,29.32904,True
262,-11.25,33.4823,99.65,11.4939,28.75121,True
263,-11.25,33.42208,99.65,11.5057,28.17565,True
264,-11.25,33.37223,99.65,11.51546,27.60196,True
265,-11.25,33.33267,99.65,11.52321,27.02982,True
266,-11.25,33.30333,99.65,11.52895,26.45885,True
267,-11.25,33.28418,99.65,11.53271,25.88873,True
268,-11.25,33.27517,99.65,11.53447,25.31908,True
269,-11.25,33.2763,99.65,11.53425,24.74956,True
270,-11.25,33.28758,99.65,11.53204,24.17983,True
271,-11.25,33.30901,99.65,11.52784,23.60955,True
272,-11.25,33.34063,99.65,11.52165,23.03835,True
273,-11.25,33.3825,99.65,11.51345,22.46588,True
274,-11.25,33.43465,99.65,11.50323,21.89181,True
275,-11.25,33.4972,99.65,11.49098,21.31577,True
276,-11.25,33.57023,99.65,11.47668,20.73739,True
277,-11.25,33.65384,99.65,11.4603,20.15631,True
278,-11.25,33.74819,99.65,11.44182,19.57214,True
279,-11.25,33.8534,99.65,11.42122,18.98451,True
280,-11.25,33.96965,99.65,11.39845,18.39303,True
281,-11.25,34.09712,99.65,11.37348,17.79729,True
282,-11.25,34.23603,99.65,11.34627,17.19688,True
283,-11.25,34.38659,99.65,11.31678,16.59135,True
284,-11.25,34.54904,99.65,11.28496,15.98031,True
285,-11.25,34.72367,99.65,11.25076,15.36327,True
286,-11.25,34.91076,99.65,11.21411,14.73978,True
287,-11.25,35.11062,99.65,11.17497,14.10933,True
288,-11.25,35.32362,99.65,11.13325,13.47142,True
289,-11.25,35.5501,99.65,11.08889,12.82554,True
290,-11.25,35.79049,99.65,11.0418,12.17111,True
291,-11.25,36.0452,99.65,10.99191,11.50758,True
292,-11.25,36.3147,99.65,10.93913,10.83433,True
293,-11.25,36.5995,99.65,10.88334,10.15071,True
294,-11.25,36.90012,99.65,10.82446,9.456079,True
295,-11.25,37.21716,99.65,10.76236,8.749727,True
296,-11.25,37.55123,99.65,10.69693,8.030916,True
297,-11.25,37.903,99.65,10.62803,7.29886,True
298,-11.25,38.2732,99.65,10.55552,6.55271,True
299,-11.25,38.66258,99.65,10.47925,5.791625,True
300,-11.25,39.07199,99.65,10.39906,5.014655,True
301,-11.25,39.50234,99.65,10.31477,4.220807,True
302,-11.25,39.95458,99.65,10.22619,3.409006,True
303,-11.25,40.42975,99.65,10.13312,2.578169,True
304,-11.25,40.92897,99.65,10.03534,1.727068,True
305,-11.25,41.45346,99.65,9.932606,0.8544178,True
306,-11.25,41.35094,99.1423,9.952685,0.35,True
307,-11.25,40.44099,98.00822,10.13092,0.35,True
308,-11.25,39.58204,96.9227,10.29916,0.35,True
309,-11.25,38.77039,95.88201,10.45813,0.35,True
310,-11.25,38.00269,94.88284,10.6085,0.35,True
311,-11.25,37.27594,93.9222,10.75085,0.35,True
312,-11.25,36.58738,92.9973,10.88571,0.35,True
313,-11.25,35.93457,92.10571,11.01358,0.35,True
314,-11.25,35.31521,91.24512,11.13489,0.35,True
315,-11.25,34.72724,90.41344,11.25006,0.35,True
316,-11.25,34.16876,89.60876,11.35945,0.35,True
317,-11.25,33.63803,88.8293,11.4634,0.35,True
318,-11.25,33.13349,88.07347,11.56222,0.35,True
319,-11.25,32.65366,87.33978,11.65621,0.35,True
320,-11.25,32.1972,86.6268,11.74561,0.35,True
321,-11.25,31.76286,85.93327,11.83068,0.35,True
322,-11.25,31.3495,85.258,11.91165,0.35,True
323,-11.25,30.95608,84.59989,11.98871,0.35,True
324,-11.25,30.58161,83.9579,12.06205,0.35,True
325,-11.25,30.22519,83.33106,12.13187,0.35,True
326,-11.25,29.88598,82.71849,12.19831,0.35,True
327,-11.25,29.56319,82.11932,12.26153,0.35,True
328,-11.25,29.25613,81.53279,12.32167,0.35,True
329,-11.25,28.96412,80.95815,12.37887,0.35,True
330,-11.25,28.68652,80.39468,12.43324,0.35,True
331,-11.25,28.42277,79.84174,12.4849,0.35,True
332,-11.25,28.17233,79.29873,12.53396,0.35,True
333,-11.25,27.9347,78.76505,12.5805,0.35,True
334,-11.25,27.70942,78.24012,12.62463,0.35,True
335,-11.25,27.49605,77.72344,12.66642,0.35,True
336,-11.25,27.29418,77.21449,12.70596,0.35,True
337,-11.25,27.10346,76.71283,12.74331,0.35,True
338,-11.25,26.92353,76.21797,12.77855,0.35,True
339,-11.25,26.75407,75.72949,12.81175,0.35,True
340,-11.25,26.59478,75.24698,12.84295,0.35,True
341,-11.25,26.44538,74.77002,12.87221,0.35,True
342,-11.25,26.30562,74.29826,12.89958,0.35,True
343,-11.25,26.17526,73.83132,12.92512,0.35,True
344,-11.25,26.05408,73.36884,12.94885,0.35,True
345,-11.25,25.94189,72.91049,12.97083,0.35,True
346,-11.25,25.83849,72.45592,12.99108,0.35,True
347,-11.25,25.74373,72.00483,13.00964,0.35,True
348,-11.25,25.65745,71.55691,13.02654,0.35,True
349,-11.25,25.57951,71.11183,13.04181,0.35,True
350,-11.25,25.50978,70.66933,13.05546,0.35,True
351,-11.25,25.44817,70.22908,13.06753,0.35,True
352,-11.25,25.39457,69.79083,13.07803,0.35,True
353,-11.25,25.3489,69.35429,13.08698,0.35,True
354,-11.25,25.31109,68.91919,13.09438,0.35,True
355,-11.25,25.28108,68.48525,13.10026,0.35,True
356,-11.25,25.25883,68.0522,13.10462,0.35,True
357,-11.25,25.2443,67.61978,13.10746,0.35,True
358,-11.25,25.23748,67.18774,13.1088,0.35,True
359,-11.25,25.23834,66.75579,13.10863,0.35,True
0,-16.875,25.87834,66.30626,10.52128,0.35,True
1,-16.875,25.89532,65.8737,10.51634,0.35,True
2,-16.875,25.92022,65.44044,10.50909,0.35,True
3,-16.875,25.95308,65.00623,10.49953,0.35,True
4,-16.875,25.99396,64.57076,10.48763,0.35,True
5,-16.875,26.04291,64.1338,10.47339,0.35,True
6,-16.875,26.10001,63.69505,10.45677,0.35,True
7,-16.875,26.16535,63.25424,10.43776,0.35,True
8,-16.875,26.23903,62.81108,10.41632,0.35,True
9,-16.875,26.32116,62.36528,10.39242,0.35,True
10,-16.875,26.41188,61.91655,10.36601,0.35,True
11,-16.875,26.51134,61.46457,10.33707,0.35,True
12,-16.875,26.61968,61.00904,10.30554,0.35,True
13,-16.875,26.73709,60.54963,10.27138,0.35,True
14,-16.875,26.86377,60.086,10.23451,0.35,True
15,-16.875,26.99991,59.61782,10.1949,0.35,True
16,-16.875,27.14574,59.14473,10.15246,0.35,True
17,-16.875,27.30153,58.66635,10.10712,0.35,True
18,-16.875,27.46753,58.18229,10.05882,0.35,True
19,-16.875,27.64403,57.69217,10.00745,0.35,True
20,-16.875,27.83134,57.19556,9.952945,0.35,True
21,-16.875,28.02981,56.69201,9.895188,0.35,True
22,-16.875,28.23979,56.18107,9.834084,0.35,True
23,-16.875,28.46168,55.66227,9.769513,0.35,True
24,-16.875,28.69589,55.13507,9.701353,0.35,True
25,-16.875,28.94288,54.59898,9.629479,0.35,True
26,-16.875,29.20313,54.0534,9.553745,0.35,True
27,-16.875,29.47717,53.49775,9.474,0.35,True
28,-16.875,29.76554,52.9314,9.390079,0.35,True
29,-16.875,30.06887,52.35368,9.301812,0.35,True
30,-16.875,30.38779,51.76389,9.209003,0.35,True
31,-16.875,30.72301,51.16126,9.111452,0.35,True
32,-16.875,31.07528,50.545,9.00894,0.35,True
33,-16.875,31.44541,49.91425,8.901228,0.35,True
34,-16.875,31.83428,49.26809,8.788065,0.35,True
35,-16.875,32.24284,48.60555,8.669175,0.35,True
36,-16.875,32.67209,47.92558,8.544259,0.35,True
37,-16.875,50,37.14209,3.501739,-12.25959,False
38,-16.875,50,36.49467,3.501741,-11.73246,False
39,-16.875,34.53481,45.49555,8.002197,0.03120527,True
40,-16.875,34.53481,45.06135,8.002197,0.4106775,True
41,-16.875,34.53481,44.63383,8.002197,0.7976733,True
42,-16.875,34.53481,44.21315,8.002197,1.192065,True
43,-16.875,34.53481,43.7994,8.002197,1.593744,True
44,-16.875,34.53481,43.39273,8.002197,2.002582,True
45,-16.875,34.53481,42.99326,8.002197,2.418456,True
46,-16.875,34.53481,42.6011,8.002197,2.84123,True
47,-16.875,34.53481,42.21639,8.002197,3.270795,True
48,-16.875,34.53481,41.83923,8.002197,3.707001,True
49,-16.875,34.53481,41.46974,8.002197,4.149726,True
50,-16.875,34.53482,41.10803,8.002197,4.598828,True
51,-16.875,34.53481,40.75422,8.002197,5.05418,True
52,-16.875,34.53482,40.4084,8.002197,5.515639,True
53,-16.875,34.53481,40.0707,8.002197,5.983061,True
54,-16.875,34.53481,39.7412,8.002197,6.456307,True
55,-16.875,34.53481,39.42001,8.002197,6.935221,True
56,-16.875,34.53481,39.10723,8.002197,7.41968,True
57,-16.875,34.53481,38.80295,8.002197,7.909519,True
58,-16.875,34.53481,38.50727,8.002197,8.404594,True
59,-16.875,34.53481,38.22027,8.002197,8.904755,True
60,-16.875,34.53481,37.94205,8.002197,9.409846,True
61,-16.875,34.53481,37.67268,8.002197,9.91972,True
62,-16.875,34.53481,37.41224,8.002197,10.43421,True
63,-16.875,34.53481,37.16083,8.002197,10.95318,True
64,-16.875,34.53481,36.91852,8.002197,11.47645,True
65,-16.875,34.53481,36.68537,8.002197,12.00387,True
66,-16.875,34.53481,36.46147,8.002197,12.53528,True
67,-16.875,34.53481,36.24687,8.002197,13.07051,True
68,-16.875,34.53481,36.04165,8.002197,13.60941,True
69,-16.875,34.53481,35.84586,8.002197,14.15181,True
70,-16.875,34.53481,35.65957,8.002197,14.69754,True
71,-16.875,34.53481,35.48283,8.002197,15.24644,True
72,-16.875,34.53481,35.3157,8.002197,15.79834,True
73,-16.875,34.53481,35.15823,8.002197,16.35308,True
74,-16.875,34.53481,35.01046,8.002197,16.91047,True
75,-16.875,34.53481,34.87244,8.002197,17.47037,True
76,-16.875,34.53481,34.74422,8.002197,18.03259,True
77,-16.875,34.53481,34.62582,8.002197,18.59696,True
78,-16.875,34.53482,34.5173,8.002197,19.1633,True
79,-16.875,34.53481,34.41867,8.002197,19.73146,True
80,-16.875,34.53481,34.32998,8.002197,20.30124,True
81,-16.875,34.53481,34.25124,8.002197,20.8725,True
82,-16.875,34.53481,34.18249,8.002197,21.44504,True
83,-16.875,34.53481,34.12373,8.002197,22.01869,True
84,-16.875,34.53481,34.075,8.002197,22.59329,True
85,-16.875,34.50056,34.06902,8.012166,23.17054,True
86,-16.875,34.47189,34.06781,8.020509,23.74704,True
87,-16.875,34.47189,34.04924,8.020509,24.32234,True
88,-16.875,34.44088,34.07038,8.029531,24.89806,True
89,-16.875,34.3792,34.13093,8.047482,25.47247,True
90,-16.875,34.31774,34.20124,8.065367,26.04472,True
91,-16.875,34.23021,34.30642,8.090837,26.61347,True
92,-16.875,34.09797,34.46411,8.129323,27.17611,True
93,-16.875,33.97419,34.62337,8.165343,27.73437,True
94,-16.875,33.80329,34.83702,8.215075,28.28326,True
95,-16.875,33.589,35.10115,8.277434,28.8207,True
96,-16.875,33.36123,35.38695,8.343718,29.34819,True
97,-16.875,33.14323,35.67213,8.407156,29.86823,True
98,-16.875,32.87172,36.01624,8.486166,30.37105,True
99,-16.875,32.60811,36.36084,8.562879,30.86472,True
100,-16.875,32.3039,36.7512,8.651406,31.34014,True
101,-16.875,32.01085,37.13831,8.736685,31.80604,True
102,-16.875,31.73358,37.51771,8.81737,32.26392,True
103,-16.875,31.43426,37.92432,8.904477,32.70528,True
104,-16.875,31.14425,38.32867,8.988868,33.13705,True
105,-16.875,30.86686,38.72761,9.069592,33.56052,True
106,-16.875,30.61852,39.10601,9.14186,33.98095,True
107,-16.875,30.3681,39.49229,9.214734,34.39014,True
108,-16.875,30.124,39.87858,9.285768,34.79062,True
109,-16.875,29.89866,40.25361,9.351344,35.18679,True
110,-16.875,29.69986,40.61053,9.409196,35.58221,True
111,-16.875,29.50832,40.96664,9.464932,35.97095,True
112,-16.875,29.32391,41.32198,9.5186,36.35321,True
113,-16.875,29.15004,41.6735,9.569196,36.73061,True
114,-16.875,28.99636,42.01292,9.613916,37.10754,True
115,-16.875,28.84912,42.35222,9.656766,37.47896,True
116,-16.875,28.70818,42.6915,9.697781,37.84501,True
117,-16.875,28.59101,43.01603,9.731876,38.21391,True
118,-16.875,28.49457,43.32878,9.759943,38.58519,True
119,-16.875,28.39002,43.65382,9.790364,38.94562,True
120,-16.875,28.28953,43.98089,9.819609,39.30086,True
121,-16.875,28.19448,44.30883,9.847268,39.65172,True
122,-16.875,28.10969,44.63382,9.871944,40.00092,True
123,-16.875,28.04041,44.95185,9.892105,40.35165,True
124,-16.875,27.98195,45.26686,9.909118,40.70187,True
125,-16.875,27.92414,45.58687,9.925941,41.04613,True
126,-16.875,27.87121,45.90857,9.941342,41.38683,True
127,-16.875,27.82923,46.22742,9.95356,41.7277,True
128,-16.875,27.80257,46.54046,9.961318,42.07178,True
129,-16.875,27.78049,46.85582,9.967742,42.41285,True
130,-16.875,27.76298,47.1736,9.972838,42.751,True
131,-16.875,27.75003,47.49382,9.976605,43.08628,True
132,-16.875,27.74469,47.81443,9.978161,43.4208,True
133,-16.875,27.75779,48.12822,9.974351,43.76199,True
134,-16.875,27.77531,48.44511,9.969251,44.10085,True
135,-16.875,27.79022,48.76979,9.964912,44.43251,True
136,-16.875,27.81176,49.09612,9.958641,44.76331,True
137,-16.875,27.84294,49.42235,9.949568,45.09552,True
138,-16.875,27.87831,49.75212,9.939277,45.42539,True
139,-16.875,27.92982,50.07827,9.924287,45.76178,True
140,-16.875,27.97424,50.41512,9.911359,46.08763,True
141,-16.875,28.02985,50.75169,9.895178,46.41653,True
142,-16.875,28.1009,51.08593,9.874503,46.75195,True
143,-16.875,28.17656,51.42439,9.852484,47.08578,True
144,-16.875,28.25692,51.76714,9.829102,47.41809,True
145,-16.875,28.34199,52.11425,9.804343,47.74888,True
146,-16.875,28.41496,52.47448,9.78311,48.06455,True
147,-16.875,28.50793,52.83125,9.756054,48.39088,True
148,-16.875,28.60075,53.19505,9.729044,48.71159,True
149,-16.875,28.68448,53.57001,9.704677,49.0191,True
150,-16.875,28.77669,53.94765,9.677842,49.32784,True
151,-16.875,28.86588,54.33331,9.651888,49.62808,True
152,-16.875,28.97653,54.71637,9.619689,49.94063,True
153,-16.875,29.09999,55.10123,9.583759,50.25832,True
154,-16.875,29.19846,55.50332,9.555106,50.54832,True
155,-16.875,29.30805,55.90769,9.523214,50.84171,True
156,-16.875,29.42821,56.31496,9.488247,51.13806,True
157,-16.875,29.53186,56.73495,9.458084,51.41328,True
158,-16.875,29.63444,57.16166,9.428234,51.68079,True
159,-16.875,29.74175,57.59308,9.397004,51.94566,True
160,-16.875,29.85254,58.0297,9.364765,52.2067,True
161,-16.875,29.9423,58.47858,9.338642,52.44145,True
162,-16.875,30.03652,58.93171,9.311227,52.67286,True
163,-16.875,30.13772,59.38857,9.281775,52.90318,True
164,-16.875,30.24997,59.84838,9.249111,53.13617,True
165,-16.875,30.34637,60.31751,9.221056,53.34681,True
166,-16.875,30.45891,60.78852,9.188306,53.56466,True
167,-16.875,30.55536,61.26812,9.160241,53.75955,True
168,-16.875,30.64665,61.75352,9.133676,53.94149,True
169,-16.875,30.73363,62.2442,9.108363,54.11113,True
170,-16.875,30.81886,62.73943,9.083559,54.27074,True
171,-16.875,30.91177,63.23785,9.056522,54.42916,True
172,-16.875,31.01174,63.73975,9.02743,54.58576,True
173,-16.875,31.09198,64.24773,9.004081,54.71495,True
174,-16.875,31.16878,64.75947,8.981731,54.83208,True
175,-16.875,31.25003,65.27419,8.958086,54.94461,True
176,-16.875,31.33407,65.79207,8.933631,55.05087,True
177,-16.875,31.43115,66.31281,8.90538,55.16059,True
178,-16.875,31.53252,66.837,8.87588,55.26535,True
179,-16.875,31.63825,67.36467,8.845112,55.36509,True
180,-16.875,31.74838,67.89589,8.813063,55.45979,True
181,-16.875,31.86296,68.43071,8.77972,55.54939,True
182,-16.875,31.95019,68.96726,8.754335,55.60342,True
183,-16.875,32.06691,69.50842,8.720371,55.67608,True
184,-16.875,32.19419,70.05369,8.683331,55.74919,True
185,-16.875,32.32695,70.60288,8.644696,55.81773,True
186,-16.875,32.4615,71.1556,8.605543,55.8781,True
187,-16.875,32.58386,71.70976,8.569936,55.91698,True
188,-16.875,32.73476,72.27113,8.526023,55.97276,True
189,-16.875,32.85815,72.83099,8.490116,55.99243,True
190,-16.875,32.98861,73.39449,8.452149,56.00855,True
191,-16.875,33.1269,73.96196,8.411906,56.02169,True
192,-16.875,33.27072,74.53307,8.370055,56.02953,True
193,-16.875,33.37139,75.09612,8.340759,55.98689,True
194,-16.875,33.4861,75.66358,8.307378,55.94691,True
195,-16.875,33.58867,76.22878,8.277532,55.88538,True
196,-16.875,33.67646,76.79015,8.251984,55.80001,True
197,-16.875,33.76685,77.35214,8.225678,55.70676,True
198,-16.875,33.85596,77.91344,8.199751,55.60207,True
199,-16.875,33.89103,78.45598,8.18954,55.4387,True
200,-16.875,33.92786,78.99676,8.178823,55.26725,True
201,-16.875,33.96642,79.53567,8.1676,55.08768,True
202,-16.875,34.02166,80.07835,8.151528,54.91309,True
203,-16.875,34.01961,80.59589,8.152124,54.67887,True
204,-16.875,34.04264,81.11961,8.14542,54.4573,True
205,-16.875,34.06725,81.64042,8.138262,54.22779,True
206,-16.875,34.05865,82.14276,8.140764,53.96091,True
207,-16.875,34.02028,82.62659,8.151929,53.66038,True
208,-16.875,34.02529,83.12505,8.150471,53.38783,True
209,-16.875,33.98104,83.59474,8.163346,53.06602,True
210,-16.875,33.96742,84.07349,8.167313,52.7614,True
211,-16.875,33.94949,84.54443,8.172528,52.44513,True
212,-16.875,33.90781,84.99693,8.184658,52.10193,True
213,-16.875,33.88265,85.45179,8.191981,51.76427,True
214,-16.875,33.85981,85.90164,8.198629,51.42077,True
215,-16.875,33.82228,86.33672,8.209548,51.05843,True
216,-16.875,33.77226,86.75761,8.224108,50.67947,True
217,-16.875,33.7564,87.1916,8.228719,50.31926,True
218,-16.875,33.69407,87.59064,8.246859,49.91747,True
219,-16.875,33.67313,88.00761,8.252952,49.53948,True
220,-16.875,33.58489,88.37487,8.278627,49.1064,True
221,-16.875,33.52847,88.75405,8.295047,48.69035,True
222,-16.875,33.45909,89.11666,8.315238,48.25942,True
223,-16.875,33.38375,89.46686,8.337162,47.81898,True
224,-16.875,33.32039,89.81663,8.355602,47.38139,True
225,-16.875,33.20692,90.1231,8.388623,46.90563,True
226,-16.875,33.11203,90.43309,8.416237,46.43794,True
227,-16.875,33.01064,90.72913,8.445741,45.962,True
228,-16.875,32.88951,91.00133,8.480989,45.47002,True
229,-16.875,32.79127,91.28053,8.509579,44.98879,True
230,-16.875,32.68655,91.54541,8.54005,44.5002,True
231,-16.875,32.57738,91.79726,8.571821,44.00586,True
232,-16.875,32.44126,92.01858,8.611431,43.49338,True
233,-16.875,32.3314,92.25008,8.643405,42.99348,True
234,-16.875,32.24741,92.49221,8.667843,42.5051,True
235,-16.875,32.17205,92.7319,8.689772,42.01826,True
236,-16.875,32.09415,92.96032,8.712444,41.52707,True
237,-16.875,32.00912,93.17362,8.737187,41.02953,True
238,-16.875,31.92939,93.38185,8.760391,40.53213,True
239,-16.875,31.86889,93.59674,8.777998,40.04133,True
240,-16.875,31.81607,93.80902,8.793367,39.55123,True
241,-16.875,31.76479,94.01361,8.808289,39.05896,True
242,-16.875,31.69616,94.19431,8.82826,38.55659,True
243,-16.875,31.66625,94.39919,8.836964,38.06805,True
244,-16.875,31.64189,94.60014,8.844053,37.57862,True
245,-16.875,31.62133,94.7957,8.850035,37.08759,True
246,-16.875,31.60459,94.98591,8.854905,36.59492,True
247,-16.875,31.59166,95.17077,8.858671,36.1006,True
248,-16.875,31.58252,95.3503,8.861333,35.60459,True
249,-16.875,31.57388,95.52155,8.863844,35.10581,True
250,-16.875,31.5479,95.66828,8.871405,34.59904,True
251,-16.875,31.54704,95.82894,8.871657,34.09738,True
252,-16.875,31.53784,95.97317,8.874334,33.59074,True
253,-16.875,31.53641,96.11566,8.874747,33.08379,True
254,-16.875,31.54141,96.25523,8.873294,32.57597,True
255,-16.875,31.53764,96.37778,8.874393,32.06377,True
256,-16.875,31.55257,96.50883,8.870045,31.55341,True
257,-16.875,31.55079,96.61533,8.870563,31.03745,True
258,-16.875,31.55233,96.71593,8.870118,30.5203,True
259,-16.875,31.55715,96.81059,8.868712,30.00195,True
260,-16.875,31.56529,96.89935,8.866344,29.48242,True
261,-16.875,31.57674,96.98217,8.863012,28.96168,True
262,-16.875,31.57222,97.04074,8.864328,28.43772,True
263,-16.875,31.55495,97.078,8.869351,27.91174,True
264,-16.875,31.56978,97.13667,8.865038,27.3878,True
265,-16.875,31.559,97.16175,8.868174,26.86124,True
266,-16.875,31.54854,97.17793,8.871218,26.33452,True
267,-16.875,31.53985,97.18661,8.873748,25.80781,True
268,-16.875,31.53794,97.19257,8.874308,25.28122,True
269,-16.875,31.51039,97.16482,8.882321,24.75489,True
270,-16.875,31.49278,97.1374,8.887446,24.22934,True
271,-16.875,31.48425,97.1095,8.889928,23.70423,True
272,-16.875,31.45664,97.05423,8.897963,23.181,True
273,-16.875,31.45008,97.00994,8.899871,22.65762,True
274,-16.875,31.41897,96.93317,8.908924,22.13753,True
275,-16.875,31.40521,96.86387,8.912927,21.61746,True
276,-16.875,31.37084,96.76598,8.922933,21.10152,True
277,-16.875,31.3834,96.70358,8.919275,20.58119,True
278,-16.875,31.35899,96.59721,8.926378,20.06774,True
279,-16.875,31.34572,96.49244,8.93024,19.55466,True
280,-16.875,31.32718,96.37383,8.935635,19.04472,True
281,-16.875,31.30917,96.2469,8.940878,18.53713,True
282,-16.875,31.32078,96.13874,8.937499,18.02543,True
283,-16.875,31.32727,96.01688,8.935609,17.51673,True
284,-16.875,31.29218,95.84782,8.945821,17.02089,True
285,-16.875,31.30359,95.71292,8.942502,16.51588,True
286,-16.875,31.31866,95.57252,8.938114,16.01206,True
287,-16.875,31.32561,95.41589,8.936092,15.51301,True
288,-16.875,31.32561,95.24428,8.936092,15.01888,True
289,-16.875,31.33905,95.07611,8.932181,14.52331,True
290,-16.875,31.38854,94.93129,8.917781,14.01781,True
291,-16.875,31.38853,94.73366,8.917781,13.53238,True
292,-16.875,31.43626,94.56941,8.903893,13.03216,True
293,-16.875,31.45146,94.36786,8.899469,12.54712,True
294,-16.875,31.45146,94.14465,8.899469,12.07175,True
295,-16.875,31.46479,93.92458,8.89559,11.59463,True
296,-16.875,31.51439,93.72684,8.881157,11.10512,True
297,-16.875,31.51439,93.47856,8.881157,10.64116,True
298,-16.875,31.51439,93.22222,8.881157,10.18158,True
299,-16.875,31.51792,92.96081,8.880131,9.724847,True
300,-16.875,31.5402,92.7067,8.873648,9.263279,True
301,-16.875,31.56093,92.44314,8.867615,8.806699,True
302,-16.875,31.5773,92.16798,8.862845,8.356791,True
303,-16.875,31.57731,91.87198,8.862845,7.920449,True
304,-16.875,31.57731,91.5684,8.862845,7.489343,True
305,-16.875,31.55988,91.24397,8.867917,7.073553,True
306,-16.875,31.56735,90.93137,8.865746,6.649176,True
307,-16.875,31.57731,90.61319,8.862845,6.228715,True
308,-16.875,31.57732,90.28029,8.862845,5.819832,True
309,-16.875,31.54306,89.91544,8.872813,5.438174,True
310,-16.875,31.50275,89.54002,8.884545,5.067229,True
311,-16.875,31.46173,89.15814,8.896481,4.703841,True
312,-16.875,31.42005,88.76998,8.908612,4.348107,True
313,-16.875,31.3777,88.37571,8.920933,4.00015,True
314,-16.875,31.33473,87.97551,8.93344,3.660062,True
315,-16.875,31.29113,87.56955,8.946127,3.32794,True
316,-16.875,31.22864,87.1462,8.96431,3.016804,True
317,-16.875,31.13465,86.69835,8.991665,2.736419,True
318,-16.875,31.0894,86.27706,9.004831,2.429386,True
319,-16.875,31.00879,85.82961,9.028291,2.156402,True
320,-16.875,30.8857,85.3533,9.064112,1.923987,True
321,-16.875,30.74429,84.86399,9.105261,1.715107,True
322,-16.875,30.66876,84.41035,9.127241,1.465447,True
323,-16.875,30.5938,83.95377,9.149055,1.224044,True
324,-16.875,30.50194,83.48495,9.175786,1.004704,True
325,-16.875,30.40657,83.0118,9.203539,0.7972442,True
326,-16.875,30.31152,82.5366,9.2312,0.5986825,True
327,-16.875,30.23914,82.07063,9.252261,0.3907375,True
328,-16.875,29.9749,81.50941,9.329157,0.35,True
329,-16.875,29.6762,80.93523,9.416081,0.35,True
330,-16.875,29.39225,80.37221,9.498713,0.35,True
331,-16.875,29.12246,79.81967,9.577222,0.35,True
332,-16.875,28.8663,79.27705,9.651763,0.35,True
333,-16.875,28.62325,78.74372,9.722493,0.35,True
334,-16.875,28.39284,78.21915,9.789543,0.35,True
335,-16.875,28.17462,77.70279,9.853046,0.35,True
336,-16.875,27.96818,77.19414,9.913122,0.35,True
337,-16.875,27.77315,76.69276,9.969878,0.35,True
338,-16.875,27.58916,76.19817,10.02342,0.35,True
339,-16.875,27.41589,75.70994,10.07384,0.35,True
340,-16.875,27.25303,75.22765,10.12123,0.35,True
341,-16.875,27.1003,74.75092,10.16568,0.35,True
342,-16.875,26.95744,74.27936,10.20725,0.35,True
343,-16.875,26.82421,73.8126,10.24603,0.35,True
344,-16.875,26.70038,73.3503,10.28206,0.35,True
345,-16.875,26.58575,72.89211,10.31542,0.35,True
346,-16.875,26.48013,72.43768,10.34616,0.35,True
347,-16.875,26.38335,71.98672,10.37432,0.35,True
348,-16.875,26.29525,71.53892,10.39995,0.35,True
349,-16.875,26.21571,71.09396,10.4231,0.35,True
350,-16.875,26.14458,70.65155,10.4438,0.35,True
351,-16.875,26.08176,70.21139,10.46208,0.35,True
352,-16.875,26.02715,69.77321,10.47797,0.35,True
353,-16.875,25.98066,69.33674,10.4915,0.35,True
354,-16.875,25.94223,68.90169,10.50269,0.35,True
355,-16.875,25.9118,68.46779,10.51154,0.35,True
356,-16.875,25.88931,68.03476,10.51809,0.35,True
357,-16.875,25.87473,67.60237,10.52233,0.35,True
358,-16.875,25.86805,67.17033,10.52427,0.35,True
359,-16.875,25.86925,66.73839,10.52392,0.35,True
0,-22.5,26.02537,66.3022,8.075444,1.071569,True
1,-22.5,26.04392,65.88218,8.068333,1.070642,True
2,-22.5,26.07314,65.46127,8.057133,1.067235,True
3,-22.5,26.07314,65.04211,8.057134,1.098103,True
4,-22.5,26.10727,64.62042,8.044049,1.104914,True
5,-22.5,26.13763,64.19877,8.032411,1.122594,True
6,-22.5,26.16868,63.77692,8.020509,1.147067,True
7,-22.5,26.16868,63.35941,8.020509,1.207316,True
8,-22.5,26.16868,62.94302,8.020509,1.274843,True
9,-22.5,26.19523,62.52331,8.010331,1.325532,True
10,-22.5,26.21644,62.10513,8.002197,1.38845,True
11,-22.5,26.21645,61.69209,8.002197,1.477835,True
12,-22.5,26.21645,61.28067,8.002197,1.574419,True
13,-22.5,26.21644,60.871,8.002198,1.678171,True
14,-22.5,26.21645,60.4632,8.002197,1.789051,True
15,-22.5,26.21644,60.0574,8.002197,1.907037,True
16,-22.5,26.21645,59.65372,8.002197,2.032084,True
17,-22.5,26.21645,59.25229,8.002197,2.164156,True
18,-22.5,26.21645,58.85322,8.002197,2.303217,True
19,-22.5,26.21645,58.45664,8.002197,2.449221,True
20,-22.5,26.21645,58.06267,8.002197,2.602125,True
21,-22.5,26.21644,57.67142,8.002197,2.761882,True
22,-22.5,26.21645,57.28303,8.002197,2.928438,True
23,-22.5,26.21644,56.8976,8.002198,3.101753,True
24,-22.5,26.21644,56.51525,8.002198,3.281765,True
25,-22.5,26.21644,56.1361,8.002197,3.468423,True
26,-22.5,26.21644,55.76027,8.002198,3.661669,True
27,-22.5,26.21645,55.38787,8.002197,3.861442,True
28,-22.5,26.21644,55.01901,8.002197,4.067691,True
29,-22.5,26.21645,54.65381,8.002198,4.280341,True
30,-22.5,26.21645,54.29237,8.002196,4.49933,True
31,-22.5,26.21644,53.93481,8.002197,4.724599,True
32,-22.5,26.21645,53.58124,8.002197,4.956074,True
33,-22.5,26.21644,53.23176,8.002198,5.193684,True
34,-22.5,26.21645,52.88648,8.002197,5.437352,True
35,-22.5,26.21644,52.54551,8.002197,5.687012,True
36,-22.5,26.21645,52.20894,8.002197,5.942584,True
37,-22.5,26.21645,51.87688,8.002197,6.203992,True
38,-22.5,26.21645,51.54945,8.002197,6.471156,True
39,-22.5,26.21645,51.22672,8.002197,6.743994,True
40,-22.5,26.21645,50.90881,8.002197,7.02242,True
41,-22.5,26.21644,50.59579,8.002198,7.306357,True
42,-22.5,26.21645,50.28778,8.002197,7.59571,True
43,-22.5,26.21645,49.98488,8.002197,7.890393,True
44,-22.5,26.21645,49.68716,8.002198,8.190322,True
45,-22.5,26.21645,49.39471,8.002197,8.495399,True
46,-22.5,26.21644,49.10764,8.002197,8.805534,True
47,-22.5,26.21645,48.82603,8.002197,9.12063,True
48,-22.5,26.21645,48.54995,8.002197,9.440595,True
49,-22.5,26.21645,48.27951,8.002197,9.765328,True
50,-22.5,26.21645,48.01477,8.002197,10.09473,True
51,-22.5,26.21645,47.75582,8.002197,10.4287,True
52,-22.5,26.21645,47.50274,8.002197,10.76715,True
53,-22.5,26.21645,47.2556,8.002197,11.10995,True
54,-22.5,26.21645,47.01448,8.002197,11.45702,True
55,-22.5,26.21645,46.77946,8.002197,11.80824,True
56,-22.5,26.21645,46.55061,8.002197,12.16352,True
57,-22.5,26.21644,46.32799,8.002197,12.52273,True
58,-22.5,26.21645,46.11166,8.002197,12.88577,True
59,-22.5,26.21645,45.90171,8.002197,13.25254,True
60,-22.5,26.21645,45.6982,8.002197,13.62291,True
61,-22.5,26.21644,45.50118,8.002198,13.99678,True
62,-22.5,26.21644,45.31071,8.002198,14.37402,True
63,-22.5,26.21644,45.12686,8.002197,14.75453,True
64,-22.5,26.21644,44.94968,8.002197,15.1382,True
65,-22.5,26.21644,44.77921,8.002197,15.5249,True
66,-22.5,26.21645,44.61552,8.002198,15.91452,True
67,-22.5,26.21645,44.45866,8.002197,16.30693,True
68,-22.5,26.21645,44.30867,8.002197,16.70202,True
69,-22.5,26.21644,44.1656,8.002198,17.09967,True
70,-22.5,26.21645,44.02949,8.002197,17.49975,True
71,-22.5,26.21644,43.90039,8.002197,17.90215,True
72,-22.5,26.21645,43.77831,8.002196,18.30674,True
73,-22.5,26.21645,43.66333,8.002197,18.7134,True
74,-22.5,26.21645,43.55546,8.002198,19.12201,True
75,-22.5,26.21645,43.45473,8.002198,19.53243,True
76,-22.5,26.21644,43.3612,8.002197,19.94455,True
77,-22.5,26.21644,43.27486,8.002198,20.35824,True
78,-22.5,26.21645,43.19575,8.002197,20.77337,True
79,-22.5,26.21644,43.12391,8.002197,21.18982,True
80,-22.5,26.21645,43.05933,8.002197,21.60747,True
81,-22.5,26.21644,43.00207,8.002197,22.02617,True
82,-22.5,26.21644,42.95212,8.002197,22.44581,True
83,-22.5,26.21645,42.90949,8.002197,22.86626,True
84,-22.5,26.21645,42.87421,8.002197,23.28739,True
85,-22.5,26.21645,42.84629,8.002197,23.70906,True
86,-22.5,26.21645,42.82573,8.002197,24.13117,True
87,-22.5,26.21644,42.81255,8.002198,24.55357,True
88,-22.5,26.21644,42.80672,8.002197,24.97614,True
89,-22.5,26.21644,42.80828,8.002197,25.39873,True
90,-22.5,26.21644,42.81722,8.002197,25.82124,True
91,-22.5,26.18605,42.86156,8.013849,26.2422,True
92,-22.5,26.16868,42.90123,8.020509,26.66261,True
93,-22.5,26.16867,42.93221,8.020509,27.08331,True
94,-22.5,26.16867,42.97053,8.02051,27.5034,True
95,-22.5,26.15807,43.02589,8.024575,27.92161,True
96,-22.5,26.11485,43.11838,8.04114,28.33458,True
97,-22.5,26.07314,43.21659,8.057133,28.7454,True
98,-22.5,26.07314,43.28387,8.057133,29.16026,True
99,-22.5,26.03207,43.39565,8.072874,29.56685,True
100,-22.5,25.97732,43.52675,8.093863,29.96821,True
101,-22.5,25.92354,43.66378,8.114478,30.36656,True
102,-22.5,25.87074,43.80666,8.134718,30.76182,True
103,-22.5,25.81893,43.95533,8.154582,31.15394,True
104,-22.5,25.76811,44.10971,8.174064,31.54284,True
105,-22.5,25.69764,44.28802,8.201077,31.92298,True
106,-22.5,25.61794,44.48072,8.23163,32.29628,True
107,-22.5,25.5563,44.6637,8.25526,32.67029,True
108,-22.5,25.49632,44.8514,8.278249,33.04062,True
109,-22.5,25.4325,45.04854,8.302718,33.40546,True
110,-22.5,25.34391,45.27288,8.336676,33.75739,True
111,-22.5,25.26534,45.49426,8.366793,34.10759,True
112,-22.5,25.20298,45.7075,8.390697,34.45873,True
113,-22.5,25.14202,45.92527,8.414068,34.80573,True
114,-22.5,25.07708,46.15195,8.438963,35.14638,True
115,-22.5,25.00925,46.38646,8.464964,35.4809,True
116,-22.5,24.93576,46.63089,8.493135,35.80785,True
117,-22.5,24.86495,46.87827,8.52028,36.13065,True
118,-22.5,24.81052,47.11754,8.541143,36.45557,True
119,-22.5,24.75867,47.35996,8.561023,36.77673,True
120,-22.5,24.70936,47.60552,8.579922,37.09413,True
121,-22.5,24.6626,47.85418,8.597849,37.40779,True
122,-22.5,24.60652,48.11502,8.619344,37.71167,True
123,-22.5,24.54823,48.38229,8.64169,38.00903,True
124,-22.5,24.50476,48.64305,8.658353,38.3089,True
125,-22.5,24.46806,48.90359,8.672421,38.60735,True
126,-22.5,24.42145,49.17617,8.690291,38.89513,True
127,-22.5,24.38623,49.44506,8.703792,39.18411,True
128,-22.5,24.36737,49.70699,8.711022,39.47757,True
129,-22.5,24.34592,49.97559,8.719245,39.76461,True
130,-22.5,24.3215,50.25099,8.728605,40.04483,True
131,-22.5,24.30689,50.52431,8.734205,40.32607,True
132,-22.5,24.29308,50.80181,8.739501,40.60283,True
133,-22.5,24.27669,51.08564,8.745784,40.87286,True
134,-22.5,24.26963,51.36792,8.748487,41.14388,True
135,-22.5,24.27275,51.64838,8.747294,41.41671,True
136,-22.5,24.27843,51.93198,8.745116,41.68637,True
137,-22.5,24.28668,52.21876,8.741954,41.9529,True
138,-22.5,24.29751,52.5087,8.737803,42.21628,True
139,-22.5,24.31092,52.80183,8.732662,42.47652,True
140,-22.5,24.3269,53.09814,8.726534,42.7336,True
141,-22.5,24.35738,53.39099,8.714853,42.99628,True
142,-22.5,24.39251,53.68623,8.701384,43.25757,True
143,-22.5,24.42175,53.98958,8.690175,43.50956,True
144,-22.5,24.44817,54.29915,8.680049,43.75433,True
145,-22.5,24.48002,54.61053,8.667835,43.99809,True
146,-22.5,24.52505,54.92006,8.650577,44.24694,True
147,-22.5,24.57259,55.2333,8.632354,44.49273,True
148,-22.5,24.62265,55.55025,8.613164,44.7354,True
149,-22.5,24.66329,55.87635,8.597584,44.96533,True
150,-22.5,24.69964,56.20887,8.583646,45.18635,True
151,-22.5,24.75497,56.53768,8.562435,45.4174,True
152,-22.5,24.81329,56.87004,8.540085,45.64553,True
153,-22.5,24.86595,57.20941,8.519897,45.86352,True
154,-22.5,24.92427,57.55116,8.497538,46.08068,True
155,-22.5,24.98448,57.89681,8.474459,46.29382,True
156,-22.5,25.03489,58.25046,8.455136,46.49289,True
157,-22.5,25.08766,58.60749,8.434908,46.6881,True
158,-22.5,25.14308,58.96782,8.413663,46.87964,True
159,-22.5,25.20285,59.33096,8.390746,47.06896,True
160,-22.5,25.25114,59.70157,8.372237,47.24216,True
161,-22.5,25.32068,60.07007,8.345581,47.42784,True
162,-22.5,25.38743,60.44354,8.319994,47.6049,True
163,-22.5,25.43344,60.82613,8.302353,47.75725,True
164,-22.5,25.47365,61.21338,8.286939,47.89789,True
165,-22.5,25.51608,61.60316,8.270673,48.03389,True
166,-22.5,25.55051,61.99751,8.257474,48.15601,True
167,-22.5,25.58662,62.39416,8.243636,48.27286,True
168,-22.5,25.62439,62.79309,8.229158,48.38439,True
169,-22.5,25.66382,63.19426,8.214039,48.49056,True
170,-22.5,25.70494,63.59762,8.198277,48.59135,True
171,-22.5,25.74774,64.00314,8.18187,48.68671,True
172,-22.5,25.79221,64.41077,8.16482,48.7766,True
173,-22.5,25.82858,64.82133,8.150882,48.85197,True
174,-22.5,25.85294,65.23454,8.141543,48.90917,True
175,-22.5,25.85889,65.65005,8.139264,48.94219,True
176,-22.5,25.88883,66.0653,8.127784,48.9901,True
177,-22.5,25.89888,66.48221,8.12393,49.01241,True
178,-22.5,25.91997,66.89956,8.115848,49.03763,True
179,-22.5,25.94981,67.31773,8.104406,49.06365,True
180,-22.5,25.98076,67.73679,8.092544,49.08337,True
181,-22.5,26.00352,68.15627,8.083817,49.08821,True
182,-22.5,26.03552,68.5767,8.071552,49.09422,True
183,-22.5,26.03786,68.99543,8.070656,49.06555,True
184,-22.5,26.0616,69.4156,8.061554,49.04924,True
185,-22.5,26.08864,69.83617,8.051189,49.0286,True
186,-22.5,26.09264,70.25388,8.049654,48.97947,True
187,-22.5,26.12468,70.67465,8.037373,48.94864,True
188,-22.5,26.14679,71.09379,8.0289,48.90136,True
189,-22.5,26.15439,71.5099,8.025984,48.83353,True
190,-22.5,26.16867,71.92613,8.020509,48.76448,True
191,-22.5,26.16867,72.33842,8.020509,48.67525,True
192,-22.5,26.16868,72.74909,8.020509,48.57885,True
193,-22.5,26.17435,73.15935,8.018334,48.48035,True
194,-22.5,26.18906,73.57017,8.012693,48.38272,True
195,-22.5,26.20965,73.98102,8.004802,48.28308,True
196,-22.5,26.21644,74.3865,8.002197,48.16404,True
197,-22.5,26.21645,74.78793,8.002197,48.03197,True
198,-22.5,26.21644,75.187,8.002197,47.89291,True
199,-22.5,26.21645,75.58358,8.002197,47.74691,True
200,-22.5,26.21644,75.97755,8.002197,47.594,True
201,-22.5,26.21644,76.3688,8.002197,47.43424,True
202,-22.5,26.21644,76.75719,8.002197,47.26768,True
203,-22.5,26.21645,77.14262,8.002197,47.09438,True
204,-22.5,26.21645,77.52497,8.002197,46.91437,True
205,-22.5,26.21644,77.90411,8.002197,46.7277,True
206,-22.5,26.21644,78.27995,8.002197,46.53446,True
207,-22.5,26.21644,78.65235,8.002197,46.33468,True
208,-22.5,26.21644,79.02121,8.002198,46.12844,True
209,-22.5,26.21644,79.38641,8.002197,45.91578,True
210,-22.5,26.21644,79.74785,8.002197,45.69678,True
211,-22.5,26.21645,80.10541,8.002197,45.47153,True
212,-22.5,26.21644,80.45898,8.002197,45.24005,True
213,-22.5,26.21644,80.80846,8.002197,45.00245,True
214,-22.5,26.21644,81.15374,8.002197,44.75877,True
215,-22.5,26.21644,81.49471,8.002197,44.50911,True
216,-22.5,26.21644,81.83128,8.002197,44.25354,True
217,-22.5,26.21644,82.16333,8.002197,43.99213,True
218,-22.5,26.21644,82.49077,8.002198,43.72497,True
219,-22.5,26.21644,82.8135,8.002197,43.45213,True
220,-22.5,26.21645,83.13142,8.002197,43.1737,True
221,-22.5,26.21644,83.44443,8.002197,42.88977,True
222,-22.5,26.21644,83.75243,8.002197,42.60042,True
223,-22.5,26.19583,84.04195,8.010099,42.29221,True
224,-22.5,26.17282,84.32423,8.018921,41.97767,True
225,-22.5,26.16868,84.6134,8.020509,41.67048,True
226,-22.5,26.17339,84.90316,8.018703,41.36384,True
227,-22.5,26.16867,85.18104,8.020509,41.04638,True
228,-22.5,26.16867,85.45661,8.020509,40.72701,True
229,-22.5,26.16867,85.72656,8.020509,40.40286,True
230,-22.5,26.16867,85.99082,8.020509,40.07406,True
231,-22.5,26.15972,86.24272,8.023944,39.73568,True
232,-22.5,26.14031,86.4808,8.031384,39.38736,True
233,-22.5,26.12139,86.71296,8.038638,39.03545,True
234,-22.5,26.10294,86.93912,8.045708,38.68005,True
235,-22.5,26.11088,87.17926,8.042664,38.33436,True
236,-22.5,26.11245,87.40842,8.042063,37.9813,True
237,-22.5,26.09547,87.61675,8.048573,37.61537,True
238,-22.5,26.07898,87.81892,8.054892,37.24632,True
239,-22.5,26.0759,88.02529,8.056071,36.8801,True
240,-22.5,26.09233,88.24108,8.049774,36.51889,True
241,-22.5,26.07735,88.42487,8.055517,36.14045,True
242,-22.5,26.06161,88.6013,8.061548,35.75877,True
243,-22.5,26.05507,88.77859,8.06406,35.37792,True
244,-22.5,26.0802,88.97585,8.054424,35.00616,True
245,-22.5,26.06212,89.13009,8.061357,34.61487,True
246,-22.5,26.03883,89.27291,8.070285,34.21939,True
247,-22.5,26.04299,89.43229,8.068689,33.83103,True
248,-22.5,26.03164,89.57146,8.073038,33.43493,True
249,-22.5,26.04773,89.72755,8.06687,33.04498,True
250,-22.5,26.03938,89.85546,8.070073,32.64505,True
251,-22.5,26.0211,89.96757,8.07708,32.24036,True
252,-22.5,26.02109,90.08871,8.077084,31.83878,True
253,-22.5,26.02748,90.20853,8.074636,31.43671,True
254,-22.5,26.01407,90.30363,8.079774,31.02799,True
255,-22.5,25.99986,90.3908,8.085221,30.61772,True
256,-22.5,25.98668,90.47168,8.090276,30.20641,True
257,-22.5,25.97452,90.54624,8.094937,29.79415,True
258,-22.5,25.96338,90.61449,8.099204,29.38101,True
259,-22.5,25.95328,90.67645,8.103076,28.96707,True
260,-22.5,25.94422,90.73209,8.106553,28.55241,True
261,-22.5,25.93617,90.78139,8.109635,28.13711,True
262,-22.5,25.92916,90.82437,8.11232,27.72125,True
263,-22.5,25.92319,90.86103,8.114614,27.3049,True
264,-22.5,25.90915,90.88299,8.119996,26.88751,True
265,-22.5,25.8758,90.87983,8.132777,26.46901,True
266,-22.5,25.84756,90.87405,8.143607,26.05135,True
267,-22.5,25.82657,90.86768,8.15165,25.63446,True
268,-22.5,25.82379,90.87084,8.152715,25.21817,True
269,-22.5,25.79644,90.84405,8.163202,24.8022,True
270,-22.5,25.76996,90.81081,8.173351,24.3872,True
271,-22.5,25.74625,90.77291,8.182443,23.97314,True
272,-22.5,25.72341,90.72861,8.191196,23.56014,True
273,-22.5,25.69208,90.66932,8.203206,23.14897,True
274,-22.5,25.66832,90.60986,8.212311,22.73871,True
275,-22.5,25.64569,90.54433,8.220993,22.32982,True
276,-22.5,25.62414,90.47272,8.229251,21.92236,True
277,-22.5,25.58251,90.37572,8.245209,21.51937,True
278,-22.5,25.54227,90.27306,8.260637,21.11856,True
279,-22.5,25.50368,90.16505,8.275426,20.71997,True
280,-22.5,25.46678,90.05174,8.289574,20.32363,True
281,-22.5,25.43153,89.93315,8.303086,19.92956,True
282,-22.5,25.39794,89.80933,8.315962,19.53782,True
283,-22.5,25.36601,89.68029,8.328202,19.14842,True
284,-22.5,25.33573,89.54608,8.339808,18.76142,True
285,-22.5,25.30711,89.40675,8.350781,18.37686,True
286,-22.5,25.28013,89.2623,8.361122,17.99477,True
287,-22.5,25.25481,89.11279,8.370831,17.61518,True
288,-22.5,25.23113,88.95824,8.379909,17.23811,True
289,-22.5,25.20909,88.79868,8.388355,16.86364,True
290,-22.5,25.18871,88.63416,8.396173,16.49177,True
291,-22.5,25.16995,88.46469,8.403362,16.12256,True
292,-22.5,25.15284,88.29031,8.409922,15.75602,True
293,-22.5,25.13736,88.11104,8.415855,15.39219,True
294,-22.5,25.11079,87.91633,8.426039,15.03624,True
295,-22.5,25.07619,87.70899,8.439302,14.68744,True
296,-22.5,25.06313,87.51348,8.444309,14.33357,True
297,-22.5,25.05421,87.31526,8.447731,13.98151,True
298,-22.5,25.04691,87.1123,8.450528,13.63234,True
299,-22.5,25.02939,86.89523,8.457243,13.2917,True
300,-22.5,25.00402,86.66621,8.466969,12.95894,True
301,-22.5,24.9805,86.4331,8.475985,12.62967,True
302,-22.5,24.95888,86.19592,8.484272,12.30383,True
303,-22.5,24.95973,85.97035,8.483949,11.97067,True
304,-22.5,24.95736,85.73659,8.484856,11.64322,True
305,-22.5,24.9412,85.48695,8.491048,11.32755,True
306,-22.5,24.92689,85.23336,8.496535,11.01544,True
307,-22.5,24.91442,84.97581,8.501315,10.70692,True
308,-22.5,24.90379,84.71437,8.505389,10.40201,True
309,-22.5,24.89501,84.44904,8.508759,10.10074,True
310,-22.5,24.87865,84.17338,8.515027,9.808899,True
311,-22.5,24.85606,83.8886,8.523689,9.526019,True
312,-22.5,24.84632,83.60776,8.527422,9.240203,True
313,-22.5,24.84454,83.3273,8.528105,8.954285,True
314,-22.5,24.83553,83.03725,8.531557,8.678098,True
315,-22.5,24.82123,82.7392,8.537041,8.410679,True
316,-22.5,24.81925,82.44434,8.537801,8.140241,True
317,-22.5,24.8265,82.15044,8.53502,7.868593,True
318,-22.5,24.82546,81.84683,8.535419,7.60789,True
319,-22.5,24.81942,81.53579,8.537733,7.356108,True
320,-22.5,24.82827,81.22901,8.534342,7.099066,True
321,-22.5,24.84456,80.92184,8.528097,6.841859,True
322,-22.5,24.84843,80.60322,8.526613,6.599136,True
323,-22.5,24.85067,80.27949,8.525755,6.363208,True
324,-22.5,24.8734,79.96233,8.517038,6.117305,True
325,-22.5,24.895,79.64005,8.508761,5.877654,True
326,-22.5,24.91738,79.31374,8.500181,5.642858,True
327,-22.5,24.94161,78.98394,8.490892,5.412137,True
328,-22.5,24.9677,78.6507,8.480893,5.185537,True
329,-22.5,24.99563,78.31403,8.470185,4.963086,True
330,-22.5,25.02542,77.97395,8.458764,4.744814,True
331,-22.5,25.0753,77.63818,8.439645,4.515803,True
332,-22.5,25.13002,77.29974,8.418667,4.288311,True
333,-22.5,25.18692,76.95744,8.396856,4.064566,True
334,-22.5,25.246,76.61129,8.374207,3.844598,True
335,-22.5,25.30573,76.26072,8.351313,3.629782,True
336,-22.5,25.37723,75.90968,8.323903,3.41067,True
337,-22.5,25.45457,75.55576,8.294254,3.192274,True
338,-22.5,25.51203,75.19056,8.272229,2.996863,True
339,-22.5,25.57116,74.82164,8.249564,2.806093,True
340,-22.5,25.63195,74.44902,8.226258,2.62002,True
341,-22.5,25.67101,74.06631,8.211287,2.459347,True
342,-22.5,25.71176,73.68069,8.195663,2.303689,True
343,-22.5,25.76196,73.29409,8.176421,2.146199,True
344,-22.5,25.81315,72.90424,8.156798,1.994381,True
345,-22.5,25.85449,72.50891,8.140952,1.858049,True
346,-22.5,25.87799,72.10709,8.131942,1.744585,True
347,-22.5,25.88206,71.69948,8.130379,1.655669,True
348,-22.5,25.88315,71.28982,8.129963,1.576587,True
349,-22.5,25.90868,70.88247,8.120175,1.482383,True
350,-22.5,25.92984,70.47255,8.112067,1.399239,True
351,-22.5,25.92983,70.05841,8.112067,1.342595,True
352,-22.5,25.93904,69.64429,8.108541,1.28474,True
353,-22.5,25.93584,69.22803,8.109766,1.245511,True
354,-22.5,25.95804,68.81294,8.101254,1.190159,True
355,-22.5,25.9776,68.39645,8.093756,1.144474,True
356,-22.5,25.9776,67.9782,8.093756,1.124105,True
357,-22.5,25.9776,67.55964,8.093756,1.111031,True
358,-22.5,25.99089,67.14099,8.088663,1.093,True
359,-22.5,26.02279,66.72166,8.076432,1.065078,True
