angle,vert_angle,dist,x,y,z,height
22.0,22.5,42.1403694152832,36.410282135009766,9.575920104980469,49.2463493347168,7.978909492492676
23.0,22.5,39.14979934692383,39.45857238769531,9.53873348236084,48.855838775634766,7.978909492492676
24.0,22.5,37.477413177490234,41.259483337402344,9.517936706542969,48.860530853271484,7.978909492492676
25.0,22.5,36.09211349487305,42.78500747680664,9.500710487365723,48.91969299316406,7.978909492492676
26.0,22.5,34.851890563964844,44.16925811767578,9.485288619995117,48.989410400390625,7.978909492492676
27.0,22.5,34.11421585083008,45.090606689453125,9.476115226745605,49.22881317138672,7.978909492492676
28.0,22.5,33.11588668823242,46.244384765625,9.463701248168945,49.325645446777344,7.978909492492676
29.0,22.5,32.512210845947266,47.040706634521484,9.456194877624512,49.56679916381836,7.978909492492676
30.0,22.5,31.76177406311035,47.96562194824219,9.446863174438477,49.715457916259766,7.978909492492676
31.0,22.5,31.18233299255371,48.73738098144531,9.439657211303711,49.919734954833984,7.978909492492676
32.0,22.5,30.5673828125,49.538291931152344,9.432010650634766,50.08389663696289,7.978909492492676
33.0,22.5,30.198806762695312,50.12562561035156,9.427427291870117,50.35223388671875,7.978909492492676
34.0,22.5,29.802776336669922,50.7374267578125,9.422502517700195,50.59019470214844,7.978909492492676
35.0,22.5,29.296981811523438,51.44145202636719,9.416213035583496,50.75161361694336,7.978909492492676
36.0,22.5,29.032276153564453,51.94378662109375,9.412921905517578,51.0286865234375,7.978909492492676
37.0,22.5,28.696388244628906,52.50645065307617,9.408745765686035,51.25217819213867,7.978909492492676
38.0,22.5,28.365238189697266,53.06568908691406,9.404626846313477,51.46384048461914,7.978909492492676
39.0,22.5,28.13530731201172,53.54441452026367,9.401768684387207,51.722190856933594,7.978909492492676
40.0,22.5,27.926597595214844,54.0084342956543,9.39917278289795,51.982078552246094,7.978909492492676
41.0,22.5,27.683597564697266,54.50123596191406,9.396150588989258,52.20933532714844,7.978909492492676
42.0,22.5,27.527294158935547,54.928955078125,9.394207000732422,52.48058319091797,7.978909492492676
43.0,22.5,27.292762756347656,55.41847229003906,9.391290664672852,52.69078826904297,7.978909492492676
44.0,22.5,27.112613677978516,55.86854553222656,9.389050483703613,52.92584991455078,7.978909492492676
45.0,22.5,27.034324645996094,56.24620819091797,9.388077735900879,53.220359802246094,7.978909492492676
46.0,22.5,26.923660278320312,56.651241302490234,9.386700630187988,53.48469543457031,7.978909492492676
47.0,22.5,26.844234466552734,57.03743362426758,9.385713577270508,53.76268768310547,7.978909492492676
48.0,22.5,26.784423828125,57.41383743286133,9.384969711303711,54.04707336425781,7.978909492492676
49.0,22.5,26.744827270507812,57.78064727783203,9.384477615356445,54.338951110839844,7.978909492492676
50.0,22.5,26.68233871459961,58.167259216308594,9.383700370788574,54.606868743896484,7.978909492492676
51.0,22.5,26.58840560913086,58.57823181152344,9.382532119750977,54.8434944152832,7.978909492492676
52.0,22.5,26.61701774597168,58.91349792480469,9.382887840270996,55.165916442871094,7.978909492492676
53.0,22.5,26.640352249145508,59.258033752441406,9.3831787109375,55.47864532470703,7.978909492492676
54.0,22.5,26.649368286132812,59.61708450317383,9.38329029083252,55.77425765991211,7.978909492492676
55.0,22.5,21.031368255615234,63.35614013671875,9.313430786132812,51.56151580810547,7.978909492492676
56.0,22.5,26.742305755615234,60.3068962097168,9.384446144104004,56.4074592590332,7.978909492492676
57.0,22.5,26.806625366210938,60.6507682800293,9.385246276855469,56.73028564453125,7.978909492492676
58.0,22.5,26.902151107788086,60.983768463134766,9.386433601379395,57.0736083984375,7.978909492492676
59.0,22.5,27.001697540283203,61.321922302246094,9.38767147064209,57.41536331176758,7.978909492492676
60.0,22.5,27.110496520996094,61.66257095336914,9.389023780822754,57.75994873046875,7.978909492492676
61.0,22.5,27.23594093322754,62.00227355957031,9.390583992004395,58.11381912231445,7.978909492492676
62.0,22.5,27.42011260986328,62.32075119018555,9.392874717712402,58.51374053955078,7.978909492492676
63.0,22.5,27.57147789001465,62.66478729248047,9.394756317138672,58.880882263183594,7.978909492492676
64.0,22.5,27.745616912841797,63.00687789916992,9.39692211151123,59.26335906982422,7.978909492492676
65.0,22.5,27.911373138427734,63.36206817626953,9.398983001708984,59.633724212646484,7.978909492492676
66.0,22.5,28.143571853637695,63.697288513183594,9.401870727539062,60.058902740478516,7.978909492492676
67.0,22.5,28.42311668395996,64.02363586425781,9.40534782409668,60.522857666015625,7.978909492492676
68.0,22.5,28.75220489501953,64.34244537353516,9.409439086914062,61.02836608886719,7.978909492492676
69.0,22.5,29.000627517700195,64.70662689208984,9.412528038024902,61.45618438720703,7.978909492492676
70.0,22.5,29.33754539489746,65.0492935180664,9.416718482971191,61.961360931396484,7.978909492492676
71.0,22.5,29.68352508544922,65.40296936035156,9.421019554138184,62.47108840942383,7.978909492492676
72.0,22.5,30.059446334838867,65.760986328125,9.425694465637207,63.004825592041016,7.978909492492676
73.0,22.5,30.506786346435547,66.11136627197266,9.431257247924805,63.60198974609375,7.978909492492676
74.0,22.5,31.01934814453125,66.45952606201172,9.437630653381348,64.25747680664062,7.978909492492676
75.0,22.5,31.503068923950195,66.83598327636719,9.443646430969238,64.8818588256836,7.978909492492676
76.0,22.5,32.15447235107422,67.1855697631836,9.451745986938477,65.66324615478516,7.978909492492676
77.0,22.5,32.78520202636719,67.56500244140625,9.459589004516602,66.42144012451172,7.978909492492676
78.0,22.5,33.43950271606445,67.96261596679688,9.467724800109863,67.1985092163086,7.978909492492676
79.0,22.5,34.239891052246094,68.35234832763672,9.477679252624512,68.11357116699219,7.978909492492676
80.0,22.5,35.06525421142578,68.76651763916016,9.487940788269043,69.04912567138672,7.978909492492676
81.0,22.5,36.04959487915039,69.18112182617188,9.500182151794434,70.13626098632812,7.978909492492676
82.0,22.5,37.234615325927734,69.59719848632812,9.514917373657227,71.41679382324219,7.978909492492676
83.0,22.5,38.48173522949219,70.0464096069336,9.530425071716309,72.75457763671875,7.978909492492676
84.0,22.5,40.28037643432617,70.46505737304688,9.552791595458984,74.6337890625,7.978909492492676
85.0,22.5,42.38838195800781,70.91064453125,9.579004287719727,76.8165512084961,7.978909492492676
86.0,22.5,45.322349548339844,71.3465805053711,9.615488052368164,79.8168716430664,7.978909492492676
21.0,16.875,45.023136138916016,33.42277145385742,9.466232299804688,49.45441436767578,7.978909492492676
22.0,16.875,40.29154586791992,38.129817962646484,9.422689437866211,48.5699577331543,7.978909492492676
23.0,16.875,38.45292663574219,40.092506408691406,9.405769348144531,48.56684875488281,7.978909492492676
24.0,16.875,37.059967041015625,41.63008499145508,9.392951011657715,48.667198181152344,7.978909492492676
25.0,16.875,35.56074523925781,43.25759506225586,9.379154205322266,48.67659378051758,7.978909492492676
26.0,16.875,34.40011978149414,44.56544876098633,9.368474006652832,48.77177047729492,7.978909492492676
27.0,16.875,33.54991912841797,45.58519744873047,9.360650062561035,48.957279205322266,7.978909492492676
28.0,16.875,32.70009994506836,46.601280212402344,9.352828979492188,49.11175537109375,7.978909492492676
29.0,16.875,31.92046356201172,47.55078125,9.34565544128418,49.26715850830078,7.978909492492676
30.0,16.875,31.330669403076172,48.329071044921875,9.340227127075195,49.483280181884766,7.978909492492676
31.0,16.875,30.77186393737793,49.07900619506836,9.335084915161133,49.69180679321289,7.978909492492676
32.0,16.875,30.227209091186523,49.81541061401367,9.330072402954102,49.885826110839844,7.978909492492676
33.0,16.875,29.91349983215332,50.352474212646484,9.32718563079834,50.178016662597656,7.978909492492676
34.0,16.875,29.433815002441406,51.03230667114258,9.322771072387695,50.36796188354492,7.978909492492676
35.0,16.875,29.03836441040039,51.6402702331543,9.319131851196289,50.58494186401367,7.978909492492676
36.0,16.875,28.818498611450195,52.102691650390625,9.317109107971191,50.8839225769043,7.978909492492676
37.0,16.875,28.394996643066406,52.73471450805664,9.313211441040039,51.054588317871094,7.978909492492676
38.0,16.875,28.127735137939453,53.23905944824219,9.310751914978027,51.30020523071289,7.978909492492676
39.0,16.875,27.87407684326172,53.73398208618164,9.308418273925781,51.541439056396484,7.978909492492676
40.0,16.875,27.662857055664062,54.19693374633789,9.306474685668945,51.79666519165039,7.978909492492676
41.0,16.875,27.475139617919922,54.643733978271484,9.304746627807617,52.05570983886719,7.978909492492676
42.0,16.875,27.299968719482422,55.08329391479492,9.30313491821289,52.312469482421875,7.978909492492676
43.0,16.875,27.052379608154297,55.57986831665039,9.30085563659668,52.5116081237793,7.978909492492676
44.0,16.875,26.954116821289062,55.96615219116211,9.299951553344727,52.79889678955078,7.978909492492676
45.0,16.875,26.858097076416016,56.354591369628906,9.299068450927734,53.07966995239258,7.978909492492676
46.0,16.875,26.715373992919922,56.7802619934082,9.297755241394043,53.31991195678711,7.978909492492676
47.0,16.875,26.632179260253906,57.16628646850586,9.296989440917969,53.59307098388672,7.978909492492676
48.0,16.875,26.54136848449707,57.56126022338867,9.296154022216797,53.85294723510742,7.978909492492676
49.0,16.875,26.4755916595459,57.94251251220703,9.295548439025879,54.12313461303711,7.978909492492676
50.0,16.875,22.59434700012207,60.87635040283203,9.259831428527832,51.546783447265625,7.978909492492676
51.0,16.875,22.085609436035156,61.505252838134766,9.255149841308594,51.4232177734375,7.978909492492676
52.0,16.875,21.76616668701172,62.00367736816406,9.252209663391113,51.4281120300293,7.978909492492676
53.0,16.875,21.21502113342285,62.64335250854492,9.247138023376465,51.24049758911133,7.978909492492676
54.0,16.875,20.80946922302246,63.182655334472656,9.243406295776367,51.15062713623047,7.978909492492676
55.0,16.875,20.310022354125977,63.771080017089844,9.238809585571289,50.971988677978516,7.978909492492676
56.0,16.875,20.15469741821289,64.14743041992188,9.237380027770996,51.05662155151367,7.978909492492676
57.0,16.875,20.143156051635742,64.4406967163086,9.237274169921875,51.25099563598633,7.978909492492676
58.0,16.875,20.264942169189453,64.66275787353516,9.238394737243652,51.550750732421875,7.978909492492676
59.0,16.875,26.796674728393555,61.408729553222656,9.298502922058105,57.228477478027344,7.978909492492676
60.0,16.875,26.903823852539062,61.74687576293945,9.29948902130127,57.57012176513672,7.978909492492676
61.0,16.875,27.020309448242188,62.08773422241211,9.30056095123291,57.914794921875,7.978909492492676
62.0,16.875,27.215896606445312,62.39685821533203,9.302360534667969,58.323055267333984,7.978909492492676
63.0,16.875,27.400699615478516,62.721248626708984,9.304061889648438,58.71809768676758,7.978909492492676
64.0,16.875,27.58464813232422,63.05572509765625,9.305754661560059,59.10819625854492,7.978909492492676
65.0,16.875,27.759462356567383,63.4039421081543,9.307363510131836,59.48573684692383,7.978909492492676
66.0,16.875,27.972675323486328,63.7446403503418,9.309325218200684,59.893028259277344,7.978909492492676
67.0,16.875,28.178823471069336,64.09873962402344,9.311222076416016,60.28950500488281,7.978909492492676
68.0,16.875,28.53280258178711,64.40304565429688,9.31447982788086,60.81636428833008,7.978909492492676
69.0,16.875,28.81296730041504,64.75091552734375,9.317058563232422,61.27229690551758,7.978909492492676
70.0,16.875,29.09838104248047,65.1092529296875,9.319684982299805,61.728824615478516,7.978909492492676
71.0,16.875,29.41961097717285,65.46734619140625,9.322640419006348,62.21430206298828,7.978909492492676
72.0,16.875,29.774742126464844,65.82756805419922,9.325908660888672,62.7272834777832,7.978909492492676
73.0,16.875,30.17584991455078,66.18762969970703,9.32960033416748,63.27945327758789,7.978909492492676
74.0,16.875,30.509571075439453,66.58464813232422,9.332670211791992,63.76335144042969,7.978909492492676
75.0,16.875,31.205415725708008,66.89024353027344,9.339075088500977,64.58843231201172,7.978909492492676
76.0,16.875,31.704971313476562,67.27566528320312,9.343671798706055,65.22272491455078,7.978909492492676
77.0,16.875,32.320247650146484,67.65071868896484,9.349333763122559,65.9643325805664,7.978909492492676
78.0,16.875,33.137969970703125,68.0003662109375,9.35685920715332,66.89844512939453,7.978909492492676
79.0,16.875,33.72916793823242,68.43077850341797,9.362299919128418,67.60884857177734,7.978909492492676
80.0,16.875,34.740501403808594,68.7968521118164,9.371606826782227,68.72490692138672,7.978909492492676
81.0,16.875,35.498321533203125,69.24766540527344,9.378580093383789,69.5889892578125,7.978909492492676
82.0,16.875,36.37018585205078,69.70686340332031,9.386602401733398,70.55979919433594,7.978909492492676
83.0,16.875,37.901763916015625,70.09569549560547,9.4006986618042,72.17665100097656,7.978909492492676
84.0,16.875,39.10173416137695,70.58479309082031,9.41174030303955,73.46195220947266,7.978909492492676
85.0,16.875,41.37435531616211,70.98785400390625,9.43265438079834,75.80602264404297,7.978909492492676
86.0,16.875,43.80371856689453,71.45503997802734,9.455010414123535,78.30303192138672,7.978909492492676
87.0,16.875,47.572052001953125,71.89319610595703,9.489689826965332,82.12950134277344,7.978909492492676
21.0,11.25,41.79847717285156,36.4589729309082,9.297740936279297,48.3712158203125,7.978909492492676
22.0,11.25,39.36797332763672,38.98626708984375,9.283446311950684,48.225765228271484,7.978909492492676
23.0,11.25,37.62420654296875,40.85481643676758,9.27319049835205,48.243080139160156,7.978909492492676
24.0,11.25,35.88665771484375,42.70644760131836,9.262970924377441,48.20179748535156,7.978909492492676
25.0,11.25,34.720829010009766,44.01935577392578,9.256114959716797,48.323970794677734,7.978909492492676
26.0,11.25,33.8518180847168,45.054996490478516,9.25100326538086,48.52547836303711,7.978909492492676
27.0,11.25,32.81089401245117,46.24345779418945,9.244881629943848,48.62232208251953,7.978909492492676
28.0,11.25,32.3521842956543,46.90249252319336,9.242183685302734,48.937618255615234,7.978909492492676
29.0,11.25,31.526994705200195,47.88976287841797,9.237330436706543,49.067588806152344,7.978909492492676
30.0,11.25,30.89657211303711,48.700592041015625,9.233622550964355,49.25910568237305,7.978909492492676
31.0,11.25,30.427425384521484,49.36838912963867,9.230863571166992,49.50505828857422,7.978909492492676
32.0,11.25,29.90655517578125,50.081111907958984,9.227799415588379,49.706302642822266,7.978909492492676
33.0,11.25,29.513689041137695,50.68294906616211,9.225488662719727,49.9532585144043,7.978909492492676
34.0,11.25,29.142541885375977,51.26700973510742,9.223306655883789,50.195350646972656,7.978909492492676
35.0,11.25,28.793285369873047,51.83336639404297,9.22125244140625,50.43368911743164,7.978909492492676
36.0,11.25,28.49596405029297,52.357398986816406,9.219503402709961,50.68609619140625,7.978909492492676
37.0,11.25,28.1527099609375,52.920413970947266,9.217484474182129,50.8986701965332,7.978909492492676
38.0,11.25,27.88300895690918,53.42410659790039,9.215898513793945,51.139793395996094,7.978909492492676
39.0,11.25,27.6202335357666,53.9235954284668,9.21435260772705,51.372474670410156,7.978909492492676
40.0,11.25,27.46170425415039,54.34217071533203,9.213420867919922,51.65700149536133,7.978909492492676
41.0,11.25,27.26575469970703,54.79299545288086,9.212267875671387,51.90845489501953,7.978909492492676
42.0,11.25,27.053913116455078,55.25812911987305,9.21102237701416,52.139137268066406,7.978909492492676
43.0,11.25,26.856781005859375,55.71371841430664,9.20986270904541,52.3685188293457,7.978909492492676
44.0,11.25,26.788372039794922,56.07536315917969,9.209460258483887,52.67353439331055,7.978909492492676
45.0,11.25,26.665851593017578,56.48101806640625,9.208740234375,52.934383392333984,7.978909492492676
46.0,11.25,26.46660614013672,56.94483947753906,9.207568168640137,53.13322448730469,7.978909492492676
47.0,11.25,26.395862579345703,57.31882858276367,9.207151412963867,53.412391662597656,7.978909492492676
48.0,11.25,26.292896270751953,57.7191162109375,9.20654582977295,53.660926818847656,7.978909492492676
49.0,11.25,26.221317291259766,58.100982666015625,9.206125259399414,53.92417526245117,7.978909492492676
50.0,11.25,22.407245635986328,60.988616943359375,9.183692932128906,51.396888732910156,7.978909492492676
51.0,11.25,21.870098114013672,61.63379669189453,9.180534362792969,51.25016403198242,7.978909492492676
52.0,11.25,21.185592651367188,62.363826751708984,9.176507949829102,50.973175048828125,7.978909492492676
53.0,11.25,20.827913284301758,62.87418746948242,9.17440414428711,50.930023193359375,7.978909492492676
54.0,11.25,20.502992630004883,63.35868453979492,9.172492980957031,50.89992141723633,7.978909492492676
55.0,11.25,20.165952682495117,63.845367431640625,9.170511245727539,50.848236083984375,7.978909492492676
56.0,11.25,19.953739166259766,64.2530517578125,9.169262886047363,50.8856086730957,7.978909492492676
57.0,11.25,19.67681121826172,64.69538116455078,9.167634010314941,50.86067199707031,7.978909492492676
58.0,11.25,19.434757232666016,65.1137466430664,9.166210174560547,50.854209899902344,7.978909492492676
59.0,11.25,19.32655143737793,65.45559692382812,9.165574073791504,50.9504280090332,7.978909492492676
60.0,11.25,19.548934936523438,65.62249755859375,9.166881561279297,51.320125579833984,7.978909492492676
61.0,11.25,26.778385162353516,62.19466781616211,9.209402084350586,57.697628021240234,7.978909492492676
62.0,11.25,26.912395477294922,62.53061294555664,9.210189819335938,58.0506477355957,7.978909492492676
63.0,11.25,27.10846710205078,62.84465026855469,9.211342811584473,58.453189849853516,7.978909492492676
64.0,11.25,27.32164764404297,63.16065216064453,9.212596893310547,58.86693572998047,7.978909492492676
65.0,11.25,27.593788146972656,63.46040344238281,9.214197158813477,59.32937240600586,7.978909492492676
66.0,11.25,27.807632446289062,63.79794692993164,9.215455055236816,59.736209869384766,7.978909492492676
67.0,11.25,27.995113372802734,64.15703582763672,9.216557502746582,60.11479568481445,7.978909492492676
68.0,11.25,28.227935791015625,64.50724029541016,9.217926979064941,60.52984619140625,7.978909492492676
69.0,11.25,28.468111038208008,64.8655014038086,9.219339370727539,60.947113037109375,7.978909492492676
70.0,11.25,28.77099609375,65.2114028930664,9.221120834350586,61.41781997680664,7.978909492492676
71.0,11.25,29.140705108642578,65.54650115966797,9.223295211791992,61.94675827026367,7.978909492492676
72.0,11.25,29.50090789794922,65.90005493164062,9.225414276123047,62.46308517456055,7.978909492492676
73.0,11.25,29.884143829345703,66.26101684570312,9.227667808532715,62.997039794921875,7.978909492492676
74.0,11.25,30.26004981994629,66.63984680175781,9.229879379272461,63.51976013183594,7.978909492492676
75.0,11.25,30.725522994995117,67.00787353515625,9.232616424560547,64.12342834472656,7.978909492492676
76.0,11.25,31.358980178833008,67.3479995727539,9.23634147644043,64.88439178466797,7.978909492492676
77.0,11.25,31.93624496459961,67.72649383544922,9.239736557006836,65.58795928955078,7.978909492492676
78.0,11.25,32.533477783203125,68.12215423583984,9.243249893188477,66.30670928955078,7.978909492492676
79.0,11.25,33.31082534790039,68.50005340576172,9.247821807861328,67.19639587402344,7.978909492492676
80.0,11.25,34.077030181884766,68.90897369384766,9.252328872680664,68.07138061523438,7.978909492492676
81.0,11.25,35.06243896484375,69.3045425415039,9.258123397827148,69.15695190429688,7.978909492492676
82.0,11.25,35.81350326538086,69.77643585205078,9.262540817260742,70.00776672363281,7.978909492492676
83.0,11.25,37.28030776977539,70.16458129882812,9.271167755126953,71.55936431884766,7.978909492492676
84.0,11.25,38.37519836425781,70.65656280517578,9.277607917785645,72.73939514160156,7.978909492492676
85.0,11.25,40.10948181152344,71.11054229736328,9.28780746459961,74.54781341552734,7.978909492492676
86.0,11.25,42.4398193359375,71.5642318725586,9.301513671875,76.94425964355469,7.978909492492676
87.0,11.25,44.951236724853516,72.08450317382812,9.316283226013184,79.51669311523438,7.978909492492676
20.0,5.625,44.00076675415039,34.12682342529297,9.162071228027344,48.344608306884766,7.978909492492676
21.0,5.625,40.423248291015625,37.752960205078125,9.153114318847656,47.90700149536133,7.978909492492676
22.0,5.625,38.15782928466797,40.11722183227539,9.147442817687988,47.796478271484375,7.978909492492676
23.0,5.625,36.419532775878906,41.97328186035156,9.14309024810791,47.7967414855957,7.978909492492676
24.0,5.625,35.01409912109375,43.50935363769531,9.139571189880371,47.86117172241211,7.978909492492676
25.0,5.625,34.1721076965332,44.518341064453125,9.137463569641113,48.09645080566406,7.978909492492676
26.0,5.625,33.24871826171875,45.599761962890625,9.135151863098145,48.2674674987793,7.978909492492676
27.0,5.625,32.49665069580078,46.52207946777344,9.133268356323242,48.477386474609375,7.978909492492676
28.0,5.625,31.838470458984375,47.357887268066406,9.131620407104492,48.70051193237305,7.978909492492676
29.0,5.625,31.099178314208984,48.264591217041016,9.129769325256348,48.86188507080078,7.978909492492676
30.0,5.625,30.571748733520508,48.980979919433594,9.128449440002441,49.09549331665039,7.978909492492676
31.0,5.625,30.086875915527344,49.659732818603516,9.127235412597656,49.329124450683594,7.978909492492676
32.0,5.625,29.564395904541016,50.370849609375,9.125926971435547,49.524688720703125,7.978909492492676
33.0,5.625,29.267717361450195,50.887123107910156,9.125184059143066,49.81631088256836,7.978909492492676
34.0,5.625,28.80826759338379,51.54371643066406,9.12403392791748,50.0081672668457,7.978909492492676
35.0,5.625,28.542964935302734,52.03645706176758,9.123369216918945,50.28757095336914,7.978909492492676
36.0,5.625,28.21688461303711,52.58181381225586,9.122552871704102,50.52046585083008,7.978909492492676
37.0,5.625,27.896480560302734,53.12328338623047,9.121750831604004,50.74237823486328,7.978909492492676
38.0,5.625,27.602985382080078,53.64352798461914,9.121016502380371,50.9660758972168,7.978909492492676
39.0,5.625,27.3924560546875,54.098304748535156,9.120489120483398,51.22649383544922,7.978909492492676
40.0,5.625,27.206417083740234,54.5360221862793,9.120023727416992,51.49110412597656,7.978909492492676
41.0,5.625,26.923171997070312,55.051795959472656,9.119314193725586,51.684303283691406,7.978909492492676
42.0,5.625,26.77298355102539,55.4658203125,9.118938446044922,51.95021057128906,7.978909492492676
43.0,5.625,26.63216781616211,55.87564468383789,9.118585586547852,52.2130126953125,7.978909492492676
44.0,5.625,26.5205020904541,56.26670837402344,9.118306159973145,52.48629379272461,7.978909492492676
45.0,5.625,26.310062408447266,56.73338317871094,9.117778778076172,52.68388748168945,7.978909492492676
46.0,5.625,26.205514907836914,57.124755859375,9.117517471313477,52.94422149658203,7.978909492492676
47.0,5.625,26.148746490478516,57.48556137084961,9.117375373840332,53.23018264770508,7.978909492492676
48.0,5.625,24.18135643005371,59.1773796081543,9.112449645996094,52.134307861328125,7.978909492492676
49.0,5.625,22.911869049072266,60.34910202026367,9.109271049499512,51.496009826660156,7.978909492492676
50.0,5.625,22.237043380737305,61.095394134521484,9.10758113861084,51.264434814453125,7.978909492492676
51.0,5.625,21.498809814453125,61.870296478271484,9.105732917785645,50.96420669555664,7.978909492492676
52.0,5.625,21.08511734008789,62.4215087890625,9.104697227478027,50.890811920166016,7.978909492492676
53.0,5.625,20.718265533447266,62.93631362915039,9.103778839111328,50.83962631225586,7.978909492492676
54.0,5.625,20.338899612426758,63.45283889770508,9.102828979492188,50.765621185302734,7.978909492492676
55.0,5.625,20.032947540283203,63.918575286865234,9.102063179016113,50.73722457885742,7.978909492492676
56.0,5.625,19.792842864990234,64.34076690673828,9.101462364196777,50.75081253051758,7.978909492492676
57.0,5.625,19.486555099487305,64.79766082763672,9.100695610046387,50.700374603271484,7.978909492492676
58.0,5.625,19.28449249267578,65.19094848632812,9.100189208984375,50.72536849975586,7.978909492492676
59.0,5.625,19.1490478515625,65.54540252685547,9.099849700927734,50.79743194580078,7.978909492492676
60.0,5.625,18.970752716064453,65.92176055908203,9.099403381347656,50.825679779052734,7.978909492492676
61.0,5.625,18.77259635925293,66.30612182617188,9.098907470703125,50.82870101928711,7.978909492492676
62.0,5.625,18.420467376708984,66.76445007324219,9.098026275634766,50.68989562988281,7.978909492492676
63.0,5.625,18.441299438476562,67.03421783447266,9.098077774047852,50.86634063720703,7.978909492492676
64.0,5.625,26.9096736907959,63.343833923339844,9.119279861450195,58.498191833496094,7.978909492492676
65.0,5.625,27.1274356842041,63.66169357299805,9.11982536315918,58.90898132324219,7.978909492492676
66.0,5.625,27.39877700805664,63.96659469604492,9.120505332946777,59.364017486572266,7.978909492492676
67.0,5.625,27.700950622558594,64.2706527709961,9.121261596679688,59.843650817871094,7.978909492492676
68.0,5.625,27.92078971862793,64.62129974365234,9.121811866760254,60.2448616027832,7.978909492492676
69.0,5.625,28.15932273864746,64.97511291503906,9.122408866882324,60.65863037109375,7.978909492492676
70.0,5.625,28.414199829101562,65.33383178710938,9.123046875,61.08291244506836,7.978909492492676
71.0,5.625,28.727447509765625,65.68312072753906,9.123831748962402,61.55699157714844,7.978909492492676
72.0,5.625,29.186206817626953,65.99604034423828,9.124979972839355,62.16357421875,7.978909492492676
73.0,5.625,29.53984260559082,66.36123657226562,9.125865936279297,62.66786193847656,7.978909492492676
74.0,5.625,30.055702209472656,66.69094848632812,9.127157211303711,63.321956634521484,7.978909492492676
75.0,5.625,30.375442504882812,67.097900390625,9.127957344055176,63.785335540771484,7.978909492492676
76.0,5.625,31.071571350097656,67.41458892822266,9.129700660705566,64.60496520996094,7.978909492492676
77.0,5.625,31.57964515686035,67.80587005615234,9.130972862243652,65.24052429199219,7.978909492492676
78.0,5.625,32.1142578125,68.21034240722656,9.13231086730957,65.89712524414062,7.978909492492676
79.0,5.625,32.828399658203125,68.59495544433594,9.134099006652832,66.72368621826172,7.978909492492676
80.0,5.625,33.541893005371094,69.0062484741211,9.135885238647461,67.54546356201172,7.978909492492676
81.0,5.625,34.599464416503906,69.37847137451172,9.138533592224121,68.7001953125,7.978909492492676
82.0,5.625,35.3803596496582,69.83690643310547,9.140488624572754,69.5791244506836,7.978909492492676
83.0,5.625,36.58256149291992,70.2582778930664,9.143498420715332,70.8683090209961,7.978909492492676
84.0,5.625,37.76491928100586,70.7255859375,9.146458625793457,72.13337707519531,7.978909492492676
85.0,5.625,39.25114059448242,71.19841766357422,9.150179862976074,73.69439697265625,7.978909492492676
86.0,5.625,40.90580368041992,71.70665740966797,9.154322624206543,75.4173812866211,7.978909492492676
87.0,5.625,43.565704345703125,72.18633270263672,9.160982131958008,78.13542938232422,7.978909492492676
88.0,5.625,47.6744384765625,72.6590576171875,9.171269416809082,82.29364776611328,7.978909492492676
20.0,0.0,41.00918960571289,36.970577239990234,9.015074729919434,47.41622543334961,7.978909492492676
21.0,0.0,38.42467498779297,39.64134979248047,9.017395973205566,47.252906799316406,7.978909492492676
22.0,0.0,36.896793365478516,41.30097579956055,9.018768310546875,47.36210632324219,7.978909492492676
23.0,0.0,35.39719009399414,42.926509857177734,9.02011489868164,47.427494049072266,7.978909492492676
24.0,0.0,34.4143180847168,44.06428527832031,9.020998001098633,47.63383865356445,7.978909492492676
25.0,0.0,33.506221771240234,45.130088806152344,9.02181339263916,47.833675384521484,7.978909492492676
26.0,0.0,32.71535110473633,46.08582305908203,9.022523880004883,48.04806137084961,7.978909492492676
27.0,0.0,31.991777420043945,46.97843551635742,9.023173332214355,48.261627197265625,7.978909492492676
28.0,0.0,31.299856185913086,47.840755462646484,9.023795127868652,48.46206283569336,7.978909492492676
29.0,0.0,30.686626434326172,48.630943298339844,9.024346351623535,48.67235565185547,7.978909492492676
30.0,0.0,30.12925148010254,49.37042999267578,9.024846076965332,48.88557434082031,7.978909492492676
31.0,0.0,29.6805362701416,50.01385498046875,9.025249481201172,49.1300048828125,7.978909492492676
32.0,0.0,29.249433517456055,50.642337799072266,9.025636672973633,49.36516189575195,7.978909492492676
33.0,0.0,28.824859619140625,51.265419006347656,9.026018142700195,49.58620071411133,7.978909492492676
34.0,0.0,28.469131469726562,51.83000564575195,9.026337623596191,49.82650375366211,7.978909492492676
35.0,0.0,28.15987777709961,52.35639953613281,9.026615142822266,50.07700729370117,7.978909492492676
36.0,0.0,27.866844177246094,52.87065887451172,9.026878356933594,50.32286071777344,7.978909492492676
37.0,0.0,27.464523315429688,53.475738525390625,9.027239799499512,50.49277877807617,7.978909492492676
38.0,0.0,27.283588409423828,53.900535583496094,9.0274019241333,50.77655792236328,7.978909492492676
39.0,0.0,26.954936981201172,54.44629669189453,9.027697563171387,50.961429595947266,7.978909492492676
40.0,0.0,26.768341064453125,54.87978744506836,9.027865409851074,51.21967315673828,7.978909492492676
41.0,0.0,26.626739501953125,55.280731201171875,9.027992248535156,51.49609375,7.978909492492676
42.0,0.0,26.49210548400879,55.67953109741211,9.02811336517334,51.76804733276367,7.978909492492676
43.0,0.0,26.320842742919922,56.10912322998047,9.028266906738281,52.00717544555664,7.978909492492676
44.0,0.0,26.159826278686523,56.533233642578125,9.028411865234375,52.24338912963867,7.978909492492676
45.0,0.0,26.019577026367188,56.94431686401367,9.02853775024414,52.48426055908203,7.978909492492676
46.0,0.0,25.917709350585938,57.33024978637695,9.028629302978516,52.7428092956543,7.978909492492676
47.0,0.0,25.897720336914062,57.66150665283203,9.028647422790527,53.051231384277344,7.978909492492676
48.0,0.0,23.373119354248047,59.737274169921875,9.030914306640625,51.5515022277832,7.978909492492676
49.0,0.0,22.69439125061035,60.49601745605469,9.031523704528809,51.33573532104492,7.978909492492676
50.0,0.0,21.919506072998047,61.30646896362305,9.032219886779785,51.02728271484375,7.978909492492676
51.0,0.0,21.392702102661133,61.93857192993164,9.032692909240723,50.88304138183594,7.978909492492676
52.0,0.0,20.977916717529297,62.48908615112305,9.033065795898438,50.80765151977539,7.978909492492676
53.0,0.0,20.60364532470703,63.007118225097656,9.033401489257812,50.749549865722656,7.978909492492676
54.0,0.0,20.172225952148438,63.55412292480469,9.03378963470459,50.6333122253418,7.978909492492676
55.0,0.0,19.90094757080078,63.99669647216797,9.034032821655273,50.63087844848633,7.978909492492676
56.0,0.0,19.573177337646484,64.46854400634766,9.034327507019043,50.57219696044922,7.978909492492676
57.0,0.0,19.293598175048828,64.90701293945312,9.034578323364258,50.54145050048828,7.978909492492676
58.0,0.0,19.12108612060547,65.28099822998047,9.034733772277832,50.58906936645508,7.978909492492676
59.0,0.0,18.908283233642578,65.67518615722656,9.034924507141113,50.594696044921875,7.978909492492676
60.0,0.0,18.720178604125977,66.0531997680664,9.035093307495117,50.61240005493164,7.978909492492676
61.0,0.0,18.449684143066406,66.47107696533203,9.0353364944458,50.55115509033203,7.978909492492676
62.0,0.0,18.072017669677734,66.93731689453125,9.035675048828125,50.38740539550781,7.978909492492676
63.0,0.0,18.084373474121094,67.20588684082031,9.035664558410645,50.553462982177734,7.978909492492676
64.0,0.0,18.21289825439453,67.42298889160156,9.03554916381836,50.81749725341797,7.978909492492676
65.0,0.0,26.798423767089844,63.809051513671875,9.027837753295898,58.614891052246094,7.978909492492676
66.0,0.0,27.060867309570312,64.11267852783203,9.027602195739746,59.059391021728516,7.978909492492676
67.0,0.0,27.343284606933594,64.41972351074219,9.027348518371582,59.51860427856445,7.978909492492676
68.0,0.0,27.59465789794922,64.7518310546875,9.027122497558594,59.946067810058594,7.978909492492676
69.0,0.0,27.877193450927734,65.08321380615234,9.02686882019043,60.398109436035156,7.978909492492676
70.0,0.0,28.11362075805664,65.44425201416016,9.026657104492188,60.80342483520508,7.978909492492676
71.0,0.0,28.424800872802734,65.78937530517578,9.02637767791748,61.273685455322266,7.978909492492676
72.0,0.0,28.83005714416504,66.1155776977539,9.026013374328613,61.828163146972656,7.978909492492676
73.0,0.0,29.20016860961914,66.46952056884766,9.025680541992188,62.34598922729492,7.978909492492676
74.0,0.0,29.631980895996094,66.81951141357422,9.025293350219727,62.91829299926758,7.978909492492676
75.0,0.0,30.12819480895996,67.16781616210938,9.024847030639648,63.548255920410156,7.978909492492676
76.0,0.0,30.578676223754883,67.54796600341797,9.024442672729492,64.13053894042969,7.978909492492676
77.0,0.0,31.28247833251953,67.88027954101562,9.023810386657715,64.9529037475586,7.978909492492676
78.0,0.0,31.7194881439209,68.30327606201172,9.023418426513672,65.51353454589844,7.978909492492676
79.0,0.0,32.31459426879883,68.70787811279297,9.022883415222168,66.22252655029297,7.978909492492676
80.0,0.0,33.035858154296875,69.10873413085938,9.022235870361328,67.05000305175781,7.978909492492676
81.0,0.0,33.923484802246094,69.50460815429688,9.021438598632812,68.03617858886719,7.978909492492676
82.0,0.0,34.89741516113281,69.91789245605469,9.020564079284668,69.10311126708984,7.978909492492676
83.0,0.0,36.01771926879883,70.34364318847656,9.01955795288086,70.31004333496094,7.978909492492676
84.0,0.0,37.011966705322266,70.82723999023438,9.018665313720703,71.38742065429688,7.978909492492676
85.0,0.0,38.40251922607422,71.29855346679688,9.017416000366211,72.851806640625,7.978909492492676
86.0,0.0,40.17433166503906,71.77973175048828,9.015824317932129,74.6896743774414,7.978909492492676
87.0,0.0,42.212127685546875,72.30055236816406,9.013994216918945,76.78679656982422,7.978909492492676
88.0,0.0,45.227622985839844,72.82540130615234,9.011285781860352,79.85262298583984,7.978909492492676
89.0,0.0,49.47858428955078,73.3918228149414,9.007468223571777,84.14581298828125,7.978909492492676
19.0,-5.625,42.147830963134766,35.66987609863281,8.871036529541016,47.07699203491211,7.978909492492676
20.0,-5.625,39.033878326416016,38.85246658325195,8.8843994140625,46.814727783203125,7.978909492492676
21.0,-5.625,37.46873092651367,40.548561096191406,8.89111614227295,46.950382232666016,7.978909492492676
22.0,-5.625,35.94116973876953,42.20232391357422,8.897671699523926,47.043548583984375,7.978909492492676
23.0,-5.625,34.58536148071289,43.68779373168945,8.90349006652832,47.144500732421875,7.978909492492676
24.0,-5.625,33.669124603271484,44.75864028930664,8.907422065734863,47.362361907958984,7.978909492492676
25.0,-5.625,32.72749710083008,45.850364685058594,8.911462783813477,47.53679656982422,7.978909492492676
26.0,-5.625,31.91509246826172,46.82038116455078,8.914948463439941,47.72970199584961,7.978909492492676
27.0,-5.625,31.451095581054688,47.472042083740234,8.916939735412598,48.04014587402344,7.978909492492676
28.0,-5.625,30.55247688293457,48.516075134277344,8.920796394348145,48.14115524291992,7.978909492492676
29.0,-5.625,30.01367950439453,49.23418045043945,8.923108100891113,48.37339782714844,7.978909492492676
30.0,-5.625,29.546764373779297,49.88843536376953,8.925111770629883,48.61851501464844,7.978909492492676
31.0,-5.625,29.134719848632812,50.494998931884766,8.9268798828125,48.871639251708984,7.978909492492676
32.0,-5.625,28.717849731445312,51.10652160644531,8.928668975830078,49.105472564697266,7.978909492492676
33.0,-5.625,28.324432373046875,51.698238372802734,8.930357933044434,49.334415435791016,7.978909492492676
34.0,-5.625,27.997697830200195,52.23373794555664,8.93175983428955,49.5825080871582,7.978909492492676
35.0,-5.625,27.74683380126953,52.706809997558594,8.932836532592773,49.857757568359375,7.978909492492676
36.0,-5.625,27.321598052978516,53.32670974731445,8.934660911560059,50.02348709106445,7.978909492492676
37.0,-5.625,27.16384506225586,53.726165771484375,8.935338020324707,50.32578659057617,7.978909492492676
38.0,-5.625,26.904098510742188,54.21172332763672,8.936452865600586,50.558834075927734,7.978909492492676
39.0,-5.625,26.636062622070312,54.70519256591797,8.937602996826172,50.77474594116211,7.978909492492676
40.0,-5.625,26.449085235595703,55.135650634765625,8.93840503692627,51.02822494506836,7.978909492492676
41.0,-5.625,26.319759368896484,55.523658752441406,8.938960075378418,51.30791473388672,7.978909492492676
42.0,-5.625,26.129138946533203,55.961978912353516,8.939778327941895,51.53961944580078,7.978909492492676
43.0,-5.625,25.9503231048584,56.393211364746094,8.940546035766602,51.76885986328125,7.978909492492676
44.0,-5.625,25.852428436279297,56.76620101928711,8.94096565246582,52.042381286621094,7.978909492492676
45.0,-5.625,25.715377807617188,57.17137908935547,8.941554069519043,52.281375885009766,7.978909492492676
46.0,-5.625,25.411001205444336,57.69932174682617,8.942859649658203,52.395233154296875,7.978909492492676
47.0,-5.625,24.39375114440918,58.72927474975586,8.947225570678711,51.991756439208984,7.978909492492676
48.0,-5.625,23.198705673217773,59.862796783447266,8.952353477478027,51.42996597290039,7.978909492492676
49.0,-5.625,22.44546890258789,60.6700553894043,8.955586433410645,51.15739822387695,7.978909492492676
50.0,-5.625,21.729677200317383,61.43770217895508,8.958657264709473,50.88974380493164,7.978909492492676
51.0,-5.625,21.265708923339844,62.02607727050781,8.960648536682129,50.790592193603516,7.978909492492676
52.0,-5.625,20.822004318237305,62.59345626831055,8.962553024291992,50.69145965576172,7.978909492492676
53.0,-5.625,20.39873695373535,63.140193939208984,8.96436882019043,50.59341049194336,7.978909492492676
54.0,-5.625,20.01692771911621,63.65383529663086,8.966007232666016,50.513912200927734,7.978909492492676
55.0,-5.625,19.726512908935547,64.10575866699219,8.967253684997559,50.49442672729492,7.978909492492676
56.0,-5.625,19.37388038635254,64.5897445678711,8.968767166137695,50.4136962890625,7.978909492492676
57.0,-5.625,19.102521896362305,65.0206527709961,8.969931602478027,50.38755416870117,7.978909492492676
58.0,-5.625,18.8753604888916,65.42243957519531,8.970906257629395,50.38787078857422,7.978909492492676
59.0,-5.625,18.660198211669922,65.8143310546875,8.971829414367676,50.38905334472656,7.978909492492676
60.0,-5.625,18.455909729003906,66.19725799560547,8.97270679473877,50.39060592651367,7.978909492492676
61.0,-5.625,18.13932991027832,66.63490295410156,8.974064826965332,50.28733444213867,7.978909492492676
62.0,-5.625,17.931434631347656,67.0116195678711,8.974957466125488,50.26778793334961,7.978909492492676
63.0,-5.625,17.795976638793945,67.34968566894531,8.97553825378418,50.303253173828125,7.978909492492676
64.0,-5.625,17.682037353515625,67.67615509033203,8.976027488708496,50.35069274902344,7.978909492492676
65.0,-5.625,26.472135543823242,63.96323013305664,8.938305854797363,58.32698059082031,7.978909492492676
66.0,-5.625,26.698307037353516,64.27775573730469,8.937335968017578,58.73625564575195,7.978909492492676
67.0,-5.625,27.006481170654297,64.56832885742188,8.936013221740723,59.21601486206055,7.978909492492676
68.0,-5.625,27.222869873046875,64.90940856933594,8.935084342956543,59.608985900878906,7.978909492492676
69.0,-5.625,27.509521484375,65.23333740234375,8.933854103088379,60.06214141845703,7.978909492492676
70.0,-5.625,27.8050537109375,65.56643676757812,8.932586669921875,60.51972198486328,7.978909492492676
71.0,-5.625,28.117889404296875,65.90606689453125,8.931243896484375,60.98946762084961,7.978909492492676
72.0,-5.625,28.497821807861328,66.23604583740234,8.92961311340332,61.51818084716797,7.978909492492676
73.0,-5.625,28.828495025634766,66.59746551513672,8.928194046020508,61.99668502807617,7.978909492492676
74.0,-5.625,29.21112632751465,66.95662689208984,8.926552772521973,62.520057678222656,7.978909492492676
75.0,-5.625,29.65963363647461,67.31201171875,8.924627304077148,63.10209655761719,7.978909492492676
76.0,-5.625,30.148189544677734,67.67398071289062,8.922531127929688,63.718563079833984,7.978909492492676
77.0,-5.625,30.63763999938965,68.05464172363281,8.920431137084961,64.33175659179688,7.978909492492676
78.0,-5.625,31.098861694335938,68.46102905273438,8.918451309204102,64.91295623779297,7.978909492492676
79.0,-5.625,31.926294326782227,68.8031234741211,8.914900779724121,65.84571075439453,7.978909492492676
80.0,-5.625,32.59945297241211,69.20755004882812,8.912012100219727,66.62455749511719,7.978909492492676
81.0,-5.625,33.26302719116211,69.63884735107422,8.909164428710938,67.38915252685547,7.978909492492676
82.0,-5.625,34.114383697509766,70.06229400634766,8.905510902404785,68.3331527709961,7.978909492492676
83.0,-5.625,35.22227096557617,70.47679901123047,8.9007568359375,69.52545928955078,7.978909492492676
84.0,-5.625,36.32074737548828,70.93247985839844,8.896042823791504,70.70387268066406,7.978909492492676
85.0,-5.625,37.599937438964844,71.40573120117188,8.89055347442627,72.05602264404297,7.978909492492676
86.0,-5.625,39.14504623413086,71.89702606201172,8.883922576904297,73.66669464111328,7.978909492492676
87.0,-5.625,40.95602798461914,72.42015838623047,8.876151084899902,75.53599548339844,7.978909492492676
88.0,-5.625,43.32320022583008,72.96883392333984,8.865992546081543,77.95319366455078,7.978909492492676
89.0,-5.625,46.5509147644043,73.55621337890625,8.852141380310059,81.22232818603516,7.978909492492676
18.0,-11.25,42.540916442871094,35.09051513671875,8.72675895690918,46.50404739379883,7.978909492492676
19.0,-11.25,39.35698318481445,38.34587097167969,8.751093864440918,46.28153991699219,7.978909492492676
20.0,-11.25,37.48301696777344,40.334693908691406,8.765417098999023,46.35541534423828,7.978909492492676
21.0,-11.25,35.62777328491211,42.2963981628418,8.779597282409668,46.36968231201172,7.978909492492676
22.0,-11.25,34.629215240478516,43.44253158569336,8.787229537963867,46.61305618286133,7.978909492492676
23.0,-11.25,33.61866760253906,44.59780502319336,8.794953346252441,46.81576919555664,7.978909492492676
24.0,-11.25,32.75336456298828,45.615352630615234,8.801567077636719,47.03643798828125,7.978909492492676
25.0,-11.25,31.867122650146484,46.65006637573242,8.808341026306152,47.21717071533203,7.978909492492676
26.0,-11.25,31.086475372314453,47.58517837524414,8.81430721282959,47.408687591552734,7.978909492492676
27.0,-11.25,30.560117721557617,48.2874870300293,8.818330764770508,47.679176330566406,7.978909492492676
28.0,-11.25,29.88797378540039,49.121402740478516,8.823467254638672,47.86503601074219,7.978909492492676
29.0,-11.25,29.421560287475586,49.769989013671875,8.827032089233398,48.11941146850586,7.978909492492676
30.0,-11.25,29.050283432006836,50.335201263427734,8.829870223999023,48.399967193603516,7.978909492492676
31.0,-11.25,28.70448112487793,50.879852294921875,8.832512855529785,48.67729568481445,7.978909492492676
32.0,-11.25,28.12281608581543,51.63042068481445,8.836958885192871,48.821685791015625,7.978909492492676
33.0,-11.25,27.83704948425293,52.12477111816406,8.839142799377441,49.09687805175781,7.978909492492676
34.0,-11.25,27.53243064880371,52.63720703125,8.841471672058105,49.34914016723633,7.978909492492676
35.0,-11.25,27.18289566040039,53.18875503540039,8.84414291381836,49.56344223022461,7.978909492492676
36.0,-11.25,26.90101432800293,53.684539794921875,8.846297264099121,49.8008918762207,7.978909492492676
37.0,-11.25,26.69680404663086,54.11802673339844,8.847858428955078,50.07021713256836,7.978909492492676
38.0,-11.25,26.50399398803711,54.54486083984375,8.849331855773926,50.33574676513672,7.978909492492676
39.0,-11.25,26.26126480102539,55.01409149169922,8.851186752319336,50.561004638671875,7.978909492492676
40.0,-11.25,26.111299514770508,55.41156768798828,8.852333068847656,50.83186340332031,7.978909492492676
41.0,-11.25,25.939722061157227,55.828857421875,8.853645324707031,51.080081939697266,7.978909492492676
42.0,-11.25,25.70419692993164,56.29745101928711,8.85544490814209,51.27751541137695,7.978909492492676
43.0,-11.25,25.66366958618164,56.619720458984375,8.855754852294922,51.59170150756836,7.978909492492676
44.0,-11.25,25.540023803710938,57.008663177490234,8.85669994354248,51.8440055847168,7.978909492492676
45.0,-11.25,25.326753616333008,57.46596908569336,8.858329772949219,52.026702880859375,7.978909492492676
46.0,-11.25,24.91053581237793,58.06966018676758,8.86151123046875,52.05755615234375,7.978909492492676
47.0,-11.25,23.829166412353516,59.138511657714844,8.869775772094727,51.601871490478516,7.978909492492676
48.0,-11.25,23.01868438720703,59.9978141784668,8.875970840454102,51.30944061279297,7.978909492492676
49.0,-11.25,22.149822235107422,60.881378173828125,8.882611274719238,50.9495964050293,7.978909492492676
50.0,-11.25,21.602155685424805,61.53268051147461,8.886797904968262,50.80307388305664,7.978909492492676
51.0,-11.25,21.124277114868164,62.12843704223633,8.890450477600098,50.69160079956055,7.978909492492676
52.0,-11.25,20.655311584472656,62.7100830078125,8.894034385681152,50.571170806884766,7.978909492492676
53.0,-11.25,20.16453742980957,63.29692840576172,8.897785186767578,50.4184455871582,7.978909492492676
54.0,-11.25,19.86040687561035,63.75955581665039,8.900110244750977,50.397369384765625,7.978909492492676
55.0,-11.25,19.53691864013672,64.22917175292969,8.902582168579102,50.34952926635742,7.978909492492676
56.0,-11.25,19.240331649780273,64.67754364013672,8.9048490524292,50.31192398071289,7.978909492492676
57.0,-11.25,18.976425170898438,65.10225677490234,8.906866073608398,50.290287017822266,7.978909492492676
58.0,-11.25,18.753795623779297,65.49969482421875,8.908568382263184,50.292884826660156,7.978909492492676
59.0,-11.25,18.523208618164062,65.898193359375,8.910330772399902,50.27972412109375,7.978909492492676
60.0,-11.25,18.2808895111084,66.2992172241211,8.912182807922363,50.24749755859375,7.978909492492676
61.0,-11.25,17.948556900024414,66.74227905273438,8.914722442626953,50.12886428833008,7.978909492492676
62.0,-11.25,17.792491912841797,67.09024047851562,8.915915489196777,50.15232467651367,7.978909492492676
63.0,-11.25,17.621288299560547,67.4435043334961,8.917223930358887,50.15511703491211,7.978909492492676
64.0,-11.25,17.518035888671875,67.7623062133789,8.918013572692871,50.21035385131836,7.978909492492676
65.0,-11.25,17.425033569335938,68.0757827758789,8.918724060058594,50.26832580566406,7.978909492492676
66.0,-11.25,26.359952926635742,64.44004821777344,8.850433349609375,58.43836212158203,7.978909492492676
67.0,-11.25,26.611534118652344,64.74942779541016,8.848509788513184,58.86408996582031,7.978909492492676
68.0,-11.25,26.89227294921875,65.05834197998047,8.84636402130127,59.31281280517578,7.978909492492676
69.0,-11.25,27.153850555419922,65.38701629638672,8.844365119934082,59.740386962890625,7.978909492492676
70.0,-11.25,27.480934143066406,65.70284271240234,8.841864585876465,60.22465896606445,7.978909492492676
71.0,-11.25,27.827632904052734,66.02538299560547,8.839215278625488,60.7237548828125,7.978909492492676
72.0,-11.25,28.138015747070312,66.3746337890625,8.83684253692627,61.185115814208984,7.978909492492676
73.0,-11.25,28.425939559936523,66.74427795410156,8.83464241027832,61.620872497558594,7.978909492492676
74.0,-11.25,28.85638427734375,67.08234405517578,8.831352233886719,62.18729019165039,7.978909492492676
75.0,-11.25,29.317955017089844,67.4283447265625,8.827824592590332,62.779747009277344,7.978909492492676
76.0,-11.25,29.779029846191406,67.7925033569336,8.824300765991211,63.36787796020508,7.978909492492676
77.0,-11.25,30.27799415588379,68.16484832763672,8.820487022399902,63.98831558227539,7.978909492492676
78.0,-11.25,30.80148696899414,68.55049133300781,8.816485404968262,64.62813568115234,7.978909492492676
79.0,-11.25,31.391395568847656,68.9412612915039,8.811976432800293,65.3279800415039,7.978909492492676
80.0,-11.25,32.10327911376953,69.3290023803711,8.806534767150879,66.14244842529297,7.978909492492676
81.0,-11.25,32.83823776245117,69.73870849609375,8.800918579101562,66.97514343261719,7.978909492492676
82.0,-11.25,33.521244049072266,70.18446350097656,8.795698165893555,67.75171661376953,7.978909492492676
83.0,-11.25,34.41801834106445,70.62225341796875,8.788843154907227,68.73351287841797,7.978909492492676
84.0,-11.25,35.554649353027344,71.05946350097656,8.780156135559082,69.9473648071289,7.978909492492676
85.0,-11.25,36.8584098815918,71.51726531982422,8.770191192626953,71.32186889648438,7.978909492492676
86.0,-11.25,37.90998840332031,72.04769134521484,8.762153625488281,72.43990325927734,7.978909492492676
87.0,-11.25,39.67264938354492,72.55461120605469,8.748682022094727,74.25867462158203,7.978909492492676
88.0,-11.25,42.01505661010742,73.08406066894531,8.730778694152832,76.64906311035156,7.978909492492676
89.0,-11.25,44.237449645996094,73.70209503173828,8.71379280090332,78.91244506835938,7.978909492492676
90.0,-11.25,47.180843353271484,74.37389373779297,8.691295623779297,81.88691711425781,7.978909492492676
17.0,-16.875,42.61989212036133,34.82644271850586,8.58643627166748,45.84650421142578,7.978909492492676
18.0,-16.875,39.84810256958008,37.68936538696289,8.616708755493164,45.79359436035156,7.978909492492676
19.0,-16.875,37.72947692871094,39.912899017333984,8.639846801757812,45.83657455444336,7.978909492492676
20.0,-16.875,35.75294494628906,41.99061584472656,8.661433219909668,45.84967803955078,7.978909492492676
21.0,-16.875,34.49534225463867,43.37797927856445,8.67516803741455,46.02922439575195,7.978909492492676
22.0,-16.875,33.61648941040039,44.40526580810547,8.68476676940918,46.294097900390625,7.978909492492676
23.0,-16.875,32.606239318847656,45.5541877746582,8.695799827575684,46.479312896728516,7.978909492492676
24.0,-16.875,31.843685150146484,46.470211029052734,8.70412826538086,46.7213020324707,7.978909492492676
25.0,-16.875,31.1710205078125,47.30253601074219,8.711474418640137,46.97026443481445,7.978909492492676
26.0,-16.875,30.50128936767578,48.13169479370117,8.718789100646973,47.19510269165039,7.978909492492676
27.0,-16.875,29.860679626464844,48.93341827392578,8.725785255432129,47.40717315673828,7.978909492492676
28.0,-16.875,29.338050842285156,49.62795639038086,8.73149299621582,47.647064208984375,7.978909492492676
29.0,-16.875,28.966171264648438,50.188316345214844,8.735554695129395,47.93534469604492,7.978909492492676
30.0,-16.875,28.514163970947266,50.82128143310547,8.740490913391113,48.170291900634766,7.978909492492676
31.0,-16.875,27.971954345703125,51.53327560424805,8.746413230895996,48.34334945678711,7.978909492492676
32.0,-16.875,27.689990997314453,52.01839828491211,8.749492645263672,48.62628936767578,7.978909492492676
33.0,-16.875,27.377365112304688,52.532127380371094,8.752906799316406,48.880645751953125,7.978909492492676
34.0,-16.875,27.005237579345703,53.09775161743164,8.75697135925293,49.089717864990234,7.978909492492676
35.0,-16.875,26.711772918701172,53.59755325317383,8.760176658630371,49.326385498046875,7.978909492492676
36.0,-16.875,26.469905853271484,54.05586242675781,8.7628173828125,49.57897186279297,7.978909492492676
37.0,-16.875,26.207443237304688,54.532958984375,8.765684127807617,49.808197021484375,7.978909492492676
38.0,-16.875,26.058155059814453,54.919891357421875,8.767314910888672,50.09203338623047,7.978909492492676
39.0,-16.875,25.85354995727539,55.354270935058594,8.769548416137695,50.333614349365234,7.978909492492676
40.0,-16.875,25.645816802978516,55.793087005615234,8.771817207336426,50.56281280517578,7.978909492492676
41.0,-16.875,25.480796813964844,56.200435638427734,8.773619651794434,50.808433532714844,7.978909492492676
42.0,-16.875,25.372661590576172,56.56666946411133,8.774801254272461,51.081336975097656,7.978909492492676
43.0,-16.875,25.315040588378906,56.8983268737793,8.775430679321289,51.37959289550781,7.978909492492676
44.0,-16.875,25.108078002929688,57.345245361328125,8.777690887451172,51.571109771728516,7.978909492492676
45.0,-16.875,24.905170440673828,57.790035247802734,8.779906272888184,51.75491714477539,7.978909492492676
46.0,-16.875,24.41714859008789,58.44021224975586,8.785236358642578,51.729915618896484,7.978909492492676
47.0,-16.875,23.350318908691406,59.4923095703125,8.79688835144043,51.277442932128906,7.978909492492676
48.0,-16.875,22.739906311035156,60.206661224365234,8.80355453491211,51.122581481933594,7.978909492492676
49.0,-16.875,21.99675750732422,61.00078582763672,8.811670303344727,50.850704193115234,7.978909492492676
50.0,-16.875,21.474271774291992,61.633148193359375,8.817377090454102,50.72053527832031,7.978909492492676
51.0,-16.875,20.999683380126953,62.22495651245117,8.82256031036377,50.60953903198242,7.978909492492676
52.0,-16.875,20.51894760131836,62.81237030029297,8.827810287475586,50.4781379699707,7.978909492492676
53.0,-16.875,20.041580200195312,63.388797760009766,8.833024024963379,50.333805084228516,7.978909492492676
54.0,-16.875,19.737224578857422,63.849849700927734,8.836347579956055,50.3108024597168,7.978909492492676
55.0,-16.875,19.404762268066406,64.32308197021484,8.83997917175293,50.254051208496094,7.978909492492676
56.0,-16.875,19.117568969726562,64.76404571533203,8.84311580657959,50.22228240966797,7.978909492492676
57.0,-16.875,18.851898193359375,65.18799591064453,8.846016883850098,50.197574615478516,7.978909492492676
58.0,-16.875,18.600242614746094,65.59980773925781,8.84876537322998,50.17448425292969,7.978909492492676
59.0,-16.875,18.387435913085938,65.98638916015625,8.851089477539062,50.174415588378906,7.978909492492676
60.0,-16.875,18.102506637573242,66.40787506103516,8.854201316833496,50.10437774658203,7.978909492492676
61.0,-16.875,17.783248901367188,66.84144592285156,8.857687950134277,49.99494171142578,7.978909492492676
62.0,-16.875,17.616060256958008,67.19247436523438,8.859514236450195,50.006980895996094,7.978909492492676
63.0,-16.875,17.459949493408203,67.53575897216797,8.86121940612793,50.021156311035156,7.978909492492676
64.0,-16.875,17.237733840942383,67.90776062011719,8.863645553588867,49.96961975097656,7.978909492492676
65.0,-16.875,17.2578182220459,68.16580200195312,8.863426208496094,50.125911712646484,7.978909492492676
66.0,-16.875,17.3349609375,68.40192413330078,8.862584114074707,50.329158782958984,7.978909492492676
67.0,-16.875,26.33517074584961,64.88805389404297,8.764289855957031,58.62288284301758,7.978909492492676
68.0,-16.875,26.556114196777344,65.21719360351562,8.76187515258789,59.014652252197266,7.978909492492676
69.0,-16.875,26.789554595947266,65.55180358886719,8.759326934814453,59.413665771484375,7.978909492492676
70.0,-16.875,27.107585906982422,65.86555480957031,8.755852699279785,59.886810302734375,7.978909492492676
71.0,-16.875,27.475982666015625,66.17472839355469,8.751830101013184,60.40348815917969,7.978909492492676
72.0,-16.875,27.748703002929688,66.53145599365234,8.74885082244873,60.826969146728516,7.978909492492676
73.0,-16.875,28.051204681396484,66.8903579711914,8.7455472946167,61.27391052246094,7.978909492492676
74.0,-16.875,28.482086181640625,67.22258758544922,8.74084186553955,61.838356018066406,7.978909492492676
75.0,-16.875,28.92772674560547,67.56751251220703,8.735974311828613,62.41328430175781,7.978909492492676
76.0,-16.875,29.401107788085938,67.92229461669922,8.730804443359375,63.010982513427734,7.978909492492676
77.0,-16.875,29.926311492919922,68.28209686279297,8.725069046020508,63.654666900634766,7.978909492492676
78.0,-16.875,30.399707794189453,68.67439270019531,8.719898223876953,64.24396514892578,7.978909492492676
79.0,-16.875,30.899839401245117,69.0789794921875,8.714436531066895,64.85429382324219,7.978909492492676
80.0,-16.875,31.633079528808594,69.45467376708984,8.706427574157715,65.68743896484375,7.978909492492676
81.0,-16.875,32.13566207885742,69.90097045898438,8.700939178466797,66.2899398803711,7.978909492492676
82.0,-16.875,33.06893539428711,70.29238891601562,8.690747261047363,67.3104019165039,7.978909492492676
83.0,-16.875,33.92858123779297,70.72900390625,8.681357383728027,68.25379943847656,7.978909492492676
84.0,-16.875,34.71913146972656,71.20634460449219,8.672724723815918,69.12318420410156,7.978909492492676
85.0,-16.875,36.00788497924805,71.65271759033203,8.658649444580078,70.48046112060547,7.978909492492676
86.0,-16.875,37.26549530029297,72.14827728271484,8.644914627075195,71.80126190185547,7.978909492492676
87.0,-16.875,38.833534240722656,72.66221618652344,8.627788543701172,73.42455291748047,7.978909492492676
88.0,-16.875,40.258079528808594,73.24141693115234,8.61223030090332,74.89756774902344,7.978909492492676
89.0,-16.875,42.59675598144531,73.82502746582031,8.586688995361328,77.2746353149414,7.978909492492676
90.0,-16.875,45.127445220947266,74.48450469970703,8.559050559997559,79.83475494384766,7.978909492492676
91.0,-16.875,47.735206604003906,75.23152160644531,8.530570983886719,82.46109771728516,7.978909492492676
15.0,-22.5,46.50724411010742,30.69274139404297,8.39640998840332,45.341007232666016,7.978909492492676
16.0,-22.5,41.371360778808594,35.86355209350586,8.468798637390137,44.87119674682617,7.978909492492676
17.0,-22.5,39.178932189941406,38.16225051879883,8.499699592590332,44.99540328979492,7.978909492492676
18.0,-22.5,37.094757080078125,40.34846878051758,8.529074668884277,45.072811126708984,7.978909492492676
19.0,-22.5,35.757904052734375,41.811370849609375,8.547916412353516,45.297977447509766,7.978909492492676
20.0,-22.5,34.323123931884766,43.36391830444336,8.56813907623291,45.44479751586914,7.978909492492676
21.0,-22.5,33.15586471557617,44.65813446044922,8.58459186553955,45.62867736816406,7.978909492492676
22.0,-22.5,32.449703216552734,45.51576232910156,8.594544410705566,45.929847717285156,7.978909492492676
23.0,-22.5,31.401010513305664,46.693511962890625,8.609325408935547,46.08070755004883,7.978909492492676
24.0,-22.5,30.942651748657227,47.32038116455078,8.615785598754883,46.416866302490234,7.978909492492676
25.0,-22.5,30.392147064208984,48.03462600708008,8.623544692993164,46.6983757019043,7.978909492492676
26.0,-22.5,29.644298553466797,48.9298210144043,8.634085655212402,46.87773895263672,7.978909492492676
27.0,-22.5,29.208187103271484,49.540489196777344,8.64023208618164,47.16223907470703,7.978909492492676
28.0,-22.5,28.639789581298828,50.271427154541016,8.648242950439453,47.37081527709961,7.978909492492676
29.0,-22.5,28.256790161132812,50.83653259277344,8.653641700744629,47.642425537109375,7.978909492492676
30.0,-22.5,27.85266876220703,51.421810150146484,8.659337997436523,47.888240814208984,7.978909492492676
31.0,-22.5,27.522188186645508,51.943607330322266,8.663995742797852,48.15351867675781,7.978909492492676
32.0,-22.5,27.226825714111328,52.4367561340332,8.668158531188965,48.422298431396484,7.978909492492676
33.0,-22.5,26.904102325439453,52.955291748046875,8.672706604003906,48.66383743286133,7.978909492492676
34.0,-22.5,26.56826400756836,53.48609924316406,8.677440643310547,48.884498596191406,7.978909492492676
35.0,-22.5,26.314058303833008,53.9492073059082,8.681023597717285,49.135616302490234,7.978909492492676
36.0,-22.5,26.059946060180664,54.41408157348633,8.68460464477539,49.374969482421875,7.978909492492676
37.0,-22.5,25.88726043701172,54.814002990722656,8.68703842163086,49.649444580078125,7.978909492492676
38.0,-22.5,25.708831787109375,55.22152328491211,8.689553260803223,49.91105651855469,7.978909492492676
39.0,-22.5,25.470670700073242,55.67927551269531,8.692910194396973,50.126922607421875,7.978909492492676
40.0,-22.5,25.34287452697754,56.05144500732422,8.694711685180664,50.39970016479492,7.978909492492676
41.0,-22.5,25.195783615112305,56.44187545776367,8.696784973144531,50.652008056640625,7.978909492492676
42.0,-22.5,25.009401321411133,56.86502456665039,8.699411392211914,50.87013626098633,7.978909492492676
43.0,-22.5,24.902904510498047,57.22968292236328,8.700912475585938,51.1309814453125,7.978909492492676
44.0,-22.5,24.78783416748047,57.60395050048828,8.702534675598145,51.37827682495117,7.978909492492676
45.0,-22.5,24.67645263671875,57.978431701660156,8.70410442352295,51.620052337646484,7.978909492492676
46.0,-22.5,23.755767822265625,58.93602752685547,8.717081069946289,51.28984451293945,7.978909492492676
47.0,-22.5,23.195785522460938,59.6222038269043,8.724973678588867,51.187400817871094,7.978909492492676
48.0,-22.5,22.429080963134766,60.442604064941406,8.735779762268066,50.91701889038086,7.978909492492676
49.0,-22.5,21.830781936645508,61.13397979736328,8.744213104248047,50.746700286865234,7.978909492492676
50.0,-22.5,21.343399047851562,61.74061584472656,8.751082420349121,50.63997268676758,7.978909492492676
51.0,-22.5,20.845386505126953,62.345855712890625,8.758101463317871,50.50901412963867,7.978909492492676
52.0,-22.5,20.306472778320312,62.96827697753906,8.765697479248047,50.330474853515625,7.978909492492676
53.0,-22.5,19.93075942993164,63.477928161621094,8.770992279052734,50.262290954589844,7.978909492492676
54.0,-22.5,19.597379684448242,63.95520782470703,8.775691986083984,50.214595794677734,7.978909492492676
55.0,-22.5,19.26125717163086,64.42860412597656,8.780428886413574,50.152854919433594,7.978909492492676
56.0,-22.5,18.98641586303711,64.86026763916016,8.784302711486816,50.12907791137695,7.978909492492676
57.0,-22.5,18.72871971130371,65.27774810791016,8.787935256958008,50.109073638916016,7.978909492492676
58.0,-22.5,18.45858383178711,65.6980209350586,8.791742324829102,50.06891632080078,7.978909492492676
59.0,-22.5,18.2254695892334,66.0935287475586,8.795027732849121,50.049949645996094,7.978909492492676
60.0,-22.5,17.91326904296875,66.52689361572266,8.79942798614502,49.9547119140625,7.978909492492676
61.0,-22.5,17.63536834716797,66.93631744384766,8.8033447265625,49.8785514831543,7.978909492492676
62.0,-22.5,17.429872512817383,67.30415344238281,8.806241035461426,49.85561752319336,7.978909492492676
63.0,-22.5,17.208274841308594,67.6761703491211,8.809364318847656,49.81040954589844,7.978909492492676
64.0,-22.5,17.01650619506836,68.03002166748047,8.812067985534668,49.783260345458984,7.978909492492676
65.0,-22.5,16.851482391357422,68.3683090209961,8.814393043518066,49.77227020263672,7.978909492492676
66.0,-22.5,16.7194766998291,68.68939208984375,8.816253662109375,49.78382110595703,7.978909492492676
67.0,-22.5,25.980195999145508,65.06681823730469,8.685728073120117,58.3133659362793,7.978909492492676
68.0,-22.5,26.2205810546875,65.38292694091797,8.682340621948242,58.719947814941406,7.978909492492676
69.0,-22.5,26.42021942138672,65.72573852539062,8.679527282714844,59.08505630493164,7.978909492492676
70.0,-22.5,26.69452476501465,66.05034637451172,8.675660133361816,59.51476287841797,7.978909492492676
71.0,-22.5,27.020280838012695,66.36859130859375,8.671070098876953,59.98857116699219,7.978909492492676
72.0,-22.5,27.376502990722656,66.69004821777344,8.666049003601074,60.48738098144531,7.978909492492676
73.0,-22.5,27.680112838745117,67.04299926757812,8.661768913269043,60.93276596069336,7.978909492492676
74.0,-22.5,28.08605194091797,67.37739562988281,8.656047821044922,61.47100067138672,7.978909492492676
75.0,-22.5,28.45669174194336,67.73810577392578,8.650823593139648,61.97163772583008,7.978909492492676
76.0,-22.5,28.865859985351562,68.10321044921875,8.64505672454834,62.50478744506836,7.978909492492676
77.0,-22.5,29.165786743164062,68.51238250732422,8.640830039978027,62.927772521972656,7.978909492492676
78.0,-22.5,29.94116973876953,68.82041931152344,8.629900932312012,63.80650329589844,7.978909492492676
79.0,-22.5,30.30802345275879,69.24751281738281,8.624730110168457,64.2845230102539,7.978909492492676
80.0,-22.5,31.100555419921875,69.60199737548828,8.613560676574707,65.17300415039062,7.978909492492676
81.0,-22.5,31.767271041870117,70.00909423828125,8.604162216186523,65.9343032836914,7.978909492492676
82.0,-22.5,32.653289794921875,70.40348815917969,8.5916748046875,66.90653991699219,7.978909492492676
83.0,-22.5,33.04041290283203,70.906494140625,8.58621883392334,67.38129425048828,7.978909492492676
84.0,-22.5,34.248722076416016,71.31272888183594,8.569188117980957,68.66165161132812,7.978909492492676
85.0,-22.5,35.02168273925781,71.81382751464844,8.558294296264648,69.50518035888672,7.978909492492676
86.0,-22.5,36.308746337890625,72.2908935546875,8.540153503417969,70.85272216796875,7.978909492492676
87.0,-22.5,37.542945861816406,72.81819915771484,8.522757530212402,72.14114379882812,7.978909492492676
88.0,-22.5,39.0597038269043,73.37060546875,8.50137996673584,73.70369720458984,7.978909492492676
89.0,-22.5,41.201141357421875,73.94591522216797,8.471198081970215,75.88175964355469,7.978909492492676
90.0,-22.5,42.96988296508789,74.60831451416016,8.446268081665039,77.6784896850586,7.978909492492676
91.0,-22.5,45.33809280395508,75.32428741455078,8.412887573242188,80.06343841552734,7.978909492492676
92.0,-22.5,47.700199127197266,76.12308502197266,8.379595756530762,82.42965698242188,7.978909492492676
93.0,-22.5,49.38886260986328,76.9903564453125,8.355795860290527,84.10784912109375,7.978909492492676
