angle,vert_angle,dist,x,y,z,height
21.0,22.5,48.487674713134766,172.25877380371094,8.328015327453613,51.82341766357422,7.969271659851074
22.0,22.5,47.18062210083008,173.77731323242188,8.320558547973633,52.138370513916016,7.969271659851074
23.0,22.5,46.289642333984375,174.90782165527344,8.315476417541504,52.56382751464844,7.969271659851074
24.0,22.5,45.137142181396484,176.27963256835938,8.308900833129883,52.851497650146484,7.969271659851074
25.0,22.5,44.199462890625,177.45242309570312,8.30355167388916,53.18537139892578,7.969271659851074
26.0,22.5,43.789283752441406,178.1472930908203,8.3012113571167,53.709716796875,7.969271659851074
27.0,22.5,42.99791717529297,179.1896514892578,8.296696662902832,54.046226501464844,7.969271659851074
28.0,22.5,42.4096794128418,180.0510711669922,8.293340682983398,54.445491790771484,7.969271659851074
29.0,22.5,42.04108428955078,180.7212371826172,8.291237831115723,54.92488479614258,7.969271659851074
30.0,22.5,41.62237548828125,181.44024658203125,8.288849830627441,55.36232376098633,7.969271659851074
31.0,22.5,41.155029296875,182.20510864257812,8.28618335723877,55.756221771240234,7.969271659851074
32.0,22.5,40.78736877441406,182.88742065429688,8.284086227416992,56.181575775146484,7.969271659851074
33.0,22.5,40.561622619628906,183.4537811279297,8.282798767089844,56.665443420410156,7.969271659851074
34.0,22.5,40.1937255859375,184.1450958251953,8.280699729919434,57.057891845703125,7.969271659851074
35.0,22.5,40.0460090637207,184.65780639648438,8.27985668182373,57.55712127685547,7.969271659851074
36.0,22.5,39.912330627441406,185.16622924804688,8.279094696044922,58.05333709716797,7.969271659851074
37.0,22.5,39.792476654052734,185.6707305908203,8.278410911560059,58.54690170288086,7.969271659851074
38.0,22.5,39.68623733520508,186.17169189453125,8.277804374694824,59.03817367553711,7.969271659851074
39.0,22.5,39.591827392578125,186.67074584960938,8.277266502380371,59.52651596069336,7.969271659851074
40.0,22.5,39.51320266723633,187.1649932861328,8.276817321777344,60.01478576660156,7.969271659851074
41.0,22.5,39.48155975341797,187.63101196289062,8.276637077331543,60.52372741699219,7.969271659851074
42.0,22.5,39.505680084228516,188.06362915039062,8.276774406433105,61.060882568359375,7.969271659851074
43.0,22.5,39.471641540527344,188.54879760742188,8.276579856872559,61.5515251159668,7.969271659851074
44.0,22.5,39.47496795654297,189.014892578125,8.276598930358887,62.0588493347168,7.969271659851074
45.0,22.5,39.53290939331055,189.4507598876953,8.27692985534668,62.59619140625,7.969271659851074
46.0,22.5,39.53099822998047,189.93870544433594,8.276918411254883,63.08396530151367,7.969271659851074
47.0,22.5,39.693504333496094,190.3215789794922,8.277846336364746,63.682106018066406,7.969271659851074
48.0,22.5,39.97500991821289,190.63629150390625,8.279451370239258,64.36293029785156,7.969271659851074
49.0,22.5,40.07371520996094,191.08795166015625,8.280014991760254,64.90486145019531,7.969271659851074
50.0,22.5,40.31597900390625,191.456787109375,8.281396865844727,65.54888916015625,7.969271659851074
51.0,22.5,40.61289596557617,191.80516052246094,8.283090591430664,66.2311782836914,7.969271659851074
52.0,22.5,40.96572494506836,192.13450622558594,8.285103797912598,66.95423889160156,7.969271659851074
53.0,22.5,41.25541687011719,192.51980590820312,8.28675651550293,67.62523651123047,7.969271659851074
54.0,22.5,41.685176849365234,192.83718872070312,8.289207458496094,68.40483856201172,7.969271659851074
55.0,22.5,42.02873229980469,193.22442626953125,8.291167259216309,69.11316680908203,7.969271659851074
56.0,22.5,42.29235076904297,193.67431640625,8.292671203613281,69.75231170654297,7.969271659851074
57.0,22.5,42.87010955810547,193.9650421142578,8.295968055725098,70.6476058959961,7.969271659851074
58.0,22.5,43.336631774902344,194.3397979736328,8.298629760742188,71.44953918457031,7.969271659851074
59.0,22.5,44.083580017089844,194.58824157714844,8.302889823913574,72.48785400390625,7.969271659851074
60.0,22.5,44.79828643798828,194.8823699951172,8.306966781616211,73.50068664550781,7.969271659851074
61.0,22.5,45.239646911621094,195.3401336669922,8.30948543548584,74.27693939208984,7.969271659851074
62.0,22.5,45.938968658447266,195.6944122314453,8.313475608825684,75.27521514892578,7.969271659851074
63.0,22.5,46.731143951416016,196.0337371826172,8.317994117736816,76.35515594482422,7.969271659851074
64.0,22.5,47.551849365234375,196.39137268066406,8.322675704956055,77.46082305908203,7.969271659851074
65.0,22.5,48.59396743774414,196.68527221679688,8.328621864318848,78.7659912109375,7.969271659851074
66.0,22.5,49.75122833251953,196.9703369140625,8.335223197937012,80.1781997680664,7.969271659851074
92.0,22.5,42.705623626708984,218.72601318359375,8.29503059387207,77.65406036376953,7.969271659851074
93.0,22.5,39.54450988769531,219.34127807617188,8.276995658874512,74.4715805053711,7.969271659851074
94.0,22.5,37.461830139160156,219.90884399414062,8.265114784240723,72.35816955566406,7.969271659851074
95.0,22.5,35.79832077026367,220.4349822998047,8.255624771118164,70.65557098388672,7.969271659851074
96.0,22.5,34.77656173706055,220.9622344970703,8.249795913696289,69.58544158935547,7.969271659851074
97.0,22.5,33.36959457397461,221.41038513183594,8.241769790649414,68.12525939941406,7.969271659851074
98.0,22.5,32.163002014160156,221.834228515625,8.234885215759277,66.859130859375,7.969271659851074
99.0,22.5,31.07151222229004,222.23178100585938,8.228658676147461,65.70255279541016,7.969271659851074
100.0,22.5,30.230749130249023,222.63099670410156,8.22386360168457,64.78953552246094,7.969271659851074
101.0,22.5,28.940982818603516,222.91908264160156,8.21650505065918,63.43051528930664,7.969271659851074
102.0,22.5,28.1818790435791,223.26576232910156,8.212174415588379,62.59117889404297,7.969271659851074
103.0,22.5,27.60297966003418,223.623291015625,8.208871841430664,61.924678802490234,7.969271659851074
104.0,22.5,26.982391357421875,223.94967651367188,8.205330848693848,61.213722229003906,7.969271659851074
105.0,22.5,26.41295623779297,224.2657470703125,8.202082633972168,60.54933166503906,7.969271659851074
106.0,22.5,25.696849822998047,224.52175903320312,8.197997093200684,59.740631103515625,7.969271659851074
107.0,22.5,25.266725540161133,224.8321075439453,8.19554328918457,59.20541000366211,7.969271659851074
108.0,22.5,24.58452796936035,225.05068969726562,8.191652297973633,58.42643737792969,7.969271659851074
109.0,22.5,23.86651611328125,225.23306274414062,8.187556266784668,57.61341857910156,7.969271659851074
110.0,22.5,23.305776596069336,225.4414520263672,8.184356689453125,56.94977951049805,7.969271659851074
111.0,22.5,22.31300163269043,225.47877502441406,8.178693771362305,55.88086700439453,7.969271659851074
112.0,22.5,21.737056732177734,225.63299560546875,8.175407409667969,55.20585250854492,7.969271659851074
113.0,22.5,19.807374954223633,225.25131225585938,8.164398193359375,53.27996826171875,7.969271659851074
114.0,22.5,17.313913345336914,224.58157348632812,8.150174140930176,50.856529235839844,7.969271659851074
115.0,22.5,16.917776107788086,224.69461059570312,8.147913932800293,50.373451232910156,7.969271659851074
116.0,22.5,14.583648681640625,223.96315002441406,8.134598731994629,48.14004898071289,7.969271659851074
117.0,22.5,14.401126861572266,224.11119079589844,8.133557319641113,47.86551284790039,7.969271659851074
118.0,22.5,13.957054138183594,224.13140869140625,8.131023406982422,47.357566833496094,7.969271659851074
119.0,22.5,13.395599365234375,224.08016967773438,8.12782096862793,46.749664306640625,7.969271659851074
120.0,22.5,12.882233619689941,224.03330993652344,8.124892234802246,46.189395904541016,7.969271659851074
121.0,22.5,12.41124439239502,223.99032592773438,8.12220573425293,45.67105484008789,7.969271659851074
122.0,22.5,11.97775650024414,223.9507598876953,8.119731903076172,45.189781188964844,7.969271659851074
123.0,22.5,11.57767391204834,223.91424560546875,8.117449760437012,44.741485595703125,7.969271659851074
124.0,22.5,11.349932670593262,223.9587860107422,8.116150856018066,44.441646575927734,7.969271659851074
125.0,22.5,10.918941497802734,223.88011169433594,8.113692283630371,43.97548294067383,7.969271659851074
126.0,22.5,10.85484504699707,223.99940490722656,8.113326072692871,43.81431198120117,7.969271659851074
127.0,22.5,10.819806098937988,224.1322021484375,8.113126754760742,43.67512893676758,7.969271659851074
128.0,22.5,10.537970542907715,224.11231994628906,8.111518859863281,43.33784103393555,7.969271659851074
129.0,22.5,10.263542175292969,224.08726501464844,8.109952926635742,43.00978088378906,7.969271659851074
130.0,22.5,10.006528854370117,224.0637969970703,8.108487129211426,42.69868087768555,7.969271659851074
131.0,22.5,9.765478134155273,224.04180908203125,8.107111930847168,42.4030647277832,7.969271659851074
132.0,22.5,9.539056777954102,224.02113342285156,8.105819702148438,42.12162399291992,7.969271659851074
133.0,22.5,9.326119422912598,224.00169372558594,8.104604721069336,41.85318374633789,7.969271659851074
134.0,22.5,9.255727767944336,224.0727081298828,8.104203224182129,41.6912956237793,7.969271659851074
135.0,22.5,9.203904151916504,224.15296936035156,8.103907585144043,41.54233169555664,7.969271659851074
136.0,22.5,8.98858642578125,224.11367797851562,8.102679252624512,41.27771759033203,7.969271659851074
137.0,22.5,8.786612510681152,224.07679748535156,8.101527214050293,41.025753021240234,7.969271659851074
138.0,22.5,8.596959114074707,224.0421905517578,8.100444793701172,40.78537368774414,7.969271659851074
139.0,22.5,8.533880233764648,224.09573364257812,8.100085258483887,40.632225036621094,7.969271659851074
140.0,22.5,8.773090362548828,224.37522888183594,8.101449966430664,40.67589569091797,7.969271659851074
141.0,22.5,8.750439643859863,224.45651245117188,8.10132122039795,40.54440689086914,7.969271659851074
142.0,22.5,8.643880844116211,224.46971130371094,8.100712776184082,40.35942077636719,7.969271659851074
143.0,22.5,8.518991470336914,224.46401977539062,8.100000381469727,40.16449737548828,7.969271659851074
144.0,22.5,8.40032958984375,224.45860290527344,8.099323272705078,39.97515869140625,7.969271659851074
145.0,22.5,8.403717994689941,224.54783630371094,8.099343299865723,39.8587532043457,7.969271659851074
146.0,22.5,8.342107772827148,224.5815887451172,8.098991394042969,39.70380401611328,7.969271659851074
147.0,22.5,8.21636962890625,224.55865478515625,8.098274230957031,39.513633728027344,7.969271659851074
148.0,22.5,8.097456932067871,224.5369415283203,8.097596168518066,39.32942581176758,7.969271659851074
149.0,22.5,7.985004901885986,224.51641845703125,8.096954345703125,39.15076446533203,7.969271659851074
150.0,22.5,7.878635883331299,224.4969940185547,8.09634780883789,38.97727584838867,7.969271659851074
151.0,22.5,7.7780442237854,224.4786376953125,8.095773696899414,38.80860900878906,7.969271659851074
152.0,22.5,7.706264019012451,224.4817657470703,8.09536361694336,38.6556396484375,7.969271659851074
153.0,22.5,7.753494739532471,224.58705139160156,8.095633506774902,38.5589714050293,7.969271659851074
154.0,22.5,7.804086685180664,224.6940155029297,8.095922470092773,38.46125030517578,7.969271659851074
155.0,22.5,7.788841247558594,224.74029541015625,8.095834732055664,38.332393646240234,7.969271659851074
156.0,22.5,7.718188285827637,224.73385620117188,8.09543228149414,38.179866790771484,7.969271659851074
157.0,22.5,7.6785688400268555,224.75267028808594,8.095206260681152,38.04106521606445,7.969271659851074
158.0,22.5,7.687288284301758,224.8134002685547,8.095255851745605,37.921199798583984,7.969271659851074
159.0,22.5,7.69857120513916,224.8744659423828,8.095320701599121,37.80110549926758,7.969271659851074
160.0,22.5,7.712462902069092,224.93594360351562,8.095399856567383,37.680686950683594,7.969271659851074
161.0,22.5,7.728992938995361,224.9978790283203,8.09549331665039,37.559871673583984,7.969271659851074
162.0,22.5,7.748130798339844,225.0602569580078,8.095602989196777,37.43857192993164,7.969271659851074
163.0,22.5,7.769979000091553,225.12319946289062,8.095727920532227,37.31669235229492,7.969271659851074
164.0,22.5,7.794546604156494,225.1867218017578,8.095868110656738,37.194149017333984,7.969271659851074
165.0,22.5,7.8218560218811035,225.2508544921875,8.096023559570312,37.07085037231445,7.969271659851074
166.0,22.5,7.851981163024902,225.315673828125,8.096195220947266,36.94670104980469,7.969271659851074
167.0,22.5,7.832473278045654,225.33021545410156,8.096084594726562,36.8092155456543,7.969271659851074
168.0,22.5,7.7973175048828125,225.32701110839844,8.0958833694458,36.668399810791016,7.969271659851074
169.0,22.5,7.765069007873535,225.32406616210938,8.095699310302734,36.52885437011719,7.969271659851074
170.0,22.5,7.735672473907471,225.32138061523438,8.095531463623047,36.39045715332031,7.969271659851074
171.0,22.5,7.709080219268799,225.31895446777344,8.095379829406738,36.25310516357422,7.969271659851074
172.0,22.5,7.685249328613281,225.31678771972656,8.095244407653809,36.11668395996094,7.969271659851074
173.0,22.5,7.744770526885986,225.39479064941406,8.09558391571045,35.9918327331543,7.969271659851074
174.0,22.5,7.871365547180176,225.537353515625,8.096305847167969,35.872371673583984,7.969271659851074
175.0,22.5,7.936727523803711,225.6171112060547,8.096678733825684,35.74222183227539,7.969271659851074
176.0,22.5,7.97157621383667,225.66427612304688,8.096878051757812,35.607086181640625,7.969271659851074
177.0,22.5,8.009332656860352,225.71202087402344,8.097092628479004,35.470726013183594,7.969271659851074
178.0,22.5,8.050068855285645,225.76039123535156,8.097325325012207,35.33303451538086,7.969271659851074
179.0,22.5,8.193039894104004,225.9085693359375,8.098140716552734,35.19675064086914,7.969271659851074
180.0,22.5,8.234457015991211,225.95285034179688,8.098377227783203,35.054256439208984,7.969271659851074
181.0,22.5,8.266876220703125,225.9856414794922,8.098562240600586,34.91034698486328,7.969271659851074
182.0,22.5,8.451370239257812,226.16793823242188,8.099615097045898,34.76173400878906,7.969271659851074
183.0,22.5,8.512521743774414,226.22427368164062,8.099963188171387,34.61180114746094,7.969271659851074
184.0,22.5,8.574448585510254,226.27870178222656,8.100317001342773,34.45979690551758,7.969271659851074
185.0,22.5,8.640124320983887,226.33413696289062,8.100691795349121,34.305503845214844,7.969271659851074
186.0,22.5,8.913394927978516,226.5934600830078,8.102251052856445,34.129764556884766,7.969271659851074
187.0,22.5,9.175111770629883,226.83770751953125,8.103743553161621,33.94606018066406,7.969271659851074
188.0,22.5,9.195310592651367,226.83863830566406,8.103858947753906,33.784488677978516,7.969271659851074
189.0,22.5,9.21853256225586,226.83969116210938,8.103991508483887,33.622135162353516,7.969271659851074
190.0,22.5,9.253504753112793,226.8494415283203,8.104190826416016,33.457481384277344,7.969271659851074
191.0,22.5,9.304766654968262,226.8722381591797,8.104483604431152,33.289154052734375,7.969271659851074
192.0,22.5,9.338004112243652,226.87425231933594,8.1046724319458,33.12311935424805,7.969271659851074
193.0,22.5,9.374547004699707,226.87648010253906,8.104881286621094,32.95580291748047,7.969271659851074
194.0,22.5,9.510046005249023,226.971923828125,8.1056547164917,32.76499938964844,7.969271659851074
195.0,22.5,9.669710159301758,227.0868682861328,8.106565475463867,32.564273834228516,7.969271659851074
196.0,22.5,10.213008880615234,227.56752014160156,8.109664916992188,32.25732421875,7.969271659851074
197.0,22.5,10.304506301879883,227.60662841796875,8.110186576843262,32.060096740722656,7.969271659851074
198.0,22.5,10.364912033081055,227.61215209960938,8.110530853271484,31.869964599609375,7.969271659851074
199.0,22.5,10.429557800292969,227.61805725097656,8.110899925231934,31.677427291870117,7.969271659851074
200.0,22.5,10.613871574401855,227.73313903808594,8.11195182800293,31.444087982177734,7.969271659851074
201.0,22.5,11.27267074584961,228.28790283203125,8.115710258483887,31.04074478149414,7.969271659851074
202.0,22.5,11.809991836547852,228.7183074951172,8.118775367736816,30.6612606048584,7.969271659851074
203.0,22.5,11.97305679321289,228.7924041748047,8.119705200195312,30.407943725585938,7.969271659851074
204.0,22.5,12.067727088928223,228.7981719970703,8.120245933532715,30.1778621673584,7.969271659851074
205.0,22.5,12.372117042541504,228.9903106689453,8.121981620788574,29.859724044799805,7.969271659851074
206.0,22.5,12.968988418579102,229.43894958496094,8.125387191772461,29.40823745727539,7.969271659851074
207.0,22.5,13.157373428344727,229.50906372070312,8.12646198272705,29.120925903320312,7.969271659851074
208.0,22.5,13.920051574707031,230.08274841308594,8.130812644958496,28.56564712524414,7.969271659851074
209.0,22.5,14.376080513000488,230.37057495117188,8.133414268493652,28.134294509887695,7.969271659851074
210.0,22.5,15.65002155303955,231.35989379882812,8.140682220458984,27.29010581970215,7.969271659851074
211.0,22.5,15.819520950317383,231.37020874023438,8.141648292541504,26.967565536499023,7.969271659851074
212.0,22.5,17.475563049316406,232.64285278320312,8.15109634399414,25.868942260742188,7.969271659851074
213.0,22.5,19.923194885253906,234.54959106445312,8.165060043334961,24.300148010253906,7.969271659851074
20.0,16.875,48.61741638183594,171.84060668945312,8.273455619812012,51.04738998413086,7.969271659851074
21.0,16.875,47.115203857421875,173.5370330810547,8.266593933105469,51.323917388916016,7.969271659851074
22.0,16.875,46.301292419433594,174.5875244140625,8.262876510620117,51.796566009521484,7.969271659851074
23.0,16.875,45.2846794128418,175.82833862304688,8.258233070373535,52.1606330871582,7.969271659851074
24.0,16.875,44.182254791259766,177.14723205566406,8.25319766998291,52.452659606933594,7.969271659851074
25.0,16.875,43.49031066894531,178.08920288085938,8.250038146972656,52.87308120727539,7.969271659851074
26.0,16.875,42.945640563964844,178.90017700195312,8.247550010681152,53.32902908325195,7.969271659851074
27.0,16.875,42.211585998535156,179.8845977783203,8.244197845458984,53.678226470947266,7.969271659851074
28.0,16.875,41.95654296875,180.443603515625,8.243032455444336,54.21861267089844,7.969271659851074
29.0,16.875,41.260711669921875,181.3979034423828,8.23985481262207,54.53611755371094,7.969271659851074
30.0,16.875,40.866668701171875,182.088623046875,8.238054275512695,54.97405242919922,7.969271659851074
31.0,16.875,40.56536865234375,182.70339965820312,8.236678123474121,55.44072341918945,7.969271659851074
32.0,16.875,40.20497512817383,183.3740234375,8.23503303527832,55.861366271972656,7.969271659851074
33.0,16.875,39.987552642822266,183.92774963378906,8.234039306640625,56.341339111328125,7.969271659851074
34.0,16.875,39.625858306884766,184.60826110839844,8.23238754272461,56.72913360595703,7.969271659851074
35.0,16.875,39.38749694824219,185.1900634765625,8.231298446655273,57.169273376464844,7.969271659851074
36.0,16.875,39.14409255981445,185.7812042236328,8.23018741607666,57.59288024902344,7.969271659851074
37.0,16.875,39.027774810791016,186.27476501464844,8.229655265808105,58.07792663574219,7.969271659851074
38.0,16.875,38.92464828491211,186.76499938964844,8.229185104370117,58.56064987182617,7.969271659851074
39.0,16.875,38.932613372802734,187.1753387451172,8.22922134399414,59.10221481323242,7.969271659851074
40.0,16.875,38.875492095947266,187.6455078125,8.228960990905762,59.59541320800781,7.969271659851074
41.0,16.875,38.820648193359375,188.121826171875,8.228710174560547,60.081024169921875,7.969271659851074
42.0,16.875,38.819061279296875,188.56593322753906,8.228702545166016,60.59269332885742,7.969271659851074
43.0,16.875,38.78047180175781,189.04623413085938,8.22852611541748,61.07159423828125,7.969271659851074
44.0,16.875,38.75953674316406,189.5215301513672,8.22843074798584,61.55367660522461,7.969271659851074
45.0,16.875,38.823822021484375,189.94393920898438,8.228724479675293,62.086647033691406,7.969271659851074
46.0,16.875,38.99072265625,190.30422973632812,8.229486465454102,62.685943603515625,7.969271659851074
47.0,16.875,39.10920715332031,190.71044921875,8.230027198791504,63.245872497558594,7.969271659851074
48.0,16.875,39.45024108886719,190.97702026367188,8.231585502624512,63.96363830566406,7.969271659851074
49.0,16.875,39.505821228027344,191.45030212402344,8.231839179992676,64.46744537353516,7.969271659851074
50.0,16.875,39.70085144042969,191.84213256835938,8.2327299118042,65.06930541992188,7.969271659851074
51.0,16.875,40.03779602050781,192.1564178466797,8.234269142150879,65.77566528320312,7.969271659851074
52.0,16.875,40.258785247802734,192.55999755859375,8.235278129577637,66.38961791992188,7.969271659851074
53.0,16.875,40.83021545410156,192.7630615234375,8.23788833618164,67.27617645263672,7.969271659851074
54.0,16.875,40.97773361206055,193.24273681640625,8.238561630249023,67.82511138916016,7.969271659851074
55.0,16.875,41.538108825683594,193.49319458007812,8.241121292114258,68.70246124267578,7.969271659851074
56.0,16.875,41.84947204589844,193.90859985351562,8.24254322052002,69.37617492675781,7.969271659851074
57.0,16.875,42.37001037597656,194.22421264648438,8.24492073059082,70.21965789794922,7.969271659851074
58.0,16.875,42.737701416015625,194.64462280273438,8.246601104736328,70.93382263183594,7.969271659851074
59.0,16.875,43.23976516723633,195.01229858398438,8.248893737792969,71.75830841064453,7.969271659851074
60.0,16.875,43.843223571777344,195.35006713867188,8.251649856567383,72.66798400878906,7.969271659851074
61.0,16.875,44.312007904052734,195.77944946289062,8.253790855407715,73.45992279052734,7.969271659851074
62.0,16.875,45.380287170410156,195.94203186035156,8.25866985321045,74.77417755126953,7.969271659851074
63.0,16.875,46.196170806884766,196.26121520996094,8.262396812438965,75.87069702148438,7.969271659851074
64.0,16.875,46.903564453125,196.66087341308594,8.26562786102295,76.87104797363281,7.969271659851074
65.0,16.875,47.876014709472656,196.97413635253906,8.27007007598877,78.10858154296875,7.969271659851074
66.0,16.875,48.82475280761719,197.33421325683594,8.274402618408203,79.32614135742188,7.969271659851074
91.0,16.875,47.868499755859375,217.98826599121094,8.270033836364746,82.8282470703125,7.969271659851074
92.0,16.875,41.21179962158203,218.6699981689453,8.239630699157715,76.1613998413086,7.969271659851074
93.0,16.875,38.4317741394043,219.27627563476562,8.226933479309082,73.3608169555664,7.969271659851074
94.0,16.875,36.619571685791016,219.8411865234375,8.218656539916992,71.5186538696289,7.969271659851074
95.0,16.875,34.90888595581055,220.34994506835938,8.210843086242676,69.77024841308594,7.969271659851074
96.0,16.875,33.52961349487305,220.82913208007812,8.204543113708496,68.34571838378906,7.969271659851074
97.0,16.875,32.847938537597656,221.3362274169922,8.20142936706543,67.60883331298828,7.969271659851074
98.0,16.875,31.577037811279297,221.74346923828125,8.195625305175781,66.28021240234375,7.969271659851074
99.0,16.875,29.970224380493164,222.05690002441406,8.188286781311035,64.61532592773438,7.969271659851074
100.0,16.875,29.649456024169922,222.52182006835938,8.186820983886719,64.21857452392578,7.969271659851074
101.0,16.875,28.490020751953125,222.82395935058594,8.181526184082031,62.98963928222656,7.969271659851074
102.0,16.875,27.86762237548828,223.19015502929688,8.178683280944824,62.2859992980957,7.969271659851074
103.0,16.875,26.90690040588379,223.461181640625,8.174295425415039,61.247772216796875,7.969271659851074
104.0,16.875,26.714460372924805,223.87472534179688,8.173416137695312,60.956298828125,7.969271659851074
105.0,16.875,25.737762451171875,224.0858612060547,8.168954849243164,59.89857482910156,7.969271659851074
106.0,16.875,25.178220748901367,224.37225341796875,8.166399955749512,59.244014739990234,7.969271659851074
107.0,16.875,24.6506404876709,224.6467742919922,8.163990020751953,58.617889404296875,7.969271659851074
108.0,16.875,23.94931983947754,224.8497772216797,8.160786628723145,57.823875427246094,7.969271659851074
109.0,16.875,22.94583511352539,224.9322509765625,8.156204223632812,56.743343353271484,7.969271659851074
110.0,16.875,22.94866943359375,225.31224060058594,8.156216621398926,56.61681365966797,7.969271659851074
111.0,16.875,21.63377571105957,225.2323760986328,8.1502103805542,55.24795913696289,7.969271659851074
112.0,16.875,17.965845108032227,224.2515869140625,8.133458137512207,51.696922302246094,7.969271659851074
113.0,16.875,15.906900405883789,223.76068115234375,8.124053955078125,49.675724029541016,7.969271659851074
114.0,16.875,15.169838905334473,223.72474670410156,8.120687484741211,48.89122009277344,7.969271659851074
115.0,16.875,14.502887725830078,223.6922607421875,8.11764144897461,48.17653274536133,7.969271659851074
116.0,16.875,14.060149192810059,223.73263549804688,8.115618705749512,47.67007827758789,7.969271659851074
117.0,16.875,13.874990463256836,223.8714141845703,8.114773750305176,47.39723587036133,7.969271659851074
118.0,16.875,13.315009117126465,223.83050537109375,8.112215995788574,46.79045867919922,7.969271659851074
119.0,16.875,12.802937507629395,223.79307556152344,8.10987663269043,46.23123550415039,7.969271659851074
120.0,16.875,12.333059310913086,223.7587432861328,8.107730865478516,45.713836669921875,7.969271659851074
121.0,16.875,11.9005708694458,223.72714233398438,8.105755805969238,45.23347091674805,7.969271659851074
122.0,16.875,11.501338958740234,223.69796752929688,8.10393238067627,44.786006927490234,7.969271659851074
123.0,16.875,11.13184642791748,223.67095947265625,8.10224437713623,44.3679313659668,7.969271659851074
124.0,16.875,10.789047241210938,223.6459197998047,8.100678443908691,43.97618103027344,7.969271659851074
125.0,16.875,10.576194763183594,223.68234252929688,8.099706649780273,43.695579528808594,7.969271659851074
126.0,16.875,10.539230346679688,223.8125,8.09953784942627,43.56001663208008,7.969271659851074
127.0,16.875,10.460248947143555,223.9148712158203,8.099177360534668,43.38872146606445,7.969271659851074
128.0,16.875,10.186172485351562,223.89483642578125,8.097925186157227,43.06135559082031,7.969271659851074
129.0,16.875,9.929444313049316,223.87606811523438,8.096753120422363,42.75093460083008,7.969271659851074
130.0,16.875,9.688604354858398,223.8584747314453,8.09565258026123,42.45597839355469,7.969271659851074
131.0,16.875,9.462357521057129,223.84194946289062,8.094618797302246,42.175193786621094,7.969271659851074
132.0,16.875,9.249526023864746,223.82638549804688,8.093647003173828,41.907405853271484,7.969271659851074
133.0,16.875,9.049108505249023,223.81175231933594,8.092731475830078,41.651573181152344,7.969271659851074
134.0,16.875,8.875934600830078,223.80877685546875,8.091940879821777,41.41823959350586,7.969271659851074
135.0,16.875,8.703960418701172,223.80038452148438,8.091155052185059,41.18794631958008,7.969271659851074
136.0,16.875,8.541291236877441,223.79246520996094,8.090412139892578,40.966487884521484,7.969271659851074
137.0,16.875,8.387272834777832,223.7849578857422,8.089709281921387,40.75321578979492,7.969271659851074
138.0,16.875,8.24136734008789,223.77786254882812,8.089042663574219,40.54755783081055,7.969271659851074
139.0,16.875,8.114813804626465,223.77992248535156,8.088464736938477,40.3568115234375,7.969271659851074
140.0,16.875,8.1348876953125,223.8883819580078,8.088556289672852,40.263309478759766,7.969271659851074
141.0,16.875,8.355243682861328,224.1495819091797,8.08956241607666,40.29551315307617,7.969271659851074
142.0,16.875,8.415444374084473,224.2886962890625,8.089838027954102,40.220096588134766,7.969271659851074
143.0,16.875,8.274755477905273,224.26812744140625,8.089195251464844,40.018653869628906,7.969271659851074
144.0,16.875,8.15736198425293,224.26124572753906,8.088659286499023,39.83346939086914,7.969271659851074
145.0,16.875,8.140083312988281,224.3312530517578,8.088580131530762,39.70846939086914,7.969271659851074
146.0,16.875,8.030851364135742,224.32327270507812,8.088081359863281,39.53020095825195,7.969271659851074
147.0,16.875,7.927132606506348,224.31570434570312,8.087607383728027,39.35672378540039,7.969271659851074
148.0,16.875,7.828614234924316,224.30848693847656,8.087157249450684,39.187744140625,7.969271659851074
149.0,16.875,7.7350921630859375,224.30166625976562,8.086730003356934,39.022979736328125,7.969271659851074
150.0,16.875,7.646274566650391,224.295166015625,8.086324691772461,38.86216735839844,7.969271659851074
151.0,16.875,7.561982154846191,224.2890167236328,8.085939407348633,38.7050666809082,7.969271659851074
152.0,16.875,7.539641857147217,224.33375549316406,8.085837364196777,38.57912063598633,7.969271659851074
153.0,16.875,7.535688400268555,224.39239501953125,8.085819244384766,38.46128463745117,7.969271659851074
154.0,16.875,7.565133571624756,224.47877502441406,8.085953712463379,38.35750961303711,7.969271659851074
155.0,16.875,7.615834712982178,224.5827178955078,8.086185455322266,38.260986328125,7.969271659851074
156.0,16.875,7.551990032196045,224.5812530517578,8.085893630981445,38.114036560058594,7.969271659851074
157.0,16.875,7.544398784637451,224.62828063964844,8.085859298706055,37.990753173828125,7.969271659851074
158.0,16.875,7.552743434906006,224.68780517578125,8.085897445678711,37.8729248046875,7.969271659851074
159.0,16.875,7.563581943511963,224.7476348876953,8.085947036743164,37.75486373901367,7.969271659851074
160.0,16.875,7.576915740966797,224.80780029296875,8.086008071899414,37.636478424072266,7.969271659851074
161.0,16.875,7.592790126800537,224.8683624267578,8.086080551147461,37.517696380615234,7.969271659851074
162.0,16.875,7.553106307983398,224.87429809570312,8.085899353027344,37.37983322143555,7.969271659851074
163.0,16.875,7.623891353607178,224.9828643798828,8.086222648620605,37.27608108520508,7.969271659851074
164.0,16.875,7.65582275390625,225.05274963378906,8.086368560791016,37.15812301635742,7.969271659851074
165.0,16.875,7.682102680206299,225.1152801513672,8.086487770080566,37.036895751953125,7.969271659851074
166.0,16.875,7.711085796356201,225.1784210205078,8.086620330810547,36.91484069824219,7.969271659851074
167.0,16.875,7.674837589263916,225.17616271972656,8.086455345153809,36.77579116821289,7.969271659851074
168.0,16.875,7.641017913818359,225.1737060546875,8.08630084991455,36.637943267822266,7.969271659851074
169.0,16.875,7.609971046447754,225.1714324951172,8.086158752441406,36.501304626464844,7.969271659851074
170.0,16.875,7.581658840179443,225.1693572998047,8.086029052734375,36.36576461791992,7.969271659851074
171.0,16.875,7.55603551864624,225.16748046875,8.085912704467773,36.23121643066406,7.969271659851074
172.0,16.875,7.533060073852539,225.16580200195312,8.085807800292969,36.097564697265625,7.969271659851074
173.0,16.875,7.512680530548096,225.164306640625,8.085714340209961,35.96470642089844,7.969271659851074
174.0,16.875,7.5703125,225.23793029785156,8.085977554321289,35.84131622314453,7.969271659851074
175.0,16.875,7.693892955780029,225.3751220703125,8.086542129516602,35.72218322753906,7.969271659851074
176.0,16.875,7.8243608474731445,225.51727294921875,8.087138175964355,35.599090576171875,7.969271659851074
177.0,16.875,7.908046245574951,225.61073303222656,8.087520599365234,35.468265533447266,7.969271659851074
178.0,16.875,7.947680473327637,225.65797424316406,8.087700843811035,35.332313537597656,7.969271659851074
179.0,16.875,8.032793998718262,225.74832153320312,8.088089942932129,35.19619369506836,7.969271659851074
180.0,16.875,8.07277774810791,225.7911834716797,8.088272094726562,35.05649948120117,7.969271659851074
181.0,16.875,8.072295188903809,225.7911376953125,8.08827018737793,34.915611267089844,7.969271659851074
182.0,16.875,8.075691223144531,225.79251098632812,8.088285446166992,34.774662017822266,7.969271659851074
183.0,16.875,8.254560470581055,225.9667510986328,8.089102745056152,34.62654113769531,7.969271659851074
184.0,16.875,8.444669723510742,226.14944458007812,8.089971542358398,34.47163391113281,7.969271659851074
185.0,16.875,8.524591445922852,226.2193145751953,8.090335845947266,34.31855392456055,7.969271659851074
186.0,16.875,8.592201232910156,226.2741241455078,8.090644836425781,34.164031982421875,7.969271659851074
187.0,16.875,9.063285827636719,226.7271270751953,8.092796325683594,33.96297073364258,7.969271659851074
188.0,16.875,9.085492134094238,226.73036193847656,8.09289836883545,33.803077697753906,7.969271659851074
189.0,16.875,9.111082077026367,226.73410034179688,8.09301471710205,33.64228057861328,7.969271659851074
190.0,16.875,9.14011001586914,226.7383575439453,8.093147277832031,33.48044967651367,7.969271659851074
191.0,16.875,9.17259407043457,226.74310302734375,8.09329605102539,33.317447662353516,7.969271659851074
192.0,16.875,9.208619117736816,226.7483673095703,8.093460083007812,33.15312957763672,7.969271659851074
193.0,16.875,9.248242378234863,226.754150390625,8.09364128112793,32.98736572265625,7.969271659851074
194.0,16.875,9.289647102355957,226.7586212158203,8.093830108642578,32.8204460144043,7.969271659851074
195.0,16.875,9.437124252319336,226.86277770996094,8.094504356384277,32.62652587890625,7.969271659851074
196.0,16.875,9.663421630859375,227.0388946533203,8.095537185668945,32.40750503540039,7.969271659851074
197.0,16.875,10.091294288635254,227.40353393554688,8.097492218017578,32.12499237060547,7.969271659851074
198.0,16.875,10.149099349975586,227.40774536132812,8.097756385803223,31.939193725585938,7.969271659851074
199.0,16.875,10.210981369018555,227.4122772216797,8.098038673400879,31.75111198425293,7.969271659851074
200.0,16.875,10.333779335021973,227.4706573486328,8.098599433898926,31.541793823242188,7.969271659851074
201.0,16.875,10.749149322509766,227.79901123046875,8.100496292114258,31.227872848510742,7.969271659851074
202.0,16.875,11.20180606842041,228.15399169921875,8.102563858032227,30.887929916381836,7.969271659851074
203.0,16.875,11.800721168518066,228.63534545898438,8.105299949645996,30.478961944580078,7.969271659851074
204.0,16.875,11.896504402160645,228.64341735839844,8.10573673248291,30.251211166381836,7.969271659851074
205.0,16.875,11.993741989135742,228.64816284179688,8.106181144714355,30.021224975585938,7.969271659851074
206.0,16.875,12.504034996032715,229.02154541015625,8.108511924743652,29.61298370361328,7.969271659851074
207.0,16.875,12.922128677368164,229.3012237548828,8.110421180725098,29.23114776611328,7.969271659851074
208.0,16.875,13.715012550354004,229.9038848876953,8.114042282104492,28.66596221923828,7.969271659851074
209.0,16.875,13.849363327026367,229.91043090820312,8.114656448364258,28.390525817871094,7.969271659851074
210.0,16.875,14.741307258605957,230.57156372070312,8.118730545043945,27.741958618164062,7.969271659851074
211.0,16.875,15.578834533691406,231.16656494140625,8.12255573272705,27.095924377441406,7.969271659851074
212.0,16.875,16.47916603088379,231.79635620117188,8.126667976379395,26.394392013549805,7.969271659851074
213.0,16.875,18.188793182373047,233.08941650390625,8.134476661682129,25.23592185974121,7.969271659851074
214.0,16.875,19.8707332611084,234.32275390625,8.142158508300781,24.045194625854492,7.969271659851074
19.0,11.25,48.392295837402344,171.77439880371094,8.215254783630371,50.15560531616211,7.969271659851074
20.0,11.25,47.02272415161133,173.33917236328125,8.210617065429688,50.50248336791992,7.969271659851074
21.0,11.25,46.07728958129883,174.50387573242188,8.207416534423828,50.9466552734375,7.969271659851074
22.0,11.25,44.885826110839844,175.89952087402344,8.203381538391113,51.26563262939453,7.969271659851074
23.0,11.25,44.10860824584961,176.90953063964844,8.200750350952148,51.69807815551758,7.969271659851074
24.0,11.25,43.213584899902344,178.02987670898438,8.19771957397461,52.05373764038086,7.969271659851074
25.0,11.25,42.50038146972656,178.98423767089844,8.195304870605469,52.45030975341797,7.969271659851074
26.0,11.25,41.979373931884766,179.7664031982422,8.193540573120117,52.90101623535156,7.969271659851074
27.0,11.25,41.28555679321289,180.707275390625,8.191191673278809,53.25324249267578,7.969271659851074
28.0,11.25,40.95734786987305,181.3238067626953,8.190080642700195,53.745872497558594,7.969271659851074
29.0,11.25,40.389190673828125,182.15744018554688,8.188156127929688,54.10883712768555,7.969271659851074
30.0,11.25,40.14456558227539,182.71035766601562,8.187328338623047,54.60684585571289,7.969271659851074
31.0,11.25,39.817161560058594,183.3412322998047,8.186219215393066,55.04964828491211,7.969271659851074
32.0,11.25,39.62370681762695,183.86236572265625,8.185564994812012,55.54606246948242,7.969271659851074
33.0,11.25,39.020355224609375,184.7367706298828,8.183521270751953,55.8114128112793,7.969271659851074
34.0,11.25,38.860191345214844,185.2395477294922,8.182979583740234,56.295928955078125,7.969271659851074
35.0,11.25,38.720703125,185.73207092285156,8.182506561279297,56.78091049194336,7.969271659851074
36.0,11.25,38.59437561035156,186.22085571289062,8.182079315185547,57.262847900390625,7.969271659851074
37.0,11.25,38.43614196777344,186.74240112304688,8.181543350219727,57.71549606323242,7.969271659851074
38.0,11.25,38.33148193359375,187.2274932861328,8.181188583374023,58.18922805786133,7.969271659851074
39.0,11.25,38.24002456665039,187.70928955078125,8.180879592895508,58.66114807128906,7.969271659851074
40.0,11.25,38.16154098510742,188.18821716308594,8.18061351776123,59.131568908691406,7.969271659851074
41.0,11.25,38.09592056274414,188.6645965576172,8.180391311645508,59.600833892822266,7.969271659851074
42.0,11.25,38.043060302734375,189.13876342773438,8.18021297454834,60.06926727294922,7.969271659851074
43.0,11.25,38.29692459106445,189.3935546875,8.181072235107422,60.73509216308594,7.969271659851074
44.0,11.25,38.424217224121094,189.75503540039062,8.181503295898438,61.31280517578125,7.969271659851074
45.0,11.25,38.40899658203125,190.2301025390625,8.181451797485352,61.78620529174805,7.969271659851074
46.0,11.25,38.52283477783203,190.62237548828125,8.18183708190918,62.34278106689453,7.969271659851074
47.0,11.25,38.671958923339844,191.00135803222656,8.182342529296875,62.91933059692383,7.969271659851074
48.0,11.25,38.69926834106445,191.47483825683594,8.18243408203125,63.40142059326172,7.969271659851074
49.0,11.25,38.74052810668945,191.94775390625,8.182574272155762,63.88593292236328,7.969271659851074
50.0,11.25,39.026763916015625,192.2698211669922,8.18354320526123,64.54828643798828,7.969271659851074
51.0,11.25,39.271324157714844,192.63385009765625,8.184370994567871,65.17609405517578,7.969271659851074
52.0,11.25,39.5615119934082,192.9835662841797,8.18535327911377,65.83576965332031,7.969271659851074
53.0,11.25,39.86192321777344,193.3424530029297,8.186371803283691,66.50044250488281,7.969271659851074
54.0,11.25,40.208038330078125,193.6897735595703,8.187542915344238,67.1985855102539,7.969271659851074
55.0,11.25,40.761863708496094,193.932861328125,8.18941879272461,68.06278228759766,7.969271659851074
56.0,11.25,41.009765625,194.37307739257812,8.19025707244873,68.67668151855469,7.969271659851074
57.0,11.25,41.60292053222656,194.6359405517578,8.192266464233398,69.57246398925781,7.969271659851074
58.0,11.25,42.09164047241211,194.97947692871094,8.193921089172363,70.38130187988281,7.969271659851074
59.0,11.25,42.715850830078125,195.2731170654297,8.19603443145752,71.3038558959961,7.969271659851074
60.0,11.25,43.308738708496094,195.6081085205078,8.198041915893555,72.19984436035156,7.969271659851074
61.0,11.25,43.77726745605469,196.0292510986328,8.199628829956055,72.98704528808594,7.969271659851074
62.0,11.25,44.25978088378906,196.4644775390625,8.201261520385742,73.78302001953125,7.969271659851074
63.0,11.25,45.057640075683594,196.77438354492188,8.203964233398438,74.8544692993164,7.969271659851074
64.0,11.25,45.845298767089844,197.11988830566406,8.20663070678711,75.91758728027344,7.969271659851074
65.0,11.25,47.223541259765625,197.24014282226562,8.211297988891602,77.51275634765625,7.969271659851074
66.0,11.25,48.16828155517578,197.5911102294922,8.214495658874512,78.72197723388672,7.969271659851074
67.0,11.25,49.11298370361328,197.9781951904297,8.217695236206055,79.9316177368164,7.969271659851074
91.0,11.25,44.105743408203125,217.94985961914062,8.200740814208984,79.0658950805664,7.969271659851074
92.0,11.25,39.36745834350586,218.61209106445312,8.184697151184082,74.31810760498047,7.969271659851074
93.0,11.25,36.93708419799805,219.20127868652344,8.176467895507812,71.86812591552734,7.969271659851074
94.0,11.25,35.1558723449707,219.74266052246094,8.17043685913086,70.05838775634766,7.969271659851074
95.0,11.25,33.8267707824707,220.25521850585938,8.165936470031738,68.69237518310547,7.969271659851074
96.0,11.25,32.85673141479492,220.75393676757812,8.162652015686035,67.67708587646484,7.969271659851074
97.0,11.25,31.840391159057617,221.2129364013672,8.159210205078125,66.60894012451172,7.969271659851074
98.0,11.25,30.698474884033203,221.61962890625,8.15534496307373,65.41049194335938,7.969271659851074
99.0,11.25,29.528413772583008,221.98155212402344,8.151382446289062,64.17997741699219,7.969271659851074
100.0,11.25,28.541419982910156,222.3313446044922,8.148040771484375,63.12712097167969,7.969271659851074
101.0,11.25,28.005929946899414,222.72647094726562,8.14622688293457,62.51547622680664,7.969271659851074
102.0,11.25,27.28759002685547,223.0658416748047,8.143795013427734,61.719478607177734,7.969271659851074
103.0,11.25,26.60400390625,223.3863983154297,8.141481399536133,60.954200744628906,7.969271659851074
104.0,11.25,26.112913131713867,223.72621154785156,8.13981819152832,60.3734130859375,7.969271659851074
105.0,11.25,25.031946182250977,223.9018096923828,8.136157989501953,59.21723556518555,7.969271659851074
106.0,11.25,24.641521453857422,224.22119140625,8.134835243225098,58.72904968261719,7.969271659851074
107.0,11.25,23.990062713623047,224.45216369628906,8.132630348205566,57.9866828918457,7.969271659851074
108.0,11.25,23.520681381225586,224.71340942382812,8.131040573120117,57.41752243041992,7.969271659851074
109.0,11.25,22.661701202392578,224.83456420898438,8.128131866455078,56.476497650146484,7.969271659851074
110.0,11.25,22.317975997924805,225.09536743164062,8.126968383789062,56.02463150024414,7.969271659851074
111.0,11.25,18.201478958129883,224.03370666503906,8.113030433654785,52.03189468383789,7.969271659851074
112.0,11.25,16.625329971313477,223.75814819335938,8.107693672180176,50.45060729980469,7.969271659851074
113.0,11.25,15.33971881866455,223.53973388671875,8.103340148925781,49.15339660644531,7.969271659851074
114.0,11.25,14.653060913085938,223.5149383544922,8.1010160446167,48.41899490356445,7.969271659851074
115.0,11.25,13.723260879516602,223.36630249023438,8.097867012023926,47.46837615966797,7.969271659851074
116.0,11.25,13.065035820007324,223.30242919921875,8.095638275146484,46.7728271484375,7.969271659851074
117.0,11.25,12.585977554321289,223.29547119140625,8.094016075134277,46.244117736816406,7.969271659851074
118.0,11.25,12.507665634155273,223.45562744140625,8.093751907348633,46.07548522949219,7.969271659851074
119.0,11.25,12.23703384399414,223.52041625976562,8.09283447265625,45.73539733886719,7.969271659851074
120.0,11.25,11.806991577148438,223.4971160888672,8.091379165649414,45.257484436035156,7.969271659851074
121.0,11.25,11.409928321838379,223.47561645507812,8.090034484863281,44.81224822998047,7.969271659851074
122.0,11.25,11.04234790802002,223.45570373535156,8.088789939880371,44.396202087402344,7.969271659851074
123.0,11.25,10.701238632202148,223.43722534179688,8.087635040283203,44.00632095336914,7.969271659851074
124.0,11.25,10.383983612060547,223.42002868652344,8.08656120300293,43.639991760253906,7.969271659851074
125.0,11.25,10.264930725097656,223.50355529785156,8.08615779876709,43.44081497192383,7.969271659851074
126.0,11.25,10.125062942504883,223.56983947753906,8.085683822631836,43.224422454833984,7.969271659851074
127.0,11.25,9.828729629516602,223.53773498535156,8.084680557250977,42.88222885131836,7.969271659851074
128.0,11.25,9.55271053314209,223.50782775878906,8.083745956420898,42.55990982055664,7.969271659851074
129.0,11.25,9.295120239257812,223.47991943359375,8.082873344421387,42.25557327270508,7.969271659851074
130.0,11.25,9.223639488220215,223.5610809326172,8.082632064819336,42.098602294921875,7.969271659851074
131.0,11.25,9.165246963500977,223.64698791503906,8.082433700561523,41.951026916503906,7.969271659851074
132.0,11.25,8.965375900268555,223.63616943359375,8.081757545471191,41.696346282958984,7.969271659851074
133.0,11.25,8.852193832397461,223.6766357421875,8.081374168395996,41.50834655761719,7.969271659851074
134.0,11.25,8.707626342773438,223.69085693359375,8.08088493347168,41.29815673828125,7.969271659851074
135.0,11.25,8.541990280151367,223.6848602294922,8.080324172973633,41.07442855834961,7.969271659851074
136.0,11.25,8.385190963745117,223.67918395996094,8.079792976379395,40.85909652709961,7.969271659851074
137.0,11.25,8.236649513244629,223.673828125,8.079290390014648,40.65155029296875,7.969271659851074
138.0,11.25,8.095830917358398,223.6687469482422,8.078813552856445,40.45125961303711,7.969271659851074
139.0,11.25,7.966032981872559,223.666748046875,8.078373908996582,40.2602424621582,7.969271659851074
140.0,11.25,7.927900314331055,223.7294158935547,8.07824420928955,40.130767822265625,7.969271659851074
141.0,11.25,7.8926544189453125,223.79161071777344,8.078125,40.002567291259766,7.969271659851074
142.0,11.25,7.945085048675537,223.91958618164062,8.078302383422852,39.92860794067383,7.969271659851074
143.0,11.25,7.897467136383057,223.96766662597656,8.078141212463379,39.79051208496094,7.969271659851074
144.0,11.25,7.917957305908203,224.0674285888672,8.078210830688477,39.692970275878906,7.969271659851074
145.0,11.25,7.939488410949707,224.16653442382812,8.078283309936523,39.59401321411133,7.969271659851074
146.0,11.25,7.835482120513916,224.16090393066406,8.07793140411377,39.421573638916016,7.969271659851074
147.0,11.25,7.736638069152832,224.15553283691406,8.077596664428711,39.253631591796875,7.969271659851074
148.0,11.25,7.64273738861084,224.15045166015625,8.077279090881348,39.08991622924805,7.969271659851074
149.0,11.25,7.5535078048706055,224.14561462402344,8.076976776123047,38.93015670776367,7.969271659851074
150.0,11.25,7.468754768371582,224.1410369873047,8.076689720153809,38.77411651611328,7.969271659851074
151.0,11.25,7.41191291809082,224.1572265625,8.076497077941895,38.633304595947266,7.969271659851074
152.0,11.25,7.405666351318359,224.21485900878906,8.076476097106934,38.51737976074219,7.969271659851074
153.0,11.25,7.401777744293213,224.27249145507812,8.076462745666504,38.401668548583984,7.969271659851074
154.0,11.25,7.400275707244873,224.3302001953125,8.076457977294922,38.286094665527344,7.969271659851074
155.0,11.25,7.401151657104492,224.3880157470703,8.076460838317871,38.17058181762695,7.969271659851074
156.0,11.25,7.4043731689453125,224.44593811035156,8.076472282409668,38.055057525634766,7.969271659851074
157.0,11.25,7.4099907875061035,224.50405883789062,8.076491355895996,37.93943786621094,7.969271659851074
158.0,11.25,7.417997360229492,224.56239318847656,8.076518058776855,37.82365798950195,7.969271659851074
159.0,11.25,7.428380012512207,224.62095642089844,8.076553344726562,37.7076301574707,7.969271659851074
160.0,11.25,7.441176414489746,224.6798095703125,8.0765962600708,37.591285705566406,7.969271659851074
161.0,11.25,7.442099094390869,224.72552490234375,8.076600074768066,37.46970748901367,7.969271659851074
162.0,11.25,7.394264221191406,224.72293090820312,8.076437950134277,37.33171081542969,7.969271659851074
163.0,11.25,7.371189594268799,224.7412567138672,8.076359748840332,37.20209884643555,7.969271659851074
164.0,11.25,7.445822238922119,224.8507843017578,8.07661247253418,37.100650787353516,7.969271659851074
165.0,11.25,7.524518966674805,224.96279907226562,8.076878547668457,36.99715805053711,7.969271659851074
166.0,11.25,7.5526838302612305,225.02447509765625,8.076973915100098,36.87757110595703,7.969271659851074
167.0,11.25,7.51743745803833,225.02256774902344,8.076854705810547,36.741432189941406,7.969271659851074
168.0,11.25,7.484926223754883,225.02081298828125,8.07674503326416,36.60654830932617,7.969271659851074
169.0,11.25,7.455067157745361,225.01918029785156,8.076643943786621,36.47281265258789,7.969271659851074
170.0,11.25,7.4278564453125,225.01771545410156,8.07655143737793,36.340126037597656,7.969271659851074
171.0,11.25,7.40320348739624,225.01637268066406,8.076467514038086,36.20838165283203,7.969271659851074
172.0,11.25,7.381100177764893,225.0151824951172,8.076393127441406,36.077491760253906,7.969271659851074
173.0,11.25,7.3614959716796875,225.01412963867188,8.076326370239258,35.947357177734375,7.969271659851074
174.0,11.25,7.3443450927734375,225.01319885253906,8.076268196105957,35.817893981933594,7.969271659851074
175.0,11.25,7.3961262702941895,225.0785675048828,8.076443672180176,35.69560623168945,7.969271659851074
176.0,11.25,7.516561985015869,225.21029663085938,8.076851844787598,35.57691955566406,7.969271659851074
177.0,11.25,7.643617630004883,225.34669494628906,8.077281951904297,35.454288482666016,7.969271659851074
178.0,11.25,7.777737617492676,225.4881134033203,8.077735900878906,35.32740783691406,7.969271659851074
179.0,11.25,7.885840892791748,225.60137939453125,8.078102111816406,35.19497299194336,7.969271659851074
180.0,11.25,7.91143274307251,225.62985229492188,8.0781888961792,35.057682037353516,7.969271659851074
181.0,11.25,7.910920143127441,225.62982177734375,8.078186988830566,34.91960906982422,7.969271659851074
182.0,11.25,7.912954807281494,225.6299285888672,8.078193664550781,34.7815055847168,7.969271659851074
183.0,11.25,7.917540073394775,225.6301727294922,8.07820987701416,34.643287658691406,7.969271659851074
184.0,11.25,8.056938171386719,225.76258850097656,8.078680992126465,34.49724197387695,7.969271659851074
185.0,11.25,8.240801811218262,225.93661499023438,8.079303741455078,34.3431510925293,7.969271659851074
186.0,11.25,8.436198234558105,226.119140625,8.079965591430664,34.18177795410156,7.969271659851074
187.0,11.25,8.543508529663086,226.21092224121094,8.080328941345215,34.023521423339844,7.969271659851074
188.0,11.25,8.69619083404541,226.34471130371094,8.080845832824707,33.856056213378906,7.969271659851074
189.0,11.25,8.719581604003906,226.34725952148438,8.080924987792969,33.70231246948242,7.969271659851074
190.0,11.25,8.746064186096191,226.35011291503906,8.081014633178711,33.547637939453125,7.969271659851074
191.0,11.25,8.775742530822754,226.35333251953125,8.08111572265625,33.39191818237305,7.969271659851074
192.0,11.25,8.808666229248047,226.35691833496094,8.081226348876953,33.23501968383789,7.969271659851074
193.0,11.25,8.844841003417969,226.36082458496094,8.08134937286377,33.07682418823242,7.969271659851074
194.0,11.25,8.884389877319336,226.3651123046875,8.081482887268066,32.91719436645508,7.969271659851074
195.0,11.25,9.20823860168457,226.64193725585938,8.082579612731934,32.686614990234375,7.969271659851074
196.0,11.25,9.360791206359863,226.74803161621094,8.083096504211426,32.490989685058594,7.969271659851074
197.0,11.25,9.652633666992188,226.98365783691406,8.084084510803223,32.25187301635742,7.969271659851074
198.0,11.25,9.934728622436523,227.2042999267578,8.085039138793945,32.0067138671875,7.969271659851074
199.0,11.25,9.993932723999023,227.20750427246094,8.085240364074707,31.82303237915039,7.969271659851074
200.0,11.25,10.059602737426758,227.21327209472656,8.08546257019043,31.636207580566406,7.969271659851074
201.0,11.25,10.259611129760742,227.3413848876953,8.086139678955078,31.401626586914062,7.969271659851074
202.0,11.25,10.75654125213623,227.74078369140625,8.087821960449219,31.053730010986328,7.969271659851074
203.0,11.25,11.1254243850708,228.01235961914062,8.089071273803711,30.739452362060547,7.969271659851074
204.0,11.25,11.708072662353516,228.4722442626953,8.091043472290039,30.32999038696289,7.969271659851074
205.0,11.25,11.804259300231934,228.47744750976562,8.09136962890625,30.10344123840332,7.969271659851074
206.0,11.25,11.913664817810059,228.4899444580078,8.091739654541016,29.869667053222656,7.969271659851074
207.0,11.25,12.62570571899414,229.03778076171875,8.09415054321289,29.366985321044922,7.969271659851074
208.0,11.25,12.925214767456055,229.20457458496094,8.095165252685547,29.032928466796875,7.969271659851074
209.0,11.25,13.639551162719727,229.7283172607422,8.097583770751953,28.494720458984375,7.969271659851074
210.0,11.25,13.776756286621094,229.73329162597656,8.098048210144043,28.218976974487305,7.969271659851074
211.0,11.25,14.66136360168457,230.3775634765625,8.101043701171875,27.564027786254883,7.969271659851074
212.0,11.25,15.529668807983398,230.98846435546875,8.103983879089355,26.893131256103516,7.969271659851074
213.0,11.25,16.49672508239746,231.66305541992188,8.107257843017578,26.146038055419922,7.969271659851074
214.0,11.25,18.18407440185547,232.91737365722656,8.112971305847168,24.97762680053711,7.969271659851074
215.0,11.25,20.60504150390625,234.74078369140625,8.12116813659668,23.34964942932129,7.969271659851074
18.0,5.625,48.41088104248047,171.494384765625,8.15654468536377,49.34440612792969,7.969271659851074
19.0,5.625,47.378299713134766,172.73289489746094,8.154301643371582,49.82498550415039,7.969271659851074
20.0,5.625,45.52396011352539,174.74945068359375,8.150274276733398,49.995445251464844,7.969271659851074
21.0,5.625,44.47529220581055,176.00201416015625,8.14799690246582,50.3795280456543,7.969271659851074
22.0,5.625,43.80072784423828,176.906005859375,8.14653205871582,50.86037826538086,7.969271659851074
23.0,5.625,42.98121643066406,177.94801330566406,8.14475154876709,51.25948715209961,7.969271659851074
24.0,5.625,42.18798065185547,178.96714782714844,8.14302921295166,51.63754653930664,7.969271659851074
25.0,5.625,41.41979217529297,179.9643096923828,8.14136028289795,51.99539566040039,7.969271659851074
26.0,5.625,40.9951057434082,180.65135192871094,8.140438079833984,52.47032165527344,7.969271659851074
27.0,5.625,40.415252685546875,181.48248291015625,8.139178276062012,52.85780715942383,7.969271659851074
28.0,5.625,40.13932800292969,182.04556274414062,8.138579368591309,53.36101150512695,7.969271659851074
29.0,5.625,39.48680877685547,182.9467315673828,8.137162208557129,53.671600341796875,7.969271659851074
30.0,5.625,39.27613067626953,183.4623260498047,8.136704444885254,54.17255783081055,7.969271659851074
31.0,5.625,39.00935363769531,184.033203125,8.136125564575195,54.632965087890625,7.969271659851074
32.0,5.625,38.817745208740234,184.54541015625,8.135708808898926,55.118377685546875,7.969271659851074
33.0,5.625,38.65013122558594,185.04396057128906,8.135345458984375,55.604740142822266,7.969271659851074
34.0,5.625,38.1317138671875,185.84259033203125,8.1342191696167,55.88734817504883,7.969271659851074
35.0,5.625,37.99302673339844,186.32725524902344,8.133917808532715,56.36236572265625,7.969271659851074
36.0,5.625,37.867454528808594,186.80804443359375,8.133645057678223,56.834434509277344,7.969271659851074
37.0,5.625,37.71931076049805,187.31390380859375,8.133323669433594,57.28289031982422,7.969271659851074
38.0,5.625,37.62196350097656,187.7855682373047,8.133111953735352,57.75117111206055,7.969271659851074
39.0,5.625,37.53681945800781,188.25469970703125,8.132926940917969,58.21735382080078,7.969271659851074
40.0,5.625,37.46371841430664,188.72164916992188,8.132768630981445,58.68175506591797,7.969271659851074
41.0,5.625,37.40257263183594,189.1866912841797,8.132635116577148,59.14468002319336,7.969271659851074
42.0,5.625,37.35325622558594,189.65016174316406,8.132528305053711,59.606422424316406,7.969271659851074
43.0,5.625,37.392555236816406,190.05548095703125,8.132613182067871,60.11897659301758,7.969271659851074
44.0,5.625,37.42265319824219,190.4768524169922,8.132678985595703,60.61857604980469,7.969271659851074
45.0,5.625,37.4085693359375,190.93887329101562,8.132648468017578,61.08027267456055,7.969271659851074
46.0,5.625,37.41947937011719,191.39111328125,8.132672309875488,61.55142593383789,7.969271659851074
47.0,5.625,37.70722961425781,191.66033935546875,8.133296966552734,62.21484375,7.969271659851074
48.0,5.625,37.72825622558594,192.1256866455078,8.133342742919922,62.68092727661133,7.969271659851074
49.0,5.625,37.7610969543457,192.5915069580078,8.133414268493652,63.147884368896484,7.969271659851074
50.0,5.625,38.2318000793457,192.7802276611328,8.13443660736084,63.938899993896484,7.969271659851074
51.0,5.625,38.289100646972656,193.25314331054688,8.134560585021973,64.41380310058594,7.969271659851074
52.0,5.625,38.410457611083984,193.6949920654297,8.134824752807617,64.93099975585938,7.969271659851074
53.0,5.625,38.911380767822266,193.91525268554688,8.13591194152832,65.7419662475586,7.969271659851074
54.0,5.625,39.1042594909668,194.3407745361328,8.136331558227539,66.30732727050781,7.969271659851074
55.0,5.625,39.58453369140625,194.6110382080078,8.137374877929688,67.10050201416016,7.969271659851074
56.0,5.625,40.012908935546875,194.93150329589844,8.138304710388184,67.85101318359375,7.969271659851074
57.0,5.625,40.42000198364258,195.28302001953125,8.139188766479492,68.58232879638672,7.969271659851074
58.0,5.625,40.84850311279297,195.64161682128906,8.140119552612305,69.32929229736328,7.969271659851074
59.0,5.625,41.428565979003906,195.93984985351562,8.141379356384277,70.20279693603516,7.969271659851074
60.0,5.625,42.0020751953125,196.26527404785156,8.142624855041504,71.0705795288086,7.969271659851074
61.0,5.625,42.73688888549805,196.5345001220703,8.144221305847168,72.07768249511719,7.969271659851074
62.0,5.625,43.459800720214844,196.8381805419922,8.145791053771973,73.07575988769531,7.969271659851074
63.0,5.625,44.18782424926758,197.16795349121094,8.147372245788574,74.07886505126953,7.969271659851074
64.0,5.625,45.11294174194336,197.43788146972656,8.149381637573242,75.25792694091797,7.969271659851074
65.0,5.625,45.80032730102539,197.8459930419922,8.150875091552734,76.22505187988281,7.969271659851074
66.0,5.625,46.78171920776367,198.15884399414062,8.153005599975586,77.45708465576172,7.969271659851074
67.0,5.625,48.01028060913086,198.4093475341797,8.15567398071289,78.91679382324219,7.969271659851074
68.0,5.625,49.44350051879883,198.62596130371094,8.158787727355957,80.56914520263672,7.969271659851074
90.0,5.625,46.68209457397461,217.1358642578125,8.152790069580078,81.63934326171875,7.969271659851074
91.0,5.625,40.41990661621094,217.91954040527344,8.139188766479492,75.38031768798828,7.969271659851074
92.0,5.625,38.0307502746582,218.5713653564453,8.133999824523926,72.98211669921875,7.969271659851074
93.0,5.625,35.905757904052734,219.15011596679688,8.12938404083252,70.83815002441406,7.969271659851074
94.0,5.625,34.18274688720703,219.67733764648438,8.125642776489258,69.08753204345703,7.969271659851074
95.0,5.625,32.82493209838867,220.1711883544922,8.122693061828613,67.69413757324219,7.969271659851074
96.0,5.625,31.647098541259766,220.6336212158203,8.120135307312012,66.4735336303711,7.969271659851074
97.0,5.625,30.676105499267578,221.0768585205078,8.118026733398438,65.45271301269531,7.969271659851074
98.0,5.625,30.174732208251953,221.544921875,8.116937637329102,64.89214324951172,7.969271659851074
99.0,5.625,28.8778018951416,221.87985229492188,8.114120483398438,63.537418365478516,7.969271659851074
100.0,5.625,28.117353439331055,222.25526428222656,8.112468719482422,62.709964752197266,7.969271659851074
101.0,5.625,27.585731506347656,222.64395141601562,8.11131477355957,62.10348892211914,7.969271659851074
102.0,5.625,26.48375701904297,222.90126037597656,8.10892105102539,60.932735443115234,7.969271659851074
103.0,5.625,26.175823211669922,223.28823852539062,8.10825252532959,60.537452697753906,7.969271659851074
104.0,5.625,24.873146057128906,223.43441772460938,8.105422973632812,59.168548583984375,7.969271659851074
105.0,5.625,24.590791702270508,223.786376953125,8.104809761047363,58.79148864746094,7.969271659851074
106.0,5.625,24.08415412902832,224.0677947998047,8.10370922088623,58.19325256347656,7.969271659851074
107.0,5.625,23.589570999145508,224.33360290527344,8.102635383605957,57.60417175292969,7.969271659851074
108.0,5.625,20.88534927368164,223.92431640625,8.096761703491211,54.90318298339844,7.969271659851074
109.0,5.625,19.46418571472168,223.82554626464844,8.09367561340332,53.44244384765625,7.969271659851074
110.0,5.625,18.23079490661621,223.7398223876953,8.090996742248535,52.16887283325195,7.969271659851074
111.0,5.625,16.473264694213867,223.42994689941406,8.087179183959961,50.412635803222656,7.969271659851074
112.0,5.625,15.498115539550781,223.3447723388672,8.085061073303223,49.401981353759766,7.969271659851074
113.0,5.625,14.792638778686523,223.32843017578125,8.083529472351074,48.64881134033203,7.969271659851074
114.0,5.625,13.439443588256836,223.0315399169922,8.08059024810791,47.30585479736328,7.969271659851074
115.0,5.625,12.86937141418457,223.01173400878906,8.079352378845215,46.691627502441406,7.969271659851074
116.0,5.625,12.349652290344238,222.99368286132812,8.07822322845459,46.127540588378906,7.969271659851074
117.0,5.625,12.202154159545898,223.12245178222656,8.077902793884277,45.90153503417969,7.969271659851074
118.0,5.625,12.128473281860352,223.27879333496094,8.077742576599121,45.740081787109375,7.969271659851074
119.0,5.625,11.702380180358887,223.26416015625,8.076817512512207,45.26619338989258,7.969271659851074
120.0,5.625,11.308433532714844,223.25047302246094,8.07596206665039,44.82424545288086,7.969271659851074
121.0,5.625,10.933507919311523,223.23269653320312,8.07514762878418,44.40244674682617,7.969271659851074
122.0,5.625,10.569025039672852,223.2073516845703,8.074356079101562,43.99330139160156,7.969271659851074
123.0,5.625,10.231552124023438,223.1839141845703,8.073622703552246,43.61083221435547,7.969271659851074
124.0,5.625,9.996185302734375,223.20486450195312,8.073111534118652,43.31739044189453,7.969271659851074
125.0,5.625,9.721850395202637,223.19534301757812,8.072515487670898,42.99370193481445,7.969271659851074
126.0,5.625,9.46514892578125,223.18641662597656,8.071958541870117,42.68736267089844,7.969271659851074
127.0,5.625,9.22458267211914,223.17807006835938,8.071435928344727,42.39684295654297,7.969271659851074
128.0,5.625,8.998761177062988,223.1702117919922,8.070945739746094,42.12076950073242,7.969271659851074
129.0,5.625,8.973928451538086,223.27894592285156,8.070891380310059,42.00505447387695,7.969271659851074
130.0,5.625,8.956008911132812,223.3896942138672,8.070852279663086,41.89307403564453,7.969271659851074
131.0,5.625,8.877368927001953,223.45896911621094,8.07068157196045,41.73305892944336,7.969271659851074
132.0,5.625,8.745011329650879,223.48895263671875,8.070394515991211,41.53239440917969,7.969271659851074
133.0,5.625,8.682547569274902,223.56072998046875,8.070259094238281,41.38448715209961,7.969271659851074
134.0,5.625,8.539983749389648,223.57420349121094,8.06994915008545,41.17777633666992,7.969271659851074
135.0,5.625,8.38058090209961,223.5705108642578,8.069602966308594,40.96052932739258,7.969271659851074
136.0,5.625,8.22956657409668,223.5670166015625,8.06927490234375,40.75123977661133,7.969271659851074
137.0,5.625,8.086389541625977,223.56369018554688,8.068964004516602,40.549354553222656,7.969271659851074
138.0,5.625,7.950578689575195,223.560546875,8.068669319152832,40.3543701171875,7.969271659851074
139.0,5.625,7.821667671203613,223.55755615234375,8.068388938903809,40.16582107543945,7.969271659851074
140.0,5.625,7.781700134277344,223.61721801757812,8.068302154541016,40.037052154541016,7.969271659851074
141.0,5.625,7.747689247131348,223.67874145507812,8.068228721618652,39.911617279052734,7.969271659851074
142.0,5.625,7.678524971008301,223.71026611328125,8.06807804107666,39.76359558105469,7.969271659851074
143.0,5.625,7.667057037353516,223.7841033935547,8.068053245544434,39.65127944946289,7.969271659851074
144.0,5.625,7.686322212219238,223.88047790527344,8.068095207214355,39.556236267089844,7.969271659851074
145.0,5.625,7.708171367645264,223.97747802734375,8.068142890930176,39.460758209228516,7.969271659851074
146.0,5.625,7.643651008605957,224.00201416015625,8.068002700805664,39.31411361694336,7.969271659851074
147.0,5.625,7.5495500564575195,223.99876403808594,8.067797660827637,39.151554107666016,7.969271659851074
148.0,5.625,7.46006441116333,223.9956512451172,8.06760311126709,38.992958068847656,7.969271659851074
149.0,5.625,7.374987602233887,223.99269104003906,8.067419052124023,38.838077545166016,7.969271659851074
150.0,5.625,7.294127464294434,223.98988342285156,8.067243576049805,38.68669509887695,7.969271659851074
151.0,5.625,7.2789130210876465,224.04074096679688,8.06721019744873,38.56913757324219,7.969271659851074
152.0,5.625,7.27283239364624,224.097412109375,8.0671968460083,38.455345153808594,7.969271659851074
153.0,5.625,7.269057273864746,224.15408325195312,8.06718921661377,38.341739654541016,7.969271659851074
154.0,5.625,7.267579078674316,224.21078491210938,8.067185401916504,38.22825241088867,7.969271659851074
155.0,5.625,7.2683587074279785,224.26751708984375,8.067187309265137,38.114803314208984,7.969271659851074
156.0,5.625,7.2230224609375,224.28038024902344,8.067089080810547,37.981075286865234,7.969271659851074
157.0,5.625,7.2506256103515625,224.35736083984375,8.06714916229248,37.87720489501953,7.969271659851074
158.0,5.625,7.2845001220703125,224.43849182128906,8.067222595214844,37.77398681640625,7.969271659851074
159.0,5.625,7.294482231140137,224.49583435058594,8.067243576049805,37.65998458862305,7.969271659851074
160.0,5.625,7.306809425354004,224.55343627929688,8.067270278930664,37.54566192626953,7.969271659851074
161.0,5.625,7.283371448516846,224.575439453125,8.067219734191895,37.418087005615234,7.969271659851074
162.0,5.625,7.237521648406982,224.5738525390625,8.067120552062988,37.2833366394043,7.969271659851074
163.0,5.625,7.194514274597168,224.57237243652344,8.06702709197998,37.15026092529297,7.969271659851074
164.0,5.625,7.198648929595947,224.61349487304688,8.067035675048828,37.03151321411133,7.969271659851074
165.0,5.625,7.272146224975586,224.71932983398438,8.067195892333984,36.930782318115234,7.969271659851074
166.0,5.625,7.253669738769531,224.73477172851562,8.067154884338379,36.803611755371094,7.969271659851074
167.0,5.625,7.219202041625977,224.7323760986328,8.0670804977417,36.6727180480957,7.969271659851074
168.0,5.625,7.187404155731201,224.73016357421875,8.067011833190918,36.543060302734375,7.969271659851074
169.0,5.625,7.158224582672119,224.72813415527344,8.066947937011719,36.41453552246094,7.969271659851074
170.0,5.625,7.168994426727295,224.7630157470703,8.066971778869629,36.29399108886719,7.969271659851074
171.0,5.625,7.252322196960449,224.86734008789062,8.06715202331543,36.184913635253906,7.969271659851074
172.0,5.625,7.231073379516602,224.86660766601562,8.067106246948242,36.05675506591797,7.969271659851074
173.0,5.625,7.212195873260498,224.86593627929688,8.067065238952637,35.92931365966797,7.969271659851074
174.0,5.625,7.195707321166992,224.86537170410156,8.067028999328613,35.80250549316406,7.969271659851074
175.0,5.625,7.214183807373047,224.89735412597656,8.067070007324219,35.67949676513672,7.969271659851074
176.0,5.625,7.265289306640625,224.95973205566406,8.067180633544922,35.558311462402344,7.969271659851074
177.0,5.625,7.342678070068359,225.04627990722656,8.06734848022461,35.436866760253906,7.969271659851074
178.0,5.625,7.466304779052734,225.1769561767578,8.067617416381836,35.31477355957031,7.969271659851074
179.0,5.625,7.596700668334961,225.3123321533203,8.067900657653809,35.18846893310547,7.969271659851074
180.0,5.625,7.628299236297607,225.34674072265625,8.06796932220459,35.056304931640625,7.969271659851074
181.0,5.625,7.627751350402832,225.34669494628906,8.067967414855957,34.92317199707031,7.969271659851074
182.0,5.625,7.629726886749268,225.3468475341797,8.067972183227539,34.790016174316406,7.969271659851074
183.0,5.625,7.634181976318359,225.34715270996094,8.067981719970703,34.65673828125,7.969271659851074
184.0,5.625,7.756730556488037,225.46302795410156,8.06824779510498,34.51663589477539,7.969271659851074
185.0,5.625,7.876825332641602,225.5738525390625,8.068509101867676,34.372581481933594,7.969271659851074
186.0,5.625,8.040292739868164,225.72515869140625,8.068863868713379,34.22053146362305,7.969271659851074
187.0,5.625,8.228939056396484,225.89852905273438,8.069273948669434,34.060272216796875,7.969271659851074
188.0,5.625,8.42910099029541,226.08010864257812,8.069707870483398,33.892276763916016,7.969271659851074
189.0,5.625,8.449960708618164,226.08082580566406,8.069753646850586,33.74351119995117,7.969271659851074
190.0,5.625,8.473616600036621,226.08164978027344,8.069805145263672,33.59394836425781,7.969271659851074
191.0,5.625,8.500104904174805,226.08258056640625,8.069862365722656,33.4434814453125,7.969271659851074
192.0,5.625,8.56016731262207,226.1137237548828,8.069993019104004,33.28599166870117,7.969271659851074
193.0,5.625,8.592159271240234,226.11447143554688,8.070062637329102,33.132938385009766,7.969271659851074
194.0,5.625,8.62708568572998,226.1152801513672,8.070137977600098,32.978668212890625,7.969271659851074
195.0,5.625,8.665003776550293,226.11614990234375,8.070220947265625,32.82307815551758,7.969271659851074
196.0,5.625,9.130552291870117,226.52664184570312,8.071231842041016,32.55413818359375,7.969271659851074
197.0,5.625,9.28344440460205,226.6300506591797,8.071563720703125,32.357913970947266,7.969271659851074
198.0,5.625,9.409501075744629,226.70362854003906,8.071837425231934,32.16534423828125,7.969271659851074
199.0,5.625,9.774216651916504,226.99977111816406,8.072629928588867,31.89454460144043,7.969271659851074
200.0,5.625,9.841224670410156,227.00808715820312,8.072774887084961,31.710912704467773,7.969271659851074
201.0,5.625,9.983436584472656,227.08334350585938,8.073083877563477,31.499988555908203,7.969271659851074
202.0,5.625,10.183680534362793,227.20809936523438,8.073518753051758,31.2643985748291,7.969271659851074
203.0,5.625,10.395495414733887,227.338134765625,8.073979377746582,31.0190372467041,7.969271659851074
204.0,5.625,10.906601905822754,227.7373504638672,8.075089454650879,30.64972496032715,7.969271659851074
205.0,5.625,11.489205360412598,228.19163513183594,8.076354026794434,30.235937118530273,7.969271659851074
206.0,5.625,11.638317108154297,228.24240112304688,8.076678276062012,29.99019432067871,7.969271659851074
207.0,5.625,11.835243225097656,228.3306121826172,8.077106475830078,29.7200927734375,7.969271659851074
208.0,5.625,12.535075187683105,228.8594970703125,8.078625679016113,29.21488380432129,7.969271659851074
209.0,5.625,12.927531242370605,229.10311889648438,8.07947826385498,28.83537483215332,7.969271659851074
210.0,5.625,13.482315063476562,229.47836303710938,8.080683708190918,28.366262435913086,7.969271659851074
211.0,5.625,13.652892112731934,229.50877380371094,8.081053733825684,28.07601547241211,7.969271659851074
212.0,5.625,14.486456871032715,230.09918212890625,8.082863807678223,27.438447952270508,7.969271659851074
213.0,5.625,15.552984237670898,230.86766052246094,8.085180282592773,26.653879165649414,7.969271659851074
214.0,5.625,16.527294158935547,231.53515625,8.087296485900879,25.890974044799805,7.969271659851074
215.0,5.625,18.904884338378906,233.33924865722656,8.092460632324219,24.31194496154785,7.969271659851074
216.0,5.625,20.607318878173828,234.54071044921875,8.096158027648926,23.05758285522461,7.969271659851074
16.0,0.0,49.845340728759766,169.63475036621094,8.098102569580078,48.09324264526367,7.969271659851074
17.0,0.0,47.53971862792969,172.08448791503906,8.095942497253418,48.28425979614258,7.969271659851074
18.0,0.0,46.1318359375,173.6683349609375,8.094623565673828,48.660579681396484,7.969271659851074
19.0,0.0,45.05183792114258,174.9396514892578,8.093611717224121,49.08860778808594,7.969271659851074
20.0,0.0,43.89456558227539,176.28512573242188,8.092527389526367,49.45103073120117,7.969271659851074
21.0,0.0,43.155941009521484,177.2371826171875,8.091835021972656,49.91598892211914,7.969271659851074
22.0,0.0,42.238590240478516,178.3591766357422,8.090975761413574,50.287349700927734,7.969271659851074
23.0,0.0,41.46534729003906,179.3481903076172,8.090250968933105,50.678836822509766,7.969271659851074
24.0,0.0,41.03657913208008,180.022216796875,8.089849472045898,51.17667770385742,7.969271659851074
25.0,0.0,40.430171966552734,180.86375427246094,8.08928108215332,51.58280563354492,7.969271659851074
26.0,0.0,39.73063659667969,181.79202270507812,8.08862590789795,51.9248046875,7.969271659851074
27.0,0.0,39.392066955566406,182.3971405029297,8.088308334350586,52.399356842041016,7.969271659851074
28.0,0.0,38.92033767700195,183.1261444091797,8.08786678314209,52.796974182128906,7.969271659851074
29.0,0.0,38.60630798339844,183.71925354003906,8.08757209777832,53.249229431152344,7.969271659851074
30.0,0.0,38.27565002441406,184.33203125,8.087263107299805,53.67812728881836,7.969271659851074
31.0,0.0,37.83169174194336,185.04718017578125,8.086846351623535,54.03413772583008,7.969271659851074
32.0,0.0,37.62270736694336,185.5636444091797,8.086650848388672,54.49293899536133,7.969271659851074
33.0,0.0,37.46701431274414,186.0410614013672,8.086504936218262,54.968021392822266,7.969271659851074
34.0,0.0,37.1006965637207,186.70130920410156,8.086161613464355,55.31683349609375,7.969271659851074
35.0,0.0,36.86867141723633,187.25302124023438,8.085944175720215,55.72439956665039,7.969271659851074
36.0,0.0,36.75194549560547,187.71533203125,8.085835456848145,56.18553924560547,7.969271659851074
37.0,0.0,36.64716339111328,188.17478942871094,8.085737228393555,56.643943786621094,7.969271659851074
38.0,0.0,36.55416488647461,188.6317138671875,8.085649490356445,57.099937438964844,7.969271659851074
39.0,0.0,36.47281265258789,189.0863800048828,8.085573196411133,57.553810119628906,7.969271659851074
40.0,0.0,36.32062911987305,189.60284423828125,8.085431098937988,57.9537353515625,7.969271659851074
41.0,0.0,36.242698669433594,190.06787109375,8.085357666015625,58.39055633544922,7.969271659851074
42.0,0.0,36.19548416137695,190.51646423339844,8.08531379699707,58.83842086791992,7.969271659851074
43.0,0.0,36.15953063964844,190.96392822265625,8.085280418395996,59.28534698486328,7.969271659851074
44.0,0.0,36.134765625,191.41055297851562,8.085256576538086,59.731605529785156,7.969271659851074
45.0,0.0,36.23442077636719,191.7755126953125,8.085350036621094,60.256553649902344,7.969271659851074
46.0,0.0,36.529388427734375,192.01336669921875,8.085626602172852,60.9150505065918,7.969271659851074
47.0,0.0,36.54613494873047,192.4586639404297,8.085641860961914,61.371829986572266,7.969271659851074
48.0,0.0,36.68431091308594,192.82969665527344,8.085771560668945,61.91016387939453,7.969271659851074
49.0,0.0,36.716033935546875,193.28269958496094,8.085801124572754,62.36411666870117,7.969271659851074
50.0,0.0,36.95825958251953,193.6066436767578,8.086028099060059,62.969993591308594,7.969271659851074
51.0,0.0,37.23920440673828,193.91958618164062,8.086291313171387,63.602622985839844,7.969271659851074
52.0,0.0,37.30643844604492,194.38101196289062,8.08635425567627,64.06607055664062,7.969271659851074
53.0,0.0,37.54320526123047,194.74765014648438,8.086576461791992,64.65621185302734,7.969271659851074
54.0,0.0,37.904571533203125,195.05331420898438,8.086915016174316,65.34223937988281,7.969271659851074
55.0,0.0,38.357566833496094,195.32249450683594,8.087339401245117,66.10094451904297,7.969271659851074
56.0,0.0,38.58384704589844,195.740478515625,8.08755111694336,66.67305755615234,7.969271659851074
57.0,0.0,39.08702850341797,196.01791381835938,8.08802318572998,67.47030639648438,7.969271659851074
58.0,0.0,39.432167053222656,196.40200805664062,8.088346481323242,68.13446044921875,7.969271659851074
59.0,0.0,40.050018310546875,196.65931701660156,8.0889253616333,69.02696990966797,7.969271659851074
60.0,0.0,40.38524627685547,197.08578491210938,8.089239120483398,69.67749786376953,7.969271659851074
61.0,0.0,41.10193634033203,197.33944702148438,8.089910507202148,70.65469360351562,7.969271659851074
62.0,0.0,41.671913146972656,197.6915740966797,8.090444564819336,71.50476837158203,7.969271659851074
63.0,0.0,42.42624282836914,197.98146057128906,8.091151237487793,72.5164566040039,7.969271659851074
64.0,0.0,43.64063262939453,198.0937957763672,8.092288970947266,73.93987274169922,7.969271659851074
65.0,0.0,44.269676208496094,198.5040283203125,8.092878341674805,74.84314727783203,7.969271659851074
66.0,0.0,45.648780822753906,198.6261749267578,8.094170570373535,76.42510223388672,7.969271659851074
67.0,0.0,47.103092193603516,198.76760864257812,8.09553337097168,78.08341217041016,7.969271659851074
68.0,0.0,47.89598083496094,199.21678161621094,8.09627628326416,79.13893127441406,7.969271659851074
69.0,0.0,49.27211380004883,199.4812469482422,8.097565650939941,80.73350524902344,7.969271659851074
89.0,0.0,48.962890625,216.24554443359375,8.097275733947754,83.90169525146484,7.969271659851074
90.0,0.0,41.894439697265625,217.1892852783203,8.090653419494629,76.8520736694336,7.969271659851074
91.0,0.0,36.98653793334961,217.89686584472656,8.086054801940918,71.94709777832031,7.969271659851074
92.0,0.0,35.111671447753906,218.50059509277344,8.084298133850098,70.06396484375,7.969271659851074
93.0,0.0,33.942657470703125,219.0666961669922,8.083203315734863,68.87688446044922,7.969271659851074
94.0,0.0,32.822288513183594,219.5944061279297,8.0821533203125,67.72966003417969,7.969271659851074
95.0,0.0,31.546751022338867,220.07090759277344,8.080958366394043,66.41995239257812,7.969271659851074
96.0,0.0,30.27547264099121,220.50270080566406,8.079767227172852,65.10822296142578,7.969271659851074
97.0,0.0,29.72244644165039,220.96795654296875,8.079249382019043,64.50534057617188,7.969271659851074
98.0,0.0,28.407014846801758,221.31649780273438,8.07801628112793,63.13929748535156,7.969271659851074
99.0,0.0,27.847034454345703,221.7271270751953,8.077491760253906,62.51807403564453,7.969271659851074
100.0,0.0,27.216806411743164,222.1058807373047,8.07690143585205,61.821937561035156,7.969271659851074
101.0,0.0,26.103334426879883,222.3753662109375,8.075858116149902,60.64567565917969,7.969271659851074
102.0,0.0,25.276012420654297,222.66116333007812,8.075082778930664,59.7491455078125,7.969271659851074
103.0,0.0,24.708677291870117,222.972412109375,8.074551582336426,59.10475158691406,7.969271659851074
104.0,0.0,24.20140838623047,223.2764892578125,8.074075698852539,58.51567840576172,7.969271659851074
105.0,0.0,23.94024658203125,223.62232971191406,8.073831558227539,58.16200256347656,7.969271659851074
106.0,0.0,22.870237350463867,223.74444580078125,8.072829246520996,57.02323532104492,7.969271659851074
107.0,0.0,18.99428939819336,223.0423126220703,8.069197654724121,53.194095611572266,7.969271659851074
108.0,0.0,16.14512062072754,222.5135955810547,8.0665283203125,50.377784729003906,7.969271659851074
109.0,0.0,15.416866302490234,222.55355834960938,8.065845489501953,49.60023880004883,7.969271659851074
110.0,0.0,15.399266242980957,222.80250549316406,8.065829277038574,49.49702072143555,7.969271659851074
111.0,0.0,15.017359733581543,222.92308044433594,8.065471649169922,49.04784393310547,7.969271659851074
112.0,0.0,14.28116512298584,222.90098571777344,8.064781188964844,48.268863677978516,7.969271659851074
113.0,0.0,13.309257507324219,222.76405334472656,8.063871383666992,47.27701950073242,7.969271659851074
114.0,0.0,12.745887756347656,222.755615234375,8.063343048095703,46.66957473754883,7.969271659851074
115.0,0.0,12.231971740722656,222.74790954589844,8.062861442565918,46.11141586303711,7.969271659851074
116.0,0.0,11.908429145812988,222.8035888671875,8.0625581741333,45.72938919067383,7.969271659851074
117.0,0.0,11.518584251403809,222.81817626953125,8.062192916870117,45.28944396972656,7.969271659851074
118.0,0.0,11.099523544311523,222.8056182861328,8.061800956726074,44.82640838623047,7.969271659851074
119.0,0.0,10.713242530822754,222.7940216064453,8.06143856048584,44.39595031738281,7.969271659851074
120.0,0.0,10.356216430664062,222.78334045410156,8.061103820800781,43.9945068359375,7.969271659851074
121.0,0.0,10.025355339050293,222.77340698242188,8.06079387664795,43.6190185546875,7.969271659851074
122.0,0.0,9.786898612976074,222.79994201660156,8.06057071685791,43.325687408447266,7.969271659851074
123.0,0.0,9.745954513549805,222.9232940673828,8.060532569885254,43.20111846923828,7.969271659851074
124.0,0.0,9.6284818649292,223.00186157226562,8.06042194366455,43.01082229614258,7.969271659851074
125.0,0.0,9.37366008758545,222.99803161621094,8.06018352508545,42.70683288574219,7.969271659851074
126.0,0.0,9.13477897644043,222.9944610595703,8.059959411621094,42.41849899291992,7.969271659851074
127.0,0.0,8.910484313964844,222.99110412597656,8.059749603271484,42.14447021484375,7.969271659851074
128.0,0.0,8.735815048217773,223.00987243652344,8.059585571289062,41.912384033203125,7.969271659851074
129.0,0.0,8.716084480285645,223.1181640625,8.05956745147705,41.803497314453125,7.969271659851074
130.0,0.0,8.699150085449219,223.22604370117188,8.059551239013672,41.69511413574219,7.969271659851074
131.0,0.0,8.639861106872559,223.3043975830078,8.05949592590332,41.55274963378906,7.969271659851074
132.0,0.0,8.576226234436035,223.37661743164062,8.059436798095703,41.406436920166016,7.969271659851074
133.0,0.0,8.51611614227295,223.4477996826172,8.059380531311035,41.26224899291992,7.969271659851074
134.0,0.0,8.374855041503906,223.46006774902344,8.059247970581055,41.05845642089844,7.969271659851074
135.0,0.0,8.221479415893555,223.4585418701172,8.059103965759277,40.847511291503906,7.969271659851074
136.0,0.0,8.076075553894043,223.45709228515625,8.058967590332031,40.644126892089844,7.969271659851074
137.0,0.0,7.93812370300293,223.45570373535156,8.058838844299316,40.44777297973633,7.969271659851074
138.0,0.0,7.807178497314453,223.4543914794922,8.0587158203125,40.25797653198242,7.969271659851074
139.0,0.0,7.682825088500977,223.45315551757812,8.058599472045898,40.07430648803711,7.969271659851074
140.0,0.0,7.638169765472412,223.50767517089844,8.058557510375977,39.9443244934082,7.969271659851074
141.0,0.0,7.590683937072754,223.55723571777344,8.058512687683105,39.812198638916016,7.969271659851074
142.0,0.0,7.48121452331543,223.5556182861328,8.05841064453125,39.641075134277344,7.969271659851074
143.0,0.0,7.446194171905518,223.60870361328125,8.058377265930176,39.5170783996582,7.969271659851074
144.0,0.0,7.464363098144531,223.70188903808594,8.058394432067871,39.42445373535156,7.969271659851074
145.0,0.0,7.484923839569092,223.79556274414062,8.0584135055542,39.33137130737305,7.969271659851074
146.0,0.0,7.457301139831543,223.84820556640625,8.058387756347656,39.20892333984375,7.969271659851074
147.0,0.0,7.367673397064209,223.84686279296875,8.058303833007812,39.05154800415039,7.969271659851074
148.0,0.0,7.282412528991699,223.84559631347656,8.05822467803955,38.89788055419922,7.969271659851074
149.0,0.0,7.201300621032715,223.84437561035156,8.058148384094238,38.747711181640625,7.969271659851074
150.0,0.0,7.156459808349609,223.87098693847656,8.058106422424316,38.61731719970703,7.969271659851074
151.0,0.0,7.148370265960693,223.9268341064453,8.058098793029785,38.50538635253906,7.969271659851074
152.0,0.0,7.142505168914795,223.98260498046875,8.058093070983887,38.39368438720703,7.969271659851074
153.0,0.0,7.138828277587891,224.03829956054688,8.058089256286621,38.28214645385742,7.969271659851074
154.0,0.0,7.137382507324219,224.09400939941406,8.058088302612305,38.17070007324219,7.969271659851074
155.0,0.0,7.1230788230896,224.13616943359375,8.058074951171875,38.0527458190918,7.969271659851074
156.0,0.0,7.063775062561035,224.13528442382812,8.058019638061523,37.91547393798828,7.969271659851074
157.0,0.0,7.027688980102539,224.15283203125,8.057985305786133,37.78852844238281,7.969271659851074
158.0,0.0,7.078015327453613,224.24761962890625,8.058032989501953,37.69525146484375,7.969271659851074
159.0,0.0,7.131297588348389,224.34384155273438,8.058082580566406,37.60062026977539,7.969271659851074
160.0,0.0,7.1751017570495605,224.42987060546875,8.058123588562012,37.500099182128906,7.969271659851074
161.0,0.0,7.128429889678955,224.42922973632812,8.058079719543457,37.36683654785156,7.969271659851074
162.0,0.0,7.084468364715576,224.42855834960938,8.058038711547852,37.23525619506836,7.969271659851074
163.0,0.0,7.043215751647949,224.4279327392578,8.058000564575195,37.105255126953125,7.969271659851074
164.0,0.0,7.004616737365723,224.4273681640625,8.057964324951172,36.97673034667969,7.969271659851074
165.0,0.0,6.982241630554199,224.4399871826172,8.057943344116211,36.85328674316406,7.969271659851074
166.0,0.0,6.94809627532959,224.43896484375,8.057910919189453,36.727020263671875,7.969271659851074
167.0,0.0,6.916449069976807,224.43801879882812,8.057881355285645,36.601966857910156,7.969271659851074
168.0,0.0,6.887246131896973,224.43714904785156,8.057853698730469,36.47801971435547,7.969271659851074
169.0,0.0,6.8604254722595215,224.43634033203125,8.057828903198242,36.3550910949707,7.969271659851074
170.0,0.0,6.919417381286621,224.51760864257812,8.057884216308594,36.248626708984375,7.969271659851074
171.0,0.0,7.00603723526001,224.62442016601562,8.057965278625488,36.144412994384766,7.969271659851074
172.0,0.0,7.084449768066406,224.72152709960938,8.058038711547852,36.03561019897461,7.969271659851074
173.0,0.0,7.066338062286377,224.7212677001953,8.058021545410156,35.910797119140625,7.969271659851074
174.0,0.0,7.050490379333496,224.72103881835938,8.05800724029541,35.786590576171875,7.969271659851074
175.0,0.0,7.0753583908081055,224.75912475585938,8.058030128479004,35.666748046875,7.969271659851074
176.0,0.0,7.1244611740112305,224.81930541992188,8.058075904846191,35.54781723022461,7.969271659851074
177.0,0.0,7.176507472991943,224.88040161132812,8.058125495910645,35.42719268798828,7.969271659851074
178.0,0.0,7.231581687927246,224.9424591064453,8.05817699432373,35.30475616455078,7.969271659851074
179.0,0.0,7.295268535614014,225.01101684570312,8.058236122131348,35.1805534362793,7.969271659851074
180.0,0.0,7.3175129890441895,225.03598022460938,8.058257102966309,35.05354309082031,7.969271659851074
181.0,0.0,7.316997528076172,225.0359649658203,8.058257102966309,34.92583084106445,7.969271659851074
182.0,0.0,7.318771839141846,225.0360107421875,8.058258056640625,34.798099517822266,7.969271659851074
183.0,0.0,7.322854995727539,225.0361328125,8.05826187133789,34.67026138305664,7.969271659851074
184.0,0.0,7.394988536834717,225.10195922851562,8.058329582214355,34.53848648071289,7.969271659851074
185.0,0.0,7.711373805999756,225.40896606445312,8.058626174926758,34.386112213134766,7.969271659851074
186.0,0.0,7.795106887817383,225.48114013671875,8.058704376220703,34.24429702758789,7.969271659851074
187.0,0.0,7.883116722106934,225.554931640625,8.05878734588623,34.09931945800781,7.969271659851074
188.0,0.0,8.029001235961914,225.68341064453125,8.058923721313477,33.94422149658203,7.969271659851074
189.0,0.0,8.222475051879883,225.8559112548828,8.059104919433594,33.777530670166016,7.969271659851074
190.0,0.0,8.301138877868652,225.91165161132812,8.059178352355957,33.623023986816406,7.969271659851074
191.0,0.0,8.326510429382324,225.91201782226562,8.059202194213867,33.4757194519043,7.969271659851074
192.0,0.0,8.395540237426758,225.95254516601562,8.059267044067383,33.3194580078125,7.969271659851074
193.0,0.0,8.474832534790039,226.0001220703125,8.059341430664062,33.15916061401367,7.969271659851074
194.0,0.0,8.508784294128418,226.00045776367188,8.059372901916504,33.007110595703125,7.969271659851074
195.0,0.0,8.54566478729248,226.00083923339844,8.059408187866211,32.85378646850586,7.969271659851074
196.0,0.0,8.585505485534668,226.00123596191406,8.05944538116455,32.69907760620117,7.969271659851074
197.0,0.0,9.054191589355469,226.410400390625,8.059884071350098,32.42352294921875,7.969271659851074
198.0,0.0,9.207388877868652,226.51107788085938,8.060028076171875,32.22672653198242,7.969271659851074
199.0,0.0,9.259984970092773,226.511962890625,8.060076713562012,32.057212829589844,7.969271659851074
200.0,0.0,9.480103492736816,226.667724609375,8.060283660888672,31.831533432006836,7.969271659851074
201.0,0.0,9.718667030334473,226.8355255126953,8.060506820678711,31.593162536621094,7.969271659851074
202.0,0.0,9.908304214477539,226.9520721435547,8.060684204101562,31.365758895874023,7.969271659851074
203.0,0.0,10.108687400817871,227.07334899902344,8.060872077941895,31.129209518432617,7.969271659851074
204.0,0.0,10.3206205368042,227.19973754882812,8.061070442199707,30.882797241210938,7.969271659851074
205.0,0.0,10.544961929321289,227.3316192626953,8.061281204223633,30.62571907043457,7.969271659851074
206.0,0.0,11.063898086547852,227.7237548828125,8.061767578125,30.2370548248291,7.969271659851074
207.0,0.0,11.478639602661133,228.0116729736328,8.062155723571777,29.879562377929688,7.969271659851074
208.0,0.0,11.757366180419922,228.16915893554688,8.062417030334473,29.57297706604004,7.969271659851074
209.0,0.0,12.365705490112305,228.60928344726562,8.062987327575684,29.10323715209961,7.969271659851074
210.0,0.0,12.486902236938477,228.61111450195312,8.063100814819336,28.854808807373047,7.969271659851074
211.0,0.0,13.242620468139648,229.15553283691406,8.06380844116211,28.284643173217773,7.969271659851074
212.0,0.0,13.571125984191895,229.3180389404297,8.064116477966309,27.91551971435547,7.969271659851074
213.0,0.0,14.300707817077637,229.81016540527344,8.064800262451172,27.324573516845703,7.969271659851074
214.0,0.0,15.178918838500977,230.40927124023438,8.065622329711914,26.632875442504883,7.969271659851074
215.0,0.0,16.197959899902344,231.10406494140625,8.066577911376953,25.838769912719727,7.969271659851074
216.0,0.0,18.081457138061523,232.48048400878906,8.068342208862305,24.51883316040039,7.969271659851074
217.0,0.0,20.468669891357422,234.22052001953125,8.070578575134277,22.850360870361328,7.969271659851074
12.0,-5.625,48.70888900756836,169.9500274658203,8.036444664001465,44.48338317871094,7.969271659851074
13.0,-5.625,47.47492218017578,171.32925415039062,8.036823272705078,45.05329895019531,7.969271659851074
14.0,-5.625,45.704341888427734,173.23573303222656,8.03736686706543,45.45484161376953,7.969271659851074
15.0,-5.625,44.270904541015625,174.81483459472656,8.03780746459961,45.87616729736328,7.969271659851074
16.0,-5.625,42.92918014526367,176.3061981201172,8.038219451904297,46.26983642578125,7.969271659851074
17.0,-5.625,42.463436126708984,176.9569549560547,8.038362503051758,46.8603515625,7.969271659851074
18.0,-5.625,41.144737243652344,178.4300537109375,8.038766860961914,47.17836380004883,7.969271659851074
19.0,-5.625,40.97199630737305,178.81329345703125,8.038820266723633,47.80803298950195,7.969271659851074
20.0,-5.625,40.889671325683594,179.1211395263672,8.038846015930176,48.4578971862793,7.969271659851074
21.0,-5.625,40.10467529296875,180.09893798828125,8.03908634185791,48.85746383666992,7.969271659851074
22.0,-5.625,39.344139099121094,181.055908203125,8.03931999206543,49.23596954345703,7.969271659851074
23.0,-5.625,39.052738189697266,181.5802764892578,8.039409637451172,49.76320266723633,7.969271659851074
24.0,-5.625,38.334571838378906,182.50384521484375,8.039629936218262,50.10789489746094,7.969271659851074
25.0,-5.625,38.077484130859375,183.00791931152344,8.039709091186523,50.6144905090332,7.969271659851074
26.0,-5.625,37.590049743652344,183.7271728515625,8.0398588180542,51.009796142578125,7.969271659851074
27.0,-5.625,37.17295455932617,184.38644409179688,8.039986610412598,51.415958404541016,7.969271659851074
28.0,-5.625,36.96146011352539,184.86668395996094,8.040051460266113,51.89826965332031,7.969271659851074
29.0,-5.625,36.76340866088867,185.34170532226562,8.040112495422363,52.3752326965332,7.969271659851074
30.0,-5.625,36.438812255859375,185.93370056152344,8.040212631225586,52.7789192199707,7.969271659851074
31.0,-5.625,35.98103713989258,186.6448516845703,8.040352821350098,53.10015106201172,7.969271659851074
32.0,-5.625,35.82329177856445,187.10098266601562,8.040401458740234,53.557823181152344,7.969271659851074
33.0,-5.625,35.67767333984375,187.55332946777344,8.040446281433105,54.0115966796875,7.969271659851074
34.0,-5.625,35.543949127197266,188.002197265625,8.040487289428711,54.461788177490234,7.969271659851074
35.0,-5.625,35.42189025878906,188.4479217529297,8.04052448272705,54.90871047973633,7.969271659851074
36.0,-5.625,35.31131362915039,188.8907928466797,8.040558815002441,55.3526725769043,7.969271659851074
37.0,-5.625,35.21202850341797,189.33111572265625,8.040589332580566,55.79395294189453,7.969271659851074
38.0,-5.625,35.123905181884766,189.76914978027344,8.040616035461426,56.232852935791016,7.969271659851074
39.0,-5.625,35.046810150146484,190.20516967773438,8.040639877319336,56.669639587402344,7.969271659851074
40.0,-5.625,34.9805908203125,190.63949584960938,8.04065990447998,57.10460662841797,7.969271659851074
41.0,-5.625,35.07546615600586,190.9576873779297,8.040631294250488,57.635162353515625,7.969271659851074
42.0,-5.625,35.292808532714844,191.1941375732422,8.04056453704834,58.242130279541016,7.969271659851074
43.0,-5.625,35.25834274291992,191.62998962402344,8.04057502746582,58.67832565307617,7.969271659851074
44.0,-5.625,35.234588623046875,192.065185546875,8.040581703186035,59.11375045776367,7.969271659851074
45.0,-5.625,35.22151184082031,192.49998474121094,8.040586471557617,59.54867172241211,7.969271659851074
46.0,-5.625,35.524208068847656,192.7199249267578,8.04049301147461,60.20011520385742,7.969271659851074
47.0,-5.625,35.63890838623047,193.08493041992188,8.040457725524902,60.715450286865234,7.969271659851074
48.0,-5.625,35.658042907714844,193.52517700195312,8.040452003479004,61.15550994873047,7.969271659851074
49.0,-5.625,35.795616149902344,193.8944549560547,8.040410041809082,61.67644119262695,7.969271659851074
50.0,-5.625,36.124664306640625,194.14964294433594,8.040308952331543,62.3375244140625,7.969271659851074
51.0,-5.625,36.19377899169922,194.5868377685547,8.040287971496582,62.7978515625,7.969271659851074
52.0,-5.625,36.257266998291016,195.03646850585938,8.040267944335938,63.246856689453125,7.969271659851074
53.0,-5.625,36.74676513671875,195.2340545654297,8.040118217468262,64.02558135986328,7.969271659851074
54.0,-5.625,36.833805084228516,195.69268798828125,8.040090560913086,64.48333740234375,7.969271659851074
55.0,-5.625,36.93246078491211,196.15367126464844,8.040060997009277,64.94334411621094,7.969271659851074
56.0,-5.625,37.46101379394531,196.37911987304688,8.039898872375488,65.74954986572266,7.969271659851074
57.0,-5.625,37.58475112915039,196.8509979248047,8.039860725402832,66.22020721435547,7.969271659851074
58.0,-5.625,37.95427322387695,197.199951171875,8.03974723815918,66.8905029296875,7.969271659851074
59.0,-5.625,38.35565185546875,197.54925537109375,8.039623260498047,67.58515167236328,7.969271659851074
60.0,-5.625,39.08494567871094,197.74908447265625,8.039400100708008,68.55912017822266,7.969271659851074
61.0,-5.625,39.264610290527344,198.24940490722656,8.039344787597656,69.05854797363281,7.969271659851074
62.0,-5.625,40.00346374511719,198.49234008789062,8.039117813110352,70.04106140136719,7.969271659851074
63.0,-5.625,40.746971130371094,198.76158142089844,8.03888988494873,71.02941131591797,7.969271659851074
64.0,-5.625,41.133026123046875,199.22032165527344,8.03877067565918,71.69957733154297,7.969271659851074
65.0,-5.625,42.08738708496094,199.45005798339844,8.038477897644043,72.87659454345703,7.969271659851074
66.0,-5.625,42.78559875488281,199.82249450683594,8.038263320922852,73.82384490966797,7.969271659851074
67.0,-5.625,43.51226043701172,200.21109008789062,8.038040161132812,74.7955093383789,7.969271659851074
68.0,-5.625,44.7576789855957,200.42782592773438,8.037657737731934,76.24372863769531,7.969271659851074
69.0,-5.625,46.6606330871582,200.44651794433594,8.037073135375977,78.3069839477539,7.969271659851074
70.0,-5.625,48.74772644042969,200.46701049804688,8.036433219909668,80.55384826660156,7.969271659851074
88.0,-5.625,40.67390060424805,215.78439331054688,8.038911819458008,75.5888671875,7.969271659851074
89.0,-5.625,37.9635124206543,216.57537841796875,8.03974437713623,72.90728759765625,7.969271659851074
90.0,-5.625,35.52194595336914,217.26876831054688,8.040493965148926,70.48009490966797,7.969271659851074
91.0,-5.625,33.92167663574219,217.88107299804688,8.040985107421875,68.88229370117188,7.969271659851074
92.0,-5.625,32.17997360229492,218.43434143066406,8.041520118713379,67.13302612304688,7.969271659851074
93.0,-5.625,31.537832260131836,218.97023010253906,8.041717529296875,66.47400665283203,7.969271659851074
94.0,-5.625,30.891279220581055,219.4831085205078,8.041915893554688,65.80187225341797,7.969271659851074
95.0,-5.625,29.838293075561523,219.942626953125,8.04223918914795,64.7163314819336,7.969271659851074
96.0,-5.625,29.002099990844727,220.3847198486328,8.042495727539062,63.84033966064453,7.969271659851074
97.0,-5.625,28.58037757873535,220.84225463867188,8.042625427246094,63.37022018432617,7.969271659851074
98.0,-5.625,27.48665428161621,221.1990966796875,8.042961120605469,62.22646713256836,7.969271659851074
99.0,-5.625,26.39443588256836,221.5172576904297,8.043296813964844,61.080726623535156,7.969271659851074
100.0,-5.625,25.650297164916992,221.85260009765625,8.043524742126465,60.27605056762695,7.969271659851074
101.0,-5.625,24.717559814453125,222.12742614746094,8.043811798095703,59.28227233886719,7.969271659851074
102.0,-5.625,24.265090942382812,222.4627685546875,8.043950080871582,58.75789260864258,7.969271659851074
103.0,-5.625,21.374406814575195,222.2628631591797,8.044837951660156,55.84686279296875,7.969271659851074
104.0,-5.625,19.85491180419922,222.2777862548828,8.045304298400879,54.285484313964844,7.969271659851074
105.0,-5.625,18.542123794555664,222.29067993164062,8.045707702636719,52.93071746826172,7.969271659851074
106.0,-5.625,17.39697265625,222.3019256591797,8.046059608459473,51.74349594116211,7.969271659851074
107.0,-5.625,15.96606731414795,222.1931610107422,8.04649829864502,50.287376403808594,7.969271659851074
108.0,-5.625,15.082185745239258,222.197509765625,8.046770095825195,49.36294174194336,7.969271659851074
109.0,-5.625,14.700319290161133,222.32843017578125,8.046887397766113,48.91998291015625,7.969271659851074
110.0,-5.625,13.985665321350098,222.33546447753906,8.047106742858887,48.16280746459961,7.969271659851074
111.0,-5.625,12.12109375,221.9190673828125,8.04767894744873,46.3311767578125,7.969271659851074
112.0,-5.625,11.583224296569824,221.92172241210938,8.047844886779785,45.75492477416992,7.969271659851074
113.0,-5.625,11.344944953918457,222.01913452148438,8.047917366027832,45.45943832397461,7.969271659851074
114.0,-5.625,11.372389793395996,222.21255493164062,8.047908782958984,45.40800094604492,7.969271659851074
115.0,-5.625,11.293838500976562,222.36190795898438,8.047933578491211,45.256378173828125,7.969271659851074
116.0,-5.625,10.884062767028809,222.3659210205078,8.048059463500977,44.8032341003418,7.969271659851074
117.0,-5.625,10.506017684936523,222.36964416503906,8.048174858093262,44.38164520263672,7.969271659851074
118.0,-5.625,10.156267166137695,222.37307739257812,8.048282623291016,43.98817825317383,7.969271659851074
119.0,-5.625,9.831900596618652,222.3762664794922,8.048381805419922,43.619911193847656,7.969271659851074
120.0,-5.625,9.530355453491211,222.3792266845703,8.048474311828613,43.27427673339844,7.969271659851074
121.0,-5.625,9.405182838439941,222.4604949951172,8.048513412475586,43.083580017089844,7.969271659851074
122.0,-5.625,9.502330780029297,222.65196228027344,8.048483848571777,43.08262634277344,7.969271659851074
123.0,-5.625,9.46679973602295,222.77398681640625,8.048494338989258,42.96525192260742,7.969271659851074
124.0,-5.625,9.282742500305176,222.81192016601562,8.048550605773926,42.7219352722168,7.969271659851074
125.0,-5.625,9.045674324035645,222.81309509277344,8.048624038696289,42.43596267700195,7.969271659851074
126.0,-5.625,8.823001861572266,222.81417846679688,8.048691749572754,42.16413497924805,7.969271659851074
127.0,-5.625,8.613576889038086,222.81521606445312,8.04875659942627,41.9052734375,7.969271659851074
128.0,-5.625,8.48945140838623,222.86045837402344,8.048794746398926,41.71650314331055,7.969271659851074
129.0,-5.625,8.470812797546387,222.96603393554688,8.048800468444824,41.61111068725586,7.969271659851074
130.0,-5.625,8.306357383728027,222.97718811035156,8.048851013183594,41.39121627807617,7.969271659851074
131.0,-5.625,8.355646133422852,223.12046813964844,8.048835754394531,41.33607864379883,7.969271659851074
132.0,-5.625,8.412266731262207,223.2682647705078,8.04881763458252,41.28338623046875,7.969271659851074
133.0,-5.625,8.354430198669434,223.33885192871094,8.048835754394531,41.142784118652344,7.969271659851074
134.0,-5.625,8.213788986206055,223.34947204589844,8.04887866973877,40.941368103027344,7.969271659851074
135.0,-5.625,8.066201210021973,223.34996032714844,8.048924446105957,40.736515045166016,7.969271659851074
136.0,-5.625,7.926179885864258,223.3504180908203,8.048967361450195,40.53882598876953,7.969271659851074
137.0,-5.625,7.793255805969238,223.35084533691406,8.0490083694458,40.34782028198242,7.969271659851074
138.0,-5.625,7.6670122146606445,223.35125732421875,8.049046516418457,40.16305923461914,7.969271659851074
139.0,-5.625,7.547041893005371,223.35165405273438,8.049083709716797,39.9841194152832,7.969271659851074
140.0,-5.625,7.498629570007324,223.4017791748047,8.04909896850586,39.853458404541016,7.969271659851074
141.0,-5.625,7.395695686340332,223.40711975097656,8.0491304397583,39.68776321411133,7.969271659851074
142.0,-5.625,7.291722774505615,223.4076385498047,8.049161911010742,39.52272033691406,7.969271659851074
143.0,-5.625,7.236346244812012,223.4425811767578,8.049179077148438,39.38886642456055,7.969271659851074
144.0,-5.625,7.2534990310668945,223.53274536132812,8.049174308776855,39.298545837402344,7.969271659851074
145.0,-5.625,7.21200704574585,223.57386779785156,8.049186706542969,39.17220687866211,7.969271659851074
146.0,-5.625,7.12470817565918,223.57472229003906,8.049213409423828,39.0196533203125,7.969271659851074
147.0,-5.625,7.041601181030273,223.57554626464844,8.049239158630371,38.87069320678711,7.969271659851074
148.0,-5.625,6.962491512298584,223.5763397216797,8.049263000488281,38.72511291503906,7.969271659851074
149.0,-5.625,6.88716983795166,223.5770721435547,8.049286842346191,38.58271026611328,7.969271659851074
150.0,-5.625,6.815495014190674,223.57777404785156,8.049308776855469,38.443302154541016,7.969271659851074
151.0,-5.625,6.9756669998168945,223.77674865722656,8.049259185791016,38.41994857788086,7.969271659851074
152.0,-5.625,7.015814781188965,223.87139892578125,8.049246788024902,38.3329963684082,7.969271659851074
153.0,-5.625,7.012290954589844,223.9261932373047,8.049247741699219,38.22346878051758,7.969271659851074
154.0,-5.625,7.010880470275879,223.98092651367188,8.049248695373535,38.11400604248047,7.969271659851074
155.0,-5.625,6.966676712036133,223.99517822265625,8.049262046813965,37.98505401611328,7.969271659851074
156.0,-5.625,6.909929275512695,223.99545288085938,8.04927921295166,37.85132598876953,7.969271659851074
157.0,-5.625,6.856170654296875,223.9957275390625,8.049295425415039,37.71971130371094,7.969271659851074
158.0,-5.625,6.864250659942627,224.0503692626953,8.049293518066406,37.61287307739258,7.969271659851074
159.0,-5.625,6.914350986480713,224.14222717285156,8.049278259277344,37.5205192565918,7.969271659851074
160.0,-5.625,6.889824390411377,224.16297912597656,8.049285888671875,37.399349212646484,7.969271659851074
161.0,-5.625,6.8461127281188965,224.1634063720703,8.049299240112305,37.27176284790039,7.969271659851074
162.0,-5.625,6.805001258850098,224.163818359375,8.049311637878418,37.1457405090332,7.969271659851074
163.0,-5.625,6.766387939453125,224.1641845703125,8.049323081970215,37.02117919921875,7.969271659851074
164.0,-5.625,6.743061065673828,224.17681884765625,8.049330711364746,36.90166473388672,7.969271659851074
165.0,-5.625,6.807496547698975,224.271728515625,8.049310684204102,36.806129455566406,7.969271659851074
166.0,-5.625,6.793091773986816,224.28900146484375,8.049315452575684,36.68782424926758,7.969271659851074
167.0,-5.625,6.763241291046143,224.2891387939453,8.049324035644531,36.565818786621094,7.969271659851074
168.0,-5.625,6.735679626464844,224.2892608642578,8.049332618713379,36.44484329223633,7.969271659851074
169.0,-5.625,6.710392951965332,224.28939819335938,8.04934024810791,36.32481002807617,7.969271659851074
170.0,-5.625,6.687310695648193,224.28952026367188,8.049347877502441,36.20563888549805,7.969271659851074
171.0,-5.625,6.766389846801758,224.38818359375,8.049323081970215,36.1041374206543,7.969271659851074
172.0,-5.625,6.851296424865723,224.4910430908203,8.049297332763672,36.000450134277344,7.969271659851074
173.0,-5.625,6.925143718719482,224.58132934570312,8.049274444580078,35.892032623291016,7.969271659851074
174.0,-5.625,6.9098968505859375,224.58139038085938,8.04927921295166,35.77034378051758,7.969271659851074
175.0,-5.625,6.941132545471191,224.62554931640625,8.049269676208496,35.6535758972168,7.969271659851074
176.0,-5.625,6.988409042358398,224.68370056152344,8.04925537109375,35.536827087402344,7.969271659851074
177.0,-5.625,7.038455486297607,224.7426300048828,8.049240112304688,35.41844177246094,7.969271659851074
178.0,-5.625,7.091401100158691,224.80242919921875,8.049223899841309,35.29831314086914,7.969271659851074
179.0,-5.625,7.147348403930664,224.8631591796875,8.049206733703613,35.176326751708984,7.969271659851074
180.0,-5.625,7.154674053192139,224.87315368652344,8.049203872680664,35.051700592041016,7.969271659851074
181.0,-5.625,7.15418004989624,224.87315368652344,8.04920482635498,34.92683792114258,7.969271659851074
182.0,-5.625,7.155866622924805,224.87315368652344,8.049203872680664,34.80194854736328,7.969271659851074
183.0,-5.625,7.159720420837402,224.87313842773438,8.049202919006348,34.67695999145508,7.969271659851074
184.0,-5.625,7.165730953216553,224.8730926513672,8.049201011657715,34.55180358886719,7.969271659851074
185.0,-5.625,7.361457347869873,225.06004333496094,8.049140930175781,34.41242599487305,7.969271659851074
186.0,-5.625,7.632436752319336,225.31918334960938,8.049057960510254,34.25948715209961,7.969271659851074
187.0,-5.625,7.7168073654174805,225.3896484375,8.049031257629395,34.117733001708984,7.969271659851074
188.0,-5.625,7.799628734588623,225.45591735839844,8.049006462097168,33.973506927490234,7.969271659851074
189.0,-5.625,7.83954381942749,225.4770050048828,8.048994064331055,33.8328857421875,7.969271659851074
190.0,-5.625,8.026369094848633,225.64051818847656,8.04893684387207,33.66755676269531,7.969271659851074
191.0,-5.625,8.15888786315918,225.74713134765625,8.048895835876465,33.50586700439453,7.969271659851074
192.0,-5.625,8.207143783569336,225.76783752441406,8.048881530761719,33.356544494628906,7.969271659851074
193.0,-5.625,8.320582389831543,225.84945678710938,8.048846244812012,33.19220733642578,7.969271659851074
194.0,-5.625,8.393125534057617,225.88795471191406,8.048824310302734,33.03392791748047,7.969271659851074
195.0,-5.625,8.428988456726074,225.88783264160156,8.048812866210938,32.882808685302734,7.969271659851074
196.0,-5.625,8.467747688293457,225.88771057128906,8.04880142211914,32.73035430908203,7.969271659851074
197.0,-5.625,8.509441375732422,225.88755798339844,8.048788070678711,32.57644271850586,7.969271659851074
198.0,-5.625,8.981267929077148,226.2952423095703,8.048643112182617,32.29414367675781,7.969271659851074
199.0,-5.625,9.06678581237793,226.32859802246094,8.048617362976074,32.11805725097656,7.969271659851074
200.0,-5.625,9.120476722717285,226.32835388183594,8.048600196838379,31.950515747070312,7.969271659851074
201.0,-5.625,9.203978538513184,226.3528289794922,8.048575401306152,31.771780014038086,7.969271659851074
202.0,-5.625,9.561860084533691,226.6293487548828,8.04846477508545,31.49173927307129,7.969271659851074
203.0,-5.625,9.836746215820312,226.8218231201172,8.048380851745605,31.232576370239258,7.969271659851074
204.0,-5.625,10.037304878234863,226.93960571289062,8.048318862915039,30.995033264160156,7.969271659851074
205.0,-5.625,10.249387741088867,227.06231689453125,8.048254013061523,30.747529983520508,7.969271659851074
206.0,-5.625,10.473838806152344,227.19032287597656,8.048185348510742,30.489276885986328,7.969271659851074
207.0,-5.625,10.669376373291016,227.2861785888672,8.048125267028809,30.23811149597168,7.969271659851074
208.0,-5.625,11.237312316894531,227.70709228515625,8.047950744628906,29.811609268188477,7.969271659851074
209.0,-5.625,11.683479309082031,228.00863647460938,8.047813415527344,29.42673110961914,7.969271659851074
210.0,-5.625,12.031455039978027,228.21401977539062,8.047706604003906,29.077842712402344,7.969271659851074
211.0,-5.625,12.150846481323242,228.21286010742188,8.047670364379883,28.83539390563965,7.969271659851074
212.0,-5.625,12.632197380065918,228.51576232910156,8.04752254486084,28.40329933166504,7.969271659851074
213.0,-5.625,13.4938325881958,229.12818908691406,8.047257423400879,27.755788803100586,7.969271659851074
214.0,-5.625,13.932233810424805,229.3672332763672,8.047122955322266,27.317243576049805,7.969271659851074
215.0,-5.625,14.093879699707031,229.36563110351562,8.047073364257812,27.024085998535156,7.969271659851074
216.0,-5.625,15.184852600097656,230.1160125732422,8.046738624572754,26.192018508911133,7.969271659851074
217.0,-5.625,16.8336124420166,231.29031372070312,8.046232223510742,25.00151824951172,7.969271659851074
218.0,-5.625,18.890233993530273,232.75099182128906,8.045600891113281,23.520648956298828,7.969271659851074
219.0,-5.625,21.526321411132812,234.6185302734375,8.044791221618652,21.62720489501953,7.969271659851074
0.0,-11.25,31.78363609313965,185.93797302246094,8.002197265625,34.56100082397461,7.969271659851074
1.0,-11.25,31.783647537231445,185.93582153320312,8.002197265625,35.115718841552734,7.969271659851074
2.0,-11.25,31.78363609313965,185.94337463378906,8.002197265625,35.67039108276367,7.969271659851074
3.0,-11.25,31.78364372253418,185.96058654785156,8.002197265625,36.2248420715332,7.969271659851074
4.0,-11.25,31.78363800048828,185.98748779296875,8.002197265625,36.77891159057617,7.969271659851074
5.0,-11.25,31.78363800048828,186.0240478515625,8.002197265625,37.332427978515625,7.969271659851074
6.0,-11.25,31.783647537231445,186.07025146484375,8.002197265625,37.88521957397461,7.969271659851074
7.0,-11.25,31.783626556396484,186.12612915039062,8.002197265625,38.43711853027344,7.969271659851074
8.0,-11.25,31.783626556396484,186.1916046142578,8.002197265625,38.98796463012695,7.969271659851074
9.0,-11.25,31.78365135192871,186.26666259765625,8.002197265625,39.5375862121582,7.969271659851074
10.0,-11.25,31.78364372253418,186.35133361816406,8.002197265625,40.08580780029297,7.969271659851074
11.0,-11.25,31.783605575561523,186.44558715820312,8.002197265625,40.6324577331543,7.969271659851074
12.0,-11.25,31.78363609313965,186.54930114746094,8.002197265625,41.177398681640625,7.969271659851074
13.0,-11.25,31.78363609313965,186.66253662109375,8.002197265625,41.720436096191406,7.969271659851074
14.0,-11.25,31.783687591552734,186.78518676757812,8.002197265625,42.26142883300781,7.969271659851074
15.0,-11.25,31.78368377685547,186.9173126220703,8.002197265625,42.80018615722656,7.969271659851074
16.0,-11.25,31.783599853515625,187.05889892578125,8.002197265625,43.33654022216797,7.969271659851074
17.0,-11.25,31.783626556396484,187.209716796875,8.002197265625,43.87036895751953,7.969271659851074
18.0,-11.25,31.78367042541504,187.36981201171875,8.002197265625,44.401485443115234,7.969271659851074
19.0,-11.25,31.78363037109375,187.5392303466797,8.002197265625,44.92970275878906,7.969271659851074
20.0,-11.25,31.78371238708496,187.7177276611328,8.002197265625,45.45492172241211,7.969271659851074
21.0,-11.25,31.78363037109375,187.905517578125,8.002197265625,45.976890563964844,7.969271659851074
22.0,-11.25,31.783645629882812,188.102294921875,8.002197265625,46.49552917480469,7.969271659851074
23.0,-11.25,31.78363800048828,188.30812072753906,8.002197265625,47.01066207885742,7.969271659851074
24.0,-11.25,31.78372573852539,188.52281188964844,8.002197265625,47.52214431762695,7.969271659851074
25.0,-11.25,31.783634185791016,188.74656677246094,8.002197265625,48.02974319458008,7.969271659851074
26.0,-11.25,31.78363037109375,188.97906494140625,8.002197265625,48.53339385986328,7.969271659851074
27.0,-11.25,31.78371810913086,189.22023010253906,8.002197265625,49.03293991088867,7.969271659851074
28.0,-11.25,31.783571243286133,189.4702911376953,8.002197265625,49.528099060058594,7.969271659851074
29.0,-11.25,31.78363037109375,189.72877502441406,8.002197265625,50.018924713134766,7.969271659851074
30.0,-11.25,31.783645629882812,189.99581909179688,8.002197265625,50.50513458251953,7.969271659851074
31.0,-11.25,31.78363800048828,190.27133178710938,8.002197265625,50.986602783203125,7.969271659851074
32.0,-11.25,31.783645629882812,190.55519104003906,8.002197265625,51.463191986083984,7.969271659851074
33.0,-11.25,31.783653259277344,190.84732055664062,8.002197265625,51.93475341796875,7.969271659851074
34.0,-11.25,31.783641815185547,191.1476593017578,8.002197265625,52.40114212036133,7.969271659851074
35.0,-11.25,31.783710479736328,191.45602416992188,8.002197265625,52.86226272583008,7.969271659851074
36.0,-11.25,31.783721923828125,191.77243041992188,8.002197265625,53.31789016723633,7.969271659851074
37.0,-11.25,31.783645629882812,192.09681701660156,8.002197265625,53.76788330078125,7.969271659851074
38.0,-11.25,31.783790588378906,192.4288330078125,8.002197265625,54.2122802734375,7.969271659851074
39.0,-11.25,31.78356170654297,192.7688446044922,8.002197265625,54.65058135986328,7.969271659851074
40.0,-11.25,31.783641815185547,193.1162109375,8.002197265625,55.08306884765625,7.969271659851074
41.0,-11.25,31.78379249572754,193.4710235595703,8.002197265625,55.50948715209961,7.969271659851074
42.0,-11.25,31.783641815185547,193.8334503173828,8.002197265625,55.929443359375,7.969271659851074
43.0,-11.25,31.78364372253418,194.20303344726562,8.002197265625,56.34310531616211,7.969271659851074
44.0,-11.25,31.783493041992188,194.57989501953125,8.002197265625,56.750160217285156,7.969271659851074
45.0,-11.25,31.783489227294922,194.9636993408203,8.002197265625,57.15067672729492,7.969271659851074
46.0,-11.25,31.783649444580078,195.35430908203125,8.002197265625,57.54454040527344,7.969271659851074
47.0,-11.25,31.78363037109375,195.7518768310547,8.002197265625,57.93141555786133,7.969271659851074
48.0,-11.25,31.783645629882812,196.15609741210938,8.002197265625,58.31130599975586,7.969271659851074
49.0,-11.25,31.78363800048828,196.56690979003906,8.002197265625,58.6840705871582,7.969271659851074
50.0,-11.25,31.783641815185547,196.98414611816406,8.002197265625,59.04961395263672,7.969271659851074
51.0,-11.25,31.783645629882812,197.40769958496094,8.002197265625,59.40781784057617,7.969271659851074
52.0,-11.25,31.78380012512207,197.8373565673828,8.002197265625,59.758697509765625,7.969271659851074
53.0,-11.25,31.783485412597656,198.2733612060547,8.002197265625,60.10165786743164,7.969271659851074
54.0,-11.25,31.783634185791016,198.71499633789062,8.002197265625,60.43732452392578,7.969271659851074
55.0,-11.25,31.783496856689453,199.16258239746094,8.002197265625,60.76498794555664,7.969271659851074
56.0,-11.25,31.783796310424805,199.61558532714844,8.002197265625,61.08516311645508,7.969271659851074
57.0,-11.25,31.78364372253418,200.07435607910156,8.002197265625,61.39700698852539,7.969271659851074
58.0,-11.25,31.78364372253418,200.53842163085938,8.002197265625,61.700927734375,7.969271659851074
59.0,-11.25,31.783493041992188,201.00778198242188,8.002197265625,61.99656295776367,7.969271659851074
60.0,-11.25,31.783796310424805,201.4820098876953,8.002197265625,62.284358978271484,7.969271659851074
61.0,-11.25,31.783485412597656,201.9615020751953,8.002197265625,62.56330490112305,7.969271659851074
62.0,-11.25,31.783794403076172,202.4454803466797,8.002197265625,62.834381103515625,7.969271659851074
63.0,-11.25,31.783491134643555,202.9344024658203,8.002197265625,63.09642791748047,7.969271659851074
64.0,-11.25,31.783645629882812,203.4276123046875,8.002197265625,63.35030746459961,7.969271659851074
65.0,-11.25,31.783489227294922,203.92532348632812,8.002197265625,63.59526443481445,7.969271659851074
66.0,-11.25,31.783798217773438,204.42703247070312,8.002197265625,63.83191680908203,7.969271659851074
67.0,-11.25,31.78364372253418,204.9329833984375,8.002197265625,64.05935668945312,7.969271659851074
68.0,-11.25,31.783479690551758,205.44284057617188,8.002197265625,64.27792358398438,7.969271659851074
69.0,-11.25,31.783794403076172,205.95623779296875,8.002197265625,64.48799896240234,7.969271659851074
70.0,-11.25,31.78364372253418,206.473388671875,8.002197265625,64.68864440917969,7.969271659851074
71.0,-11.25,31.783639907836914,206.9939422607422,8.002197265625,64.88038635253906,7.969271659851074
72.0,-11.25,31.78363800048828,207.51773071289062,8.002197265625,65.06300354003906,7.969271659851074
73.0,-11.25,31.783641815185547,208.0446319580078,8.002197265625,65.23645782470703,7.969271659851074
74.0,-11.25,31.783489227294922,208.57452392578125,8.002197265625,65.40054321289062,7.969271659851074
75.0,-11.25,31.783802032470703,209.10708618164062,8.002197265625,65.55580139160156,7.969271659851074
76.0,-11.25,31.783790588378906,209.64234924316406,8.002197265625,65.70143127441406,7.969271659851074
77.0,-11.25,31.783946990966797,210.18003845214844,8.002197265625,65.83786010742188,7.969271659851074
78.0,-11.25,31.783639907836914,210.7201385498047,8.002197265625,65.96443176269531,7.969271659851074
79.0,-11.25,31.78348731994629,211.26231384277344,8.002197265625,66.08171081542969,7.969271659851074
80.0,-11.25,31.783340454101562,211.8064422607422,8.002197265625,66.18950653076172,7.969271659851074
81.0,-11.25,31.78378677368164,212.352294921875,8.002197265625,66.28838348388672,7.969271659851074
82.0,-11.25,31.783639907836914,212.89987182617188,8.002197265625,66.37712860107422,7.969271659851074
83.0,-11.25,31.783485412597656,213.44891357421875,8.002197265625,66.456298828125,7.969271659851074
84.0,-11.25,31.783639907836914,213.99920654296875,8.002197265625,66.52617645263672,7.969271659851074
85.0,-11.25,31.783485412597656,214.55067443847656,8.002197265625,66.58613586425781,7.969271659851074
86.0,-11.25,31.783634185791016,215.1030731201172,8.002197265625,66.63676452636719,7.969271659851074
87.0,-11.25,31.783788681030273,215.6562957763672,8.002197265625,66.67774963378906,7.969271659851074
88.0,-11.25,31.78379249572754,216.21014404296875,8.002197265625,66.70892333984375,7.969271659851074
89.0,-11.25,31.783794403076172,216.7644500732422,8.002197265625,66.73042297363281,7.969271659851074
90.0,-11.25,31.277517318725586,217.32540893554688,8.002981185913086,66.23600769042969,7.969271659851074
91.0,-11.25,30.717212677001953,217.8685760498047,8.0038480758667,65.67781829833984,7.969271659851074
92.0,-11.25,29.60732650756836,218.37986755371094,8.005566596984863,64.56092071533203,7.969271659851074
93.0,-11.25,28.505224227905273,218.85252380371094,8.007272720336914,63.44364929199219,7.969271659851074
94.0,-11.25,28.07032012939453,219.32456970214844,8.007946014404297,62.9853401184082,7.969271659851074
95.0,-11.25,27.99982261657715,219.8081512451172,8.008054733276367,62.88275146484375,7.969271659851074
96.0,-11.25,26.917675018310547,220.19558715820312,8.009730339050293,61.76448059082031,7.969271659851074
97.0,-11.25,22.541595458984375,220.18438720703125,8.016505241394043,57.36735534667969,7.969271659851074
98.0,-11.25,20.324813842773438,220.294189453125,8.019936561584473,55.12200164794922,7.969271659851074
99.0,-11.25,19.955078125,220.59242248535156,8.020508766174316,54.708106994628906,7.969271659851074
100.0,-11.25,19.774003982543945,220.90740966796875,8.02078914642334,54.47624588012695,7.969271659851074
101.0,-11.25,18.28217887878418,220.9813232421875,8.023098945617676,52.94974899291992,7.969271659851074
102.0,-11.25,17.00342559814453,221.04464721679688,8.025078773498535,51.636024475097656,7.969271659851074
103.0,-11.25,15.895421981811523,221.0995330810547,8.026793479919434,50.4927864074707,7.969271659851074
104.0,-11.25,14.926506996154785,221.1475372314453,8.02829360961914,49.4884147644043,7.969271659851074
105.0,-11.25,14.392013549804688,221.2687225341797,8.029121398925781,48.90838623046875,7.969271659851074
106.0,-11.25,14.4552001953125,221.52825927734375,8.029023170471191,48.9052619934082,7.969271659851074
107.0,-11.25,14.412123680114746,221.7589569091797,8.02908992767334,48.795310974121094,7.969271659851074
108.0,-11.25,13.717206954956055,221.7933807373047,8.030165672302246,48.05914306640625,7.969271659851074
109.0,-11.25,13.089502334594727,221.82447814941406,8.031137466430664,47.390010833740234,7.969271659851074
110.0,-11.25,12.00100040435791,221.68138122558594,8.032822608947754,46.28900909423828,7.969271659851074
111.0,-11.25,11.47025203704834,221.69451904296875,8.03364372253418,45.72028350830078,7.969271659851074
112.0,-11.25,11.091541290283203,221.7442626953125,8.03423023223877,45.29636764526367,7.969271659851074
113.0,-11.25,11.011819839477539,221.893798828125,8.034354209899902,45.15077590942383,7.969271659851074
114.0,-11.25,10.68892765045166,221.94338989257812,8.0348539352417,44.77975845336914,7.969271659851074
115.0,-11.25,10.318370819091797,221.96173095703125,8.03542709350586,44.36676025390625,7.969271659851074
116.0,-11.25,9.9752836227417,221.97874450683594,8.035958290100098,43.98104476928711,7.969271659851074
117.0,-11.25,9.656816482543945,221.9945068359375,8.03645133972168,43.619781494140625,7.969271659851074
118.0,-11.25,9.360543251037598,222.0092010498047,8.036910057067871,43.280513763427734,7.969271659851074
119.0,-11.25,9.084333419799805,222.0228729248047,8.037338256835938,42.96113586425781,7.969271659851074
120.0,-11.25,8.912055015563965,222.0775909423828,8.037604331970215,42.73453140258789,7.969271659851074
121.0,-11.25,8.996657371520996,222.2552490234375,8.037473678588867,42.730342864990234,7.969271659851074
122.0,-11.25,9.085527420043945,222.43629455566406,8.037336349487305,42.72594451904297,7.969271659851074
123.0,-11.25,9.150066375732422,222.60556030273438,8.037236213684082,42.696998596191406,7.969271659851074
124.0,-11.25,8.925634384155273,222.61668395996094,8.037583351135254,42.422908782958984,7.969271659851074
125.0,-11.25,8.71431827545166,222.62713623046875,8.037910461425781,42.16169357299805,7.969271659851074
126.0,-11.25,8.51511287689209,222.6370086669922,8.038219451904297,41.912315368652344,7.969271659851074
127.0,-11.25,8.32710075378418,222.64633178710938,8.0385103225708,41.673858642578125,7.969271659851074
128.0,-11.25,8.149433135986328,222.65512084960938,8.038784980773926,41.44547653198242,7.969271659851074
129.0,-11.25,7.981408596038818,222.6634521484375,8.039045333862305,41.2264404296875,7.969271659851074
130.0,-11.25,7.840110778808594,222.68258666992188,8.039263725280762,41.029823303222656,7.969271659851074
131.0,-11.25,7.947877883911133,222.857421875,8.03909683227539,41.02448654174805,7.969271659851074
132.0,-11.25,8.060967445373535,223.0370635986328,8.038922309875488,41.01887893676758,7.969271659851074
133.0,-11.25,8.126718521118164,223.18621826171875,8.038820266723633,40.973785400390625,7.969271659851074
134.0,-11.25,8.058159828186035,223.24331665039062,8.038926124572754,40.82754898071289,7.969271659851074
135.0,-11.25,7.91608190536499,223.2456817626953,8.039146423339844,40.628509521484375,7.969271659851074
136.0,-11.25,7.781187057495117,223.24789428710938,8.039355278015137,40.436283111572266,7.969271659851074
137.0,-11.25,7.653051376342773,223.25,8.03955364227295,40.25040054321289,7.969271659851074
138.0,-11.25,7.531294822692871,223.2520294189453,8.039742469787598,40.07045364379883,7.969271659851074
139.0,-11.25,7.415511131286621,223.25393676757812,8.039920806884766,39.896060943603516,7.969271659851074
140.0,-11.25,7.314050674438477,223.2623291015625,8.040078163146973,39.73251724243164,7.969271659851074
141.0,-11.25,7.210219383239746,223.264892578125,8.040239334106445,39.56869888305664,7.969271659851074
142.0,-11.25,7.111364364624023,223.267333984375,8.04039192199707,39.40937423706055,7.969271659851074
143.0,-11.25,7.038578033447266,223.2865447998047,8.040504455566406,39.26734161376953,7.969271659851074
144.0,-11.25,6.962467193603516,223.2998504638672,8.04062271118164,39.12400436401367,7.969271659851074
145.0,-11.25,6.879116058349609,223.30398559570312,8.040751457214355,38.9773063659668,7.969271659851074
146.0,-11.25,6.799661636352539,223.30792236328125,8.040874481201172,38.83396911621094,7.969271659851074
147.0,-11.25,6.723931312561035,223.31167602539062,8.04099178314209,38.69379806518555,7.969271659851074
148.0,-11.25,6.651754379272461,223.31524658203125,8.04110336303711,38.556610107421875,7.969271659851074
149.0,-11.25,6.582986354827881,223.3186492919922,8.041210174560547,38.4222412109375,7.969271659851074
150.0,-11.25,6.517490386962891,223.3218994140625,8.041311264038086,38.29052734375,7.969271659851074
151.0,-11.25,6.468742847442627,223.33682250976562,8.041386604309082,38.16806411743164,7.969271659851074
152.0,-11.25,6.654609203338623,223.554931640625,8.041099548339844,38.15885925292969,7.969271659851074
153.0,-11.25,6.853446960449219,223.78587341308594,8.040791511535645,38.14900588989258,7.969271659851074
154.0,-11.25,6.874227046966553,223.85914611816406,8.040759086608887,38.05198669433594,7.969271659851074
155.0,-11.25,6.816961288452148,223.86056518554688,8.040847778320312,37.91950225830078,7.969271659851074
156.0,-11.25,6.762627601623535,223.86190795898438,8.040931701660156,37.789146423339844,7.969271659851074
157.0,-11.25,6.711136817932129,223.86318969726562,8.041011810302734,37.66079330444336,7.969271659851074
158.0,-11.25,6.663800239562988,223.86570739746094,8.041085243225098,37.534873962402344,7.969271659851074
159.0,-11.25,6.65449333190918,223.9010467529297,8.041099548339844,37.42375946044922,7.969271659851074
160.0,-11.25,6.611799240112305,223.9031524658203,8.041165351867676,37.300392150878906,7.969271659851074
161.0,-11.25,6.571550369262695,223.9051513671875,8.041227340698242,37.178524017333984,7.969271659851074
162.0,-11.25,6.533663749694824,223.9070281982422,8.04128646850586,37.05806350708008,7.969271659851074
163.0,-11.25,6.498103618621826,223.9088134765625,8.041341781616211,36.93891906738281,7.969271659851074
164.0,-11.25,6.53662109375,223.97927856445312,8.041281700134277,36.8416748046875,7.969271659851074
165.0,-11.25,6.597150802612305,224.0694122314453,8.04118824005127,36.74853515625,7.969271659851074
166.0,-11.25,6.65695858001709,224.15748596191406,8.041095733642578,36.65263366699219,7.969271659851074
167.0,-11.25,6.628315448760986,224.158203125,8.041139602661133,36.5332145690918,7.969271659851074
168.0,-11.25,6.601864814758301,224.1588592529297,8.041180610656738,36.414772033691406,7.969271659851074
169.0,-11.25,6.577561855316162,224.15945434570312,8.041218757629395,36.29722213745117,7.969271659851074
170.0,-11.25,6.555385589599609,224.16000366210938,8.041253089904785,36.18049621582031,7.969271659851074
171.0,-11.25,6.543642997741699,224.16873168945312,8.041271209716797,36.06591796875,7.969271659851074
172.0,-11.25,6.623030662536621,224.2655029296875,8.04114818572998,35.9652214050293,7.969271659851074
173.0,-11.25,6.706332683563232,224.3645782470703,8.041019439697266,35.86201095581055,7.969271659851074
174.0,-11.25,6.775053977966309,224.44754028320312,8.040912628173828,35.753936767578125,7.969271659851074
175.0,-11.25,6.812521934509277,224.4976348876953,8.040854454040527,35.64012145996094,7.969271659851074
176.0,-11.25,6.858070373535156,224.55384826660156,8.040783882141113,35.52546691894531,7.969271659851074
177.0,-11.25,6.90629243850708,224.61077880859375,8.040709495544434,35.40922546386719,7.969271659851074
178.0,-11.25,6.957254886627197,224.66845703125,8.040630340576172,35.291297912597656,7.969271659851074
179.0,-11.25,7.011106014251709,224.72698974609375,8.040547370910645,35.17158508300781,7.969271659851074
180.0,-11.25,7.016036033630371,224.73452758789062,8.040539741516113,35.0493049621582,7.969271659851074
181.0,-11.25,7.015594482421875,224.73455810546875,8.04054069519043,34.926856994628906,7.969271659851074
182.0,-11.25,7.01719856262207,224.7344970703125,8.04053783416748,34.80438995361328,7.969271659851074
183.0,-11.25,7.020911693572998,224.73440551757812,8.040532112121582,34.68183135986328,7.969271659851074
184.0,-11.25,7.026724338531494,224.73426818847656,8.040523529052734,34.559104919433594,7.969271659851074
185.0,-11.25,7.03463077545166,224.73406982421875,8.040511131286621,34.4361457824707,7.969271659851074
186.0,-11.25,7.044641971588135,224.7338104248047,8.040494918823242,34.31287384033203,7.969271659851074
187.0,-11.25,7.558333873748779,225.23204040527344,8.039700508117676,34.134368896484375,7.969271659851074
188.0,-11.25,7.643362045288086,225.30081176757812,8.039568901062012,33.99259948730469,7.969271659851074
189.0,-11.25,7.665231227874756,225.3043975830078,8.039534568786621,33.85728073120117,7.969271659851074
190.0,-11.25,7.6854095458984375,225.30389404296875,8.03950309753418,33.7218132019043,7.969271659851074
191.0,-11.25,7.843867778778076,225.43702697753906,8.039258003234863,33.56135177612305,7.969271659851074
192.0,-11.25,8.0281982421875,225.59219360351562,8.038972854614258,33.39081573486328,7.969271659851074
193.0,-11.25,8.136706352233887,225.66961669921875,8.03880500793457,33.23057174682617,7.969271659851074
194.0,-11.25,8.250678062438965,225.74913024902344,8.038628578186035,33.06590270996094,7.969271659851074
195.0,-11.25,8.315984725952148,225.7781219482422,8.038527488708496,32.90993881225586,7.969271659851074
196.0,-11.25,8.353717803955078,225.77749633789062,8.038468360900879,32.7596549987793,7.969271659851074
197.0,-11.25,8.394319534301758,225.77682495117188,8.038406372070312,32.60797119140625,7.969271659851074
198.0,-11.25,8.437860488891602,225.77610778808594,8.038338661193848,32.454769134521484,7.969271659851074
199.0,-11.25,8.863576889038086,226.1353759765625,8.037679672241211,32.18101501464844,7.969271659851074
200.0,-11.25,8.913701057434082,226.1328887939453,8.037601470947266,32.018001556396484,7.969271659851074
201.0,-11.25,8.967008590698242,226.1302490234375,8.037519454956055,31.853134155273438,7.969271659851074
202.0,-11.25,9.023579597473145,226.12744140625,8.037431716918945,31.686279296875,7.969271659851074
203.0,-11.25,9.29049015045166,226.3159942626953,8.037018775939941,31.4388427734375,7.969271659851074
204.0,-11.25,9.661035537719727,226.59359741210938,8.036444664001465,31.142906188964844,7.969271659851074
205.0,-11.25,9.972013473510742,226.80908203125,8.035964012145996,30.860733032226562,7.969271659851074
206.0,-11.25,10.18437671661377,226.92816162109375,8.035634994506836,30.61202621459961,7.969271659851074
207.0,-11.25,10.346039772033691,226.99581909179688,8.035384178161621,30.380401611328125,7.969271659851074
208.0,-11.25,10.435073852539062,226.99359130859375,8.035246849060059,30.178382873535156,7.969271659851074
209.0,-11.25,10.779834747314453,227.2123260498047,8.034712791442871,29.85391616821289,7.969271659851074
210.0,-11.25,11.43700122833252,227.69496154785156,8.033695220947266,29.36762046813965,7.969271659851074
211.0,-11.25,11.62304401397705,227.75648498535156,8.033407211303711,29.100561141967773,7.969271659851074
212.0,-11.25,11.737860679626465,227.7508087158203,8.03322982788086,28.866666793823242,7.969271659851074
213.0,-11.25,11.8583984375,227.7448272705078,8.033042907714844,28.628141403198242,7.969271659851074
214.0,-11.25,12.646614074707031,228.29173278808594,8.03182315826416,28.021631240844727,7.969271659851074
215.0,-11.25,13.45572566986084,228.83758544921875,8.030570983886719,27.38245964050293,7.969271659851074
216.0,-11.25,13.610430717468262,228.82992553710938,8.030330657958984,27.1002197265625,7.969271659851074
217.0,-11.25,13.772737503051758,228.82188415527344,8.03007984161377,26.811466217041016,7.969271659851074
218.0,-11.25,14.636240005493164,229.36505126953125,8.028742790222168,26.095918655395508,7.969271659851074
219.0,-11.25,16.22796630859375,230.45806884765625,8.026278495788574,24.907958984375,7.969271659851074
220.0,-11.25,17.866207122802734,231.54879760742188,8.02374267578125,23.650001525878906,7.969271659851074
221.0,-11.25,19.554189682006836,232.63705444335938,8.021129608154297,22.319063186645508,7.969271659851074
222.0,-11.25,19.955177307128906,232.7154998779297,8.020508766174316,21.796100616455078,7.969271659851074
223.0,-11.25,31.78363800048828,241.23507690429688,8.002197265625,13.578913688659668,7.969271659851074
224.0,-11.25,31.783489227294922,240.85821533203125,8.002197265625,13.171856880187988,7.969271659851074
225.0,-11.25,31.78363800048828,240.47451782226562,8.002197265625,12.771230697631836,7.969271659851074
226.0,-11.25,31.78362274169922,240.08377075195312,8.002197265625,12.377480506896973,7.969271659851074
227.0,-11.25,31.783626556396484,239.6862335205078,8.002197265625,11.9906005859375,7.969271659851074
228.0,-11.25,31.783790588378906,239.28211975097656,8.002197265625,11.610608100891113,7.969271659851074
229.0,-11.25,31.783632278442383,238.87120056152344,8.002197265625,11.237948417663574,7.969271659851074
230.0,-11.25,31.783641815185547,238.45396423339844,8.002197265625,10.87239933013916,7.969271659851074
231.0,-11.25,31.783641815185547,238.03041076660156,8.002197265625,10.514199256896973,7.969271659851074
232.0,-11.25,31.783645629882812,237.6006622314453,8.002197265625,10.16344165802002,7.969271659851074
233.0,-11.25,31.783641815185547,237.16485595703125,8.002197265625,9.820240020751953,7.969271659851074
234.0,-11.25,31.78348731994629,236.72303771972656,8.002197265625,9.484816551208496,7.969271659851074
235.0,-11.25,31.783634185791016,236.2755889892578,8.002197265625,9.156900405883789,7.969271659851074
236.0,-11.25,31.78378677368164,235.822509765625,8.002197265625,8.8368501663208,7.969271659851074
237.0,-11.25,31.783641815185547,235.36375427246094,8.002197265625,8.525008201599121,7.969271659851074
238.0,-11.25,31.78348159790039,234.89959716796875,8.002197265625,8.221219062805176,7.969271659851074
239.0,-11.25,31.78363037109375,234.43038940429688,8.002197265625,7.925323963165283,7.969271659851074
240.0,-11.25,31.78363609313965,233.9560089111328,8.002197265625,7.637786865234375,7.969271659851074
241.0,-11.25,31.783485412597656,233.4766082763672,8.002197265625,7.358707427978516,7.969271659851074
242.0,-11.25,31.78379249572754,232.9926300048828,8.002197265625,7.087634563446045,7.969271659851074
243.0,-11.25,31.78363800048828,232.5037841796875,8.002197265625,6.825457572937012,7.969271659851074
244.0,-11.25,31.78348731994629,232.0104217529297,8.002197265625,6.571845531463623,7.969271659851074
245.0,-11.25,31.78348159790039,231.5127716064453,8.002197265625,6.326752185821533,7.969271659851074
246.0,-11.25,31.783784866333008,231.0110626220703,8.002197265625,6.0901031494140625,7.969271659851074
247.0,-11.25,31.78348731994629,230.50506591796875,8.002197265625,5.862801551818848,7.969271659851074
248.0,-11.25,31.78363609313965,229.99534606933594,8.002197265625,5.643949031829834,7.969271659851074
249.0,-11.25,31.78378677368164,229.4818572998047,8.002197265625,5.434016704559326,7.969271659851074
250.0,-11.25,31.783632278442383,228.96469116210938,8.002197265625,5.233367443084717,7.969271659851074
251.0,-11.25,31.78363609313965,228.4441680908203,8.002197265625,5.041629791259766,7.969271659851074
252.0,-11.25,31.783794403076172,227.92042541503906,8.002197265625,4.858861923217773,7.969271659851074
253.0,-11.25,31.783790588378906,227.39352416992188,8.002197265625,4.685412406921387,7.969271659851074
254.0,-11.25,31.78363609313965,226.86361694335938,8.002197265625,4.521326065063477,7.969271659851074
255.0,-11.25,31.783796310424805,226.33102416992188,8.002197265625,4.36621618270874,7.969271659851074
256.0,-11.25,31.783788681030273,225.79576110839844,8.002197265625,4.220583438873291,7.969271659851074
257.0,-11.25,31.78348159790039,225.25794982910156,8.002197265625,4.084601879119873,7.969271659851074
258.0,-11.25,31.78363609313965,224.71798706054688,8.002197265625,3.9575881958007812,7.969271659851074
259.0,-11.25,31.78348159790039,224.17579650878906,8.002197265625,3.840308666229248,7.969271659851074
260.0,-11.25,31.78348731994629,223.63168334960938,8.002197265625,3.732358694076538,7.969271659851074
261.0,-11.25,31.78378677368164,223.0858154296875,8.002197265625,3.6336288452148438,7.969271659851074
262.0,-11.25,31.78363800048828,222.53823852539062,8.002197265625,3.5448856353759766,7.969271659851074
263.0,-11.25,31.78363800048828,221.98922729492188,8.002197265625,3.4655637741088867,7.969271659851074
264.0,-11.25,31.783479690551758,221.4388885498047,8.002197265625,3.395993947982788,7.969271659851074
265.0,-11.25,31.78363800048828,220.88743591308594,8.002197265625,3.3357224464416504,7.969271659851074
266.0,-11.25,31.783632278442383,220.3350067138672,8.002197265625,3.285247802734375,7.969271659851074
267.0,-11.25,31.783483505249023,219.78179931640625,8.002197265625,3.244567632675171,7.969271659851074
268.0,-11.25,31.78348159790039,219.2279510498047,8.002197265625,3.213400363922119,7.969271659851074
269.0,-11.25,31.78363800048828,218.67364501953125,8.002197265625,3.1917459964752197,7.969271659851074
270.0,-11.25,31.78363800048828,218.1190643310547,8.002197265625,3.179921865463257,7.969271659851074
271.0,-11.25,31.78363609313965,217.56434631347656,8.002197265625,3.1777830123901367,7.969271659851074
272.0,-11.25,31.78363800048828,217.00967407226562,8.002197265625,3.1853244304656982,7.969271659851074
273.0,-11.25,31.783634185791016,216.45521545410156,8.002197265625,3.2025463581085205,7.969271659851074
274.0,-11.25,31.78378677368164,215.90113830566406,8.002197265625,3.229290246963501,7.969271659851074
275.0,-11.25,31.78363609313965,215.34764099121094,8.002197265625,3.265998601913452,7.969271659851074
276.0,-11.25,31.78363800048828,214.7948455810547,8.002197265625,3.31221079826355,7.969271659851074
277.0,-11.25,31.783632278442383,214.24295043945312,8.002197265625,3.368069887161255,7.969271659851074
278.0,-11.25,31.78348731994629,213.69210815429688,8.002197265625,3.43369460105896,7.969271659851074
279.0,-11.25,31.78363800048828,213.14247131347656,8.002197265625,3.508626699447632,7.969271659851074
280.0,-11.25,31.783796310424805,212.59422302246094,8.002197265625,3.5931363105773926,7.969271659851074
281.0,-11.25,31.783794403076172,212.0475616455078,8.002197265625,3.6873533725738525,7.969271659851074
282.0,-11.25,31.783639907836914,211.50267028808594,8.002197265625,3.7912466526031494,7.969271659851074
283.0,-11.25,31.78363609313965,210.95962524414062,8.002197265625,3.904489517211914,7.969271659851074
284.0,-11.25,31.78348159790039,210.41867065429688,8.002197265625,4.027338981628418,7.969271659851074
285.0,-11.25,31.783483505249023,209.8799285888672,8.002197265625,4.159458160400391,7.969271659851074
286.0,-11.25,31.783639907836914,209.34352111816406,8.002197265625,4.30081033706665,7.969271659851074
287.0,-11.25,31.78363609313965,208.80970764160156,8.002197265625,4.451653480529785,7.969271659851074
288.0,-11.25,31.78348159790039,208.27862548828125,8.002197265625,4.611944198608398,7.969271659851074
289.0,-11.25,31.78364372253418,207.75035095214844,8.002197265625,4.781171798706055,7.969271659851074
290.0,-11.25,31.783634185791016,207.22515869140625,8.002197265625,4.959753036499023,7.969271659851074
291.0,-11.25,31.783489227294922,206.70321655273438,8.002197265625,5.147603988647461,7.969271659851074
292.0,-11.25,31.7839412689209,206.18443298339844,8.002197265625,5.343968391418457,7.969271659851074
293.0,-11.25,31.78379249572754,205.66934204101562,8.002197265625,5.549928665161133,7.969271659851074
294.0,-11.25,31.783489227294922,205.1580047607422,8.002197265625,5.764983654022217,7.969271659851074
295.0,-11.25,31.78379249572754,204.65025329589844,8.002197265625,5.988373756408691,7.969271659851074
296.0,-11.25,31.78379249572754,204.1466064453125,8.002197265625,6.22086763381958,7.969271659851074
297.0,-11.25,31.783788681030273,203.6470947265625,8.002197265625,6.462118625640869,7.969271659851074
298.0,-11.25,31.783485412597656,203.15199279785156,8.002197265625,6.712319850921631,7.969271659851074
299.0,-11.25,31.783790588378906,202.6610565185547,8.002197265625,6.970589637756348,7.969271659851074
300.0,-11.25,31.78363037109375,202.17494201660156,8.002197265625,7.2377777099609375,7.969271659851074
301.0,-11.25,31.783790588378906,201.69338989257812,8.002197265625,7.513144493103027,7.969271659851074
302.0,-11.25,31.783788681030273,201.21678161621094,8.002197265625,7.797027587890625,7.969271659851074
303.0,-11.25,31.783645629882812,200.74530029296875,8.002197265625,8.089287757873535,7.969271659851074
304.0,-11.25,31.783493041992188,200.27899169921875,8.002197265625,8.389741897583008,7.969271659851074
305.0,-11.25,31.783639907836914,199.81784057617188,8.002197265625,8.69803237915039,7.969271659851074
306.0,-11.25,31.78348731994629,199.3623046875,8.002197265625,9.01457405090332,7.969271659851074
307.0,-11.25,31.783645629882812,198.91217041015625,8.002197265625,9.338776588439941,7.969271659851074
308.0,-11.25,31.783632278442383,198.46788024902344,8.002197265625,9.670906066894531,7.969271659851074
309.0,-11.25,31.783649444580078,198.0294189453125,8.002197265625,10.010732650756836,7.969271659851074
310.0,-11.25,31.78363037109375,197.5970001220703,8.002197265625,10.358168601989746,7.969271659851074
311.0,-11.25,31.783794403076172,197.1705780029297,8.002197265625,10.712970733642578,7.969271659851074
312.0,-11.25,31.783483505249023,196.75071716308594,8.002197265625,11.075525283813477,7.969271659851074
313.0,-11.25,31.783645629882812,196.33694458007812,8.002197265625,11.444988250732422,7.969271659851074
314.0,-11.25,31.78363037109375,195.9298095703125,8.002197265625,11.821742057800293,7.969271659851074
315.0,-11.25,31.783641815185547,195.52928161621094,8.002197265625,12.205537796020508,7.969271659851074
316.0,-11.25,31.783641815185547,195.13552856445312,8.002197265625,12.59626579284668,7.969271659851074
317.0,-11.25,31.78365135192871,194.74862670898438,8.002197265625,12.993816375732422,7.969271659851074
318.0,-11.25,31.783477783203125,194.36888122558594,8.002197265625,13.398157119750977,7.969271659851074
319.0,-11.25,31.78348731994629,193.99610900878906,8.002197265625,13.808950424194336,7.969271659851074
320.0,-11.25,31.783634185791016,193.63046264648438,8.002197265625,14.226094245910645,7.969271659851074
321.0,-11.25,31.783634185791016,193.2722625732422,8.002197265625,14.649651527404785,7.969271659851074
322.0,-11.25,31.783401489257812,192.9216766357422,8.002197265625,15.07955551147461,7.969271659851074
323.0,-11.25,31.783641815185547,192.57827758789062,8.002197265625,15.515213012695312,7.969271659851074
324.0,-11.25,31.783552169799805,192.24281311035156,8.002197265625,15.956986427307129,7.969271659851074
325.0,-11.25,31.78364372253418,191.91494750976562,8.002197265625,16.404457092285156,7.969271659851074
326.0,-11.25,31.78363609313965,191.59503173828125,8.002197265625,16.85762596130371,7.969271659851074
327.0,-11.25,31.783626556396484,191.28306579589844,8.002197265625,17.316316604614258,7.969271659851074
328.0,-11.25,31.78363609313965,190.97914123535156,8.002197265625,17.780376434326172,7.969271659851074
329.0,-11.25,31.78371810913086,190.6833038330078,8.002197265625,18.249624252319336,7.969271659851074
330.0,-11.25,31.783573150634766,190.39588928222656,8.002197265625,18.72408103942871,7.969271659851074
331.0,-11.25,31.7835750579834,190.11666870117188,8.002197265625,19.203420639038086,7.969271659851074
332.0,-11.25,31.783641815185547,189.84580993652344,8.002197265625,19.687509536743164,7.969271659851074
333.0,-11.25,31.78347396850586,189.58364868164062,8.002197265625,20.176362991333008,7.969271659851074
334.0,-11.25,31.783708572387695,189.32969665527344,8.002197265625,20.669536590576172,7.969271659851074
335.0,-11.25,31.783716201782227,189.0845947265625,8.002197265625,21.167173385620117,7.969271659851074
336.0,-11.25,31.783641815185547,188.84828186035156,8.002197265625,21.669057846069336,7.969271659851074
337.0,-11.25,31.783550262451172,188.62078857421875,8.002197265625,22.17497444152832,7.969271659851074
338.0,-11.25,31.78363800048828,188.40199279785156,8.002197265625,22.684724807739258,7.969271659851074
339.0,-11.25,31.783647537231445,188.19219970703125,8.002197265625,23.1982421875,7.969271659851074
340.0,-11.25,31.783649444580078,187.9914093017578,8.002197265625,23.71534538269043,7.969271659851074
341.0,-11.25,31.783647537231445,187.79966735839844,8.002197265625,24.235891342163086,7.969271659851074
342.0,-11.25,31.783645629882812,187.61705017089844,8.002197265625,24.759685516357422,7.969271659851074
343.0,-11.25,31.783607482910156,187.44363403320312,8.002197265625,25.28660011291504,7.969271659851074
344.0,-11.25,31.783672332763672,187.2793426513672,8.002197265625,25.816429138183594,7.969271659851074
345.0,-11.25,31.783601760864258,187.12445068359375,8.002197265625,26.349082946777344,7.969271659851074
346.0,-11.25,31.783605575561523,186.9788055419922,8.002197265625,26.884357452392578,7.969271659851074
347.0,-11.25,31.783639907836914,186.84249877929688,8.002197265625,27.422067642211914,7.969271659851074
348.0,-11.25,31.783632278442383,186.71563720703125,8.002197265625,27.962081909179688,7.969271659851074
349.0,-11.25,31.78363800048828,186.59820556640625,8.002197265625,28.504228591918945,7.969271659851074
350.0,-11.25,31.783647537231445,186.49024963378906,8.002197265625,29.048341751098633,7.969271659851074
351.0,-11.25,31.783662796020508,186.3917999267578,8.002197265625,29.594268798828125,7.969271659851074
352.0,-11.25,31.783639907836914,186.3029327392578,8.002197265625,30.141822814941406,7.969271659851074
353.0,-11.25,31.78366470336914,186.2235870361328,8.002197265625,30.690837860107422,7.969271659851074
354.0,-11.25,31.783668518066406,186.1538543701172,8.002197265625,31.24115753173828,7.969271659851074
355.0,-11.25,31.783645629882812,186.09376525878906,8.002197265625,31.79261016845703,7.969271659851074
356.0,-11.25,31.783639907836914,186.0432891845703,8.002197265625,32.34504318237305,7.969271659851074
357.0,-11.25,31.78364372253418,186.00245666503906,8.002197265625,32.89825439453125,7.969271659851074
358.0,-11.25,31.783632278442383,185.97129821777344,8.002197265625,33.45209884643555,7.969271659851074
359.0,-11.25,31.783649444580078,185.9497833251953,8.002197265625,34.00639724731445,7.969271659851074
0.0,-16.875,17.736183166503906,199.9842987060547,8.002197265625,34.74155807495117,7.969271659851074
1.0,-16.875,17.736167907714844,199.98318481445312,8.002197265625,35.05110549926758,7.969271659851074
2.0,-16.875,17.736169815063477,199.98745727539062,8.002197265625,35.360626220703125,7.969271659851074
3.0,-16.875,17.736169815063477,199.99713134765625,8.002197265625,35.67002487182617,7.969271659851074
4.0,-16.875,17.73619842529297,200.01217651367188,8.002197265625,35.97920608520508,7.969271659851074
5.0,-16.875,17.736186981201172,200.03265380859375,8.002197265625,36.28807830810547,7.969271659851074
6.0,-16.875,17.73617935180664,200.0585174560547,8.002197265625,36.5965461730957,7.969271659851074
7.0,-16.875,17.736177444458008,200.08975219726562,8.002197265625,36.904518127441406,7.969271659851074
8.0,-16.875,17.736177444458008,200.12635803222656,8.002197265625,37.21189498901367,7.969271659851074
9.0,-16.875,17.736177444458008,200.16831970214844,8.002197265625,37.51858901977539,7.969271659851074
10.0,-16.875,17.7362003326416,200.21560668945312,8.002197265625,37.824501037597656,7.969271659851074
11.0,-16.875,17.736181259155273,200.2682647705078,8.002197265625,38.129539489746094,7.969271659851074
12.0,-16.875,17.73618507385254,200.3262176513672,8.002197265625,38.43362045288086,7.969271659851074
13.0,-16.875,17.736177444458008,200.3894805908203,8.002197265625,38.73663330078125,7.969271659851074
14.0,-16.875,17.73615074157715,200.45803833007812,8.002197265625,39.03849792480469,7.969271659851074
15.0,-16.875,17.736181259155273,200.53179931640625,8.002197265625,39.33912658691406,7.969271659851074
16.0,-16.875,17.73615074157715,200.61085510253906,8.002197265625,39.63841247558594,7.969271659851074
17.0,-16.875,17.736129760742188,200.6951141357422,8.002197265625,39.93627166748047,7.969271659851074
18.0,-16.875,17.736183166503906,200.78448486328125,8.002197265625,40.23263931274414,7.969271659851074
19.0,-16.875,17.736175537109375,200.8790740966797,8.002197265625,40.527381896972656,7.969271659851074
20.0,-16.875,17.736167907714844,200.97879028320312,8.002197265625,40.82042694091797,7.969271659851074
21.0,-16.875,17.73618507385254,201.08358764648438,8.002197265625,41.11170196533203,7.969271659851074
22.0,-16.875,17.736183166503906,201.19346618652344,8.002197265625,41.401092529296875,7.969271659851074
23.0,-16.875,17.73621368408203,201.308349609375,8.002197265625,41.688533782958984,7.969271659851074
24.0,-16.875,17.7362060546875,201.4282684326172,8.002197265625,41.973915100097656,7.969271659851074
25.0,-16.875,17.736204147338867,201.5531463623047,8.002197265625,42.25716018676758,7.969271659851074
26.0,-16.875,17.736177444458008,201.68296813964844,8.002197265625,42.53817367553711,7.969271659851074
27.0,-16.875,17.736186981201172,201.81764221191406,8.002197265625,42.816890716552734,7.969271659851074
28.0,-16.875,17.736167907714844,201.95718383789062,8.002197265625,43.093204498291016,7.969271659851074
29.0,-16.875,17.736141204833984,202.10153198242188,8.002197265625,43.36703109741211,7.969271659851074
30.0,-16.875,17.73618507385254,202.25057983398438,8.002197265625,43.63833999633789,7.969271659851074
31.0,-16.875,17.73618507385254,202.4043731689453,8.002197265625,43.90697479248047,7.969271659851074
32.0,-16.875,17.736133575439453,202.56288146972656,8.002197265625,44.17286682128906,7.969271659851074
33.0,-16.875,17.73617935180664,202.72592163085938,8.002197265625,44.436004638671875,7.969271659851074
34.0,-16.875,17.736188888549805,202.8935546875,8.002197265625,44.696224212646484,7.969271659851074
35.0,-16.875,17.736278533935547,203.06564331054688,8.002197265625,44.95353698730469,7.969271659851074
36.0,-16.875,17.736133575439453,203.2423858642578,8.002197265625,45.20766830444336,7.969271659851074
37.0,-16.875,17.73623275756836,203.42333984375,8.002197265625,45.45881652832031,7.969271659851074
38.0,-16.875,17.736175537109375,203.60877990722656,8.002197265625,45.70668411254883,7.969271659851074
39.0,-16.875,17.73613929748535,203.79849243164062,8.002197265625,45.95127868652344,7.969271659851074
40.0,-16.875,17.73613739013672,203.99241638183594,8.002197265625,46.19254684448242,7.969271659851074
41.0,-16.875,17.736183166503906,204.19049072265625,8.002197265625,46.4304313659668,7.969271659851074
42.0,-16.875,17.73617935180664,204.39273071289062,8.002197265625,46.664794921875,7.969271659851074
43.0,-16.875,17.736236572265625,204.59896850585938,8.002197265625,46.8956184387207,7.969271659851074
44.0,-16.875,17.736183166503906,204.80929565429688,8.002197265625,47.122745513916016,7.969271659851074
45.0,-16.875,17.736186981201172,205.0235137939453,8.002197265625,47.3462028503418,7.969271659851074
46.0,-16.875,17.736186981201172,205.24159240722656,8.002197265625,47.565879821777344,7.969271659851074
47.0,-16.875,17.736228942871094,205.4634552001953,8.002197265625,47.78175735473633,7.969271659851074
48.0,-16.875,17.73613929748535,205.6891326904297,8.002197265625,47.99362564086914,7.969271659851074
49.0,-16.875,17.736127853393555,205.91842651367188,8.002197265625,48.20158767700195,7.969271659851074
50.0,-16.875,17.73613739013672,206.1512908935547,8.002197265625,48.405521392822266,7.969271659851074
51.0,-16.875,17.736186981201172,206.38766479492188,8.002197265625,48.60540008544922,7.969271659851074
52.0,-16.875,17.736181259155273,206.6275177001953,8.002197265625,48.80107498168945,7.969271659851074
53.0,-16.875,17.736175537109375,206.87075805664062,8.002197265625,48.9925422668457,7.969271659851074
54.0,-16.875,17.73618507385254,207.11727905273438,8.002197265625,49.17973327636719,7.969271659851074
55.0,-16.875,17.736236572265625,207.3670196533203,8.002197265625,49.36263656616211,7.969271659851074
56.0,-16.875,17.73622703552246,207.6199493408203,8.002197265625,49.541107177734375,7.969271659851074
57.0,-16.875,17.736276626586914,207.87591552734375,8.002197265625,49.71518325805664,7.969271659851074
58.0,-16.875,17.736143112182617,208.13497924804688,8.002197265625,49.884605407714844,7.969271659851074
59.0,-16.875,17.73613929748535,208.3968963623047,8.002197265625,50.049598693847656,7.969271659851074
60.0,-16.875,17.736188888549805,208.66162109375,8.002197265625,50.21003341674805,7.969271659851074
61.0,-16.875,17.736183166503906,208.92913818359375,8.002197265625,50.365779876708984,7.969271659851074
62.0,-16.875,17.736183166503906,209.19932556152344,8.002197265625,50.516841888427734,7.969271659851074
63.0,-16.875,17.736181259155273,209.4721221923828,8.002197265625,50.66316604614258,7.969271659851074
64.0,-16.875,17.736183166503906,209.74740600585938,8.002197265625,50.8046989440918,7.969271659851074
65.0,-16.875,17.736087799072266,210.02517700195312,8.002197265625,50.94132614135742,7.969271659851074
66.0,-16.875,17.736190795898438,210.30519104003906,8.002197265625,51.07325744628906,7.969271659851074
67.0,-16.875,17.73627471923828,210.58749389648438,8.002197265625,51.20027542114258,7.969271659851074
68.0,-16.875,17.736083984375,210.8720703125,8.002197265625,51.32209014892578,7.969271659851074
69.0,-16.875,17.736181259155273,211.1586151123047,8.002197265625,51.43918228149414,7.969271659851074
70.0,-16.875,17.73618507385254,211.4471893310547,8.002197265625,51.551170349121094,7.969271659851074
71.0,-16.875,17.73627471923828,211.73765563964844,8.002197265625,51.65818786621094,7.969271659851074
72.0,-16.875,17.736181259155273,212.02999877929688,8.002197265625,51.759944915771484,7.969271659851074
73.0,-16.875,17.736175537109375,212.32406616210938,8.002197265625,51.85667419433594,7.969271659851074
74.0,-16.875,17.736284255981445,212.6197052001953,8.002197265625,51.9483528137207,7.969271659851074
75.0,-16.875,17.7360897064209,212.91700744628906,8.002197265625,52.034576416015625,7.969271659851074
76.0,-16.875,17.736183166503906,213.2156982421875,8.002197265625,52.115875244140625,7.969271659851074
77.0,-16.875,17.736177444458008,213.51577758789062,8.002197265625,52.19185256958008,7.969271659851074
78.0,-16.875,17.73618507385254,213.817138671875,8.002197265625,52.26259231567383,7.969271659851074
79.0,-16.875,17.73618507385254,214.11968994140625,8.002197265625,52.32805633544922,7.969271659851074
80.0,-16.875,17.736087799072266,214.42335510253906,8.002197265625,52.38813400268555,7.969271659851074
81.0,-16.875,17.736186981201172,214.7279815673828,8.002197265625,52.443092346191406,7.969271659851074
82.0,-16.875,17.736278533935547,215.0335235595703,8.002197265625,52.49272155761719,7.969271659851074
83.0,-16.875,17.736087799072266,215.33993530273438,8.002197265625,52.5367317199707,7.969271659851074
84.0,-16.875,17.736177444458008,215.64703369140625,8.002197265625,52.57566833496094,7.969271659851074
85.0,-16.875,17.736183166503906,215.9547576904297,8.002197265625,52.60914993286133,7.969271659851074
86.0,-16.875,17.736181259155273,216.26303100585938,8.002197265625,52.63725280761719,7.969271659851074
87.0,-16.875,17.736087799072266,216.57174682617188,8.002197265625,52.65987777709961,7.969271659851074
88.0,-16.875,17.7360897064209,216.8808135986328,8.002197265625,52.677207946777344,7.969271659851074
89.0,-16.875,17.7360897064209,217.19012451171875,8.002197265625,52.68913650512695,7.969271659851074
90.0,-16.875,17.73618507385254,217.49960327148438,8.002197265625,52.69576644897461,7.969271659851074
91.0,-16.875,17.73627471923828,217.8091583251953,8.002197265625,52.696983337402344,7.969271659851074
92.0,-16.875,17.736276626586914,218.11866760253906,8.002197265625,52.692710876464844,7.969271659851074
93.0,-16.875,17.736276626586914,218.42807006835938,8.002197265625,52.68303680419922,7.969271659851074
94.0,-16.875,17.736183166503906,218.7372589111328,8.002197265625,52.667869567871094,7.969271659851074
95.0,-16.875,17.73618507385254,219.04612731933594,8.002197265625,52.647403717041016,7.969271659851074
96.0,-16.875,17.736183166503906,219.35459899902344,8.002197265625,52.62154769897461,7.969271659851074
97.0,-16.875,17.736282348632812,219.66258239746094,8.002197265625,52.59041213989258,7.969271659851074
98.0,-16.875,16.607757568359375,219.8267364501953,8.005328178405762,51.43441390991211,7.969271659851074
99.0,-16.875,15.375079154968262,219.9361572265625,8.008747100830078,50.175331115722656,7.969271659851074
100.0,-16.875,14.315268516540527,220.03024291992188,8.011688232421875,49.088417053222656,7.969271659851074
101.0,-16.875,13.394570350646973,220.11195373535156,8.014242172241211,48.14004898071289,7.969271659851074
102.0,-16.875,13.160858154296875,220.2958526611328,8.01488971710205,47.867088317871094,7.969271659851074
103.0,-16.875,13.204893112182617,220.5300750732422,8.01476764678955,47.86317825317383,7.969271659851074
104.0,-16.875,13.079157829284668,220.72592163085938,8.015116691589355,47.68978500366211,7.969271659851074
105.0,-16.875,12.41860580444336,220.7845458984375,8.016949653625488,46.995262145996094,7.969271659851074
106.0,-16.875,11.824064254760742,220.8373260498047,8.018598556518555,46.36643600463867,7.969271659851074
107.0,-16.875,11.286343574523926,220.88504028320312,8.020090103149414,45.79415512084961,7.969271659851074
108.0,-16.875,11.135618209838867,221.02882385253906,8.020508766174316,45.59333801269531,7.969271659851074
109.0,-16.875,11.13550090789795,221.21385192871094,8.020508766174316,45.53384017944336,7.969271659851074
110.0,-16.875,11.135560035705566,221.39785766601562,8.020508766174316,45.47129440307617,7.969271659851074
111.0,-16.875,10.889225006103516,221.49530029296875,8.02119255065918,45.174442291259766,7.969271659851074
112.0,-16.875,10.520236015319824,221.53900146484375,8.022215843200684,44.76317596435547,7.969271659851074
113.0,-16.875,10.155998229980469,221.5713348388672,8.023225784301758,44.35799789428711,7.969271659851074
114.0,-16.875,9.818490028381348,221.60128784179688,8.024162292480469,43.97933578491211,7.969271659851074
115.0,-16.875,9.504979133605957,221.62911987304688,8.025032043457031,43.624454498291016,7.969271659851074
116.0,-16.875,9.213104248046875,221.655029296875,8.02584171295166,43.29099655151367,7.969271659851074
117.0,-16.875,8.940815925598145,221.67921447753906,8.026597023010254,42.97690963745117,7.969271659851074
118.0,-16.875,8.751091957092285,221.73150634765625,8.02712345123291,42.73797607421875,7.969271659851074
119.0,-16.875,8.70681095123291,221.8456268310547,8.027246475219727,42.627777099609375,7.969271659851074
120.0,-16.875,8.665441513061523,221.9585723876953,8.027360916137695,42.51850509643555,7.969271659851074
121.0,-16.875,8.62701416015625,222.0704345703125,8.027467727661133,42.410186767578125,7.969271659851074
122.0,-16.875,8.708722114562988,222.24221801757812,8.027241706848145,42.402931213378906,7.969271659851074
123.0,-16.875,8.571196556091309,222.29794311523438,8.027623176574707,42.206600189208984,7.969271659851074
124.0,-16.875,8.373987197875977,222.31544494628906,8.028169631958008,41.96074295043945,7.969271659851074
125.0,-16.875,8.187740325927734,222.3319854736328,8.0286865234375,41.72557830810547,7.969271659851074
126.0,-16.875,8.011663436889648,222.3476104736328,8.0291748046875,41.500328063964844,7.969271659851074
127.0,-16.875,7.84503173828125,222.36241149902344,8.029637336730957,41.28424072265625,7.969271659851074
128.0,-16.875,7.687178611755371,222.3764190673828,8.030075073242188,41.07666015625,7.969271659851074
129.0,-16.875,7.630361080169678,222.44723510742188,8.030233383178711,40.949851989746094,7.969271659851074
130.0,-16.875,7.5828728675842285,222.52096557617188,8.030364990234375,40.82966613769531,7.969271659851074
131.0,-16.875,7.4357194900512695,222.52749633789062,8.030773162841797,40.63272476196289,7.969271659851074
132.0,-16.875,7.296208381652832,222.53369140625,8.031160354614258,40.443115234375,7.969271659851074
133.0,-16.875,7.163835048675537,222.53955078125,8.031527519226074,40.26034164428711,7.969271659851074
134.0,-16.875,7.0381669998168945,222.54513549804688,8.031875610351562,40.08393096923828,7.969271659851074
135.0,-16.875,6.918778896331787,222.55044555664062,8.032206535339355,39.91345977783203,7.969271659851074
136.0,-16.875,6.805285930633545,222.55548095703125,8.032522201538086,39.7485466003418,7.969271659851074
137.0,-16.875,6.697329521179199,222.5602569580078,8.032821655273438,39.58881759643555,7.969271659851074
138.0,-16.875,6.59462833404541,222.5648193359375,8.033105850219727,39.433963775634766,7.969271659851074
139.0,-16.875,6.496866226196289,222.5691680908203,8.033377647399902,39.283660888671875,7.969271659851074
140.0,-16.875,6.428609371185303,222.59213256835938,8.03356647491455,39.15383529663086,7.969271659851074
141.0,-16.875,6.458242893218994,222.68736267089844,8.03348445892334,39.08708190917969,7.969271659851074
142.0,-16.875,6.580530166625977,222.85403442382812,8.0331449508667,39.07622528076172,7.969271659851074
143.0,-16.875,6.709377288818359,223.02700805664062,8.032788276672363,39.064788818359375,7.969271659851074
144.0,-16.875,6.654731750488281,223.05401611328125,8.032939910888672,38.93885803222656,7.969271659851074
145.0,-16.875,6.578562259674072,223.06077575683594,8.033150672912598,38.800689697265625,7.969271659851074
146.0,-16.875,6.510193347930908,223.07077026367188,8.033340454101562,38.66794967651367,7.969271659851074
147.0,-16.875,6.530580520629883,223.151611328125,8.033284187316895,38.585296630859375,7.969271659851074
148.0,-16.875,6.462373733520508,223.15664672851562,8.033473014831543,38.45307540893555,7.969271659851074
149.0,-16.875,6.395193099975586,223.15960693359375,8.033659934997559,38.32234191894531,7.969271659851074
150.0,-16.875,6.331239700317383,223.16246032714844,8.03383731842041,38.1942138671875,7.969271659851074
151.0,-16.875,6.270337104797363,223.1651611328125,8.034006118774414,38.068538665771484,7.969271659851074
152.0,-16.875,6.258229732513428,223.20794677734375,8.034039497375488,37.967201232910156,7.969271659851074
153.0,-16.875,6.37021541595459,223.3587188720703,8.03372859954834,37.92301940917969,7.969271659851074
154.0,-16.875,6.553918361663818,223.5736541748047,8.033219337463379,37.90671157836914,7.969271659851074
155.0,-16.875,6.5789008140563965,223.6466827392578,8.033149719238281,37.81492233276367,7.969271659851074
156.0,-16.875,6.529854774475098,223.65103149414062,8.033286094665527,37.69053649902344,7.969271659851074
157.0,-16.875,6.483314514160156,223.6551513671875,8.033414840698242,37.5678825378418,7.969271659851074
158.0,-16.875,6.439225673675537,223.65907287597656,8.033536911010742,37.44686508178711,7.969271659851074
159.0,-16.875,6.397507190704346,223.6627960205078,8.033653259277344,37.3273811340332,7.969271659851074
160.0,-16.875,6.3580451011657715,223.66627502441406,8.03376293182373,37.2093391418457,7.969271659851074
161.0,-16.875,6.320842742919922,223.66958618164062,8.033865928649902,37.092655181884766,7.969271659851074
162.0,-16.875,6.2858076095581055,223.67269897460938,8.033963203430176,36.97724151611328,7.969271659851074
163.0,-16.875,6.2528815269470215,223.6756134033203,8.03405475616455,36.863014221191406,7.969271659851074
164.0,-16.875,6.260305404663086,223.7150115966797,8.03403377532959,36.760902404785156,7.969271659851074
165.0,-16.875,6.40214204788208,223.88204956054688,8.033639907836914,36.69438552856445,7.969271659851074
166.0,-16.875,6.462073802947998,223.96932983398438,8.03347396850586,36.60177993774414,7.969271659851074
167.0,-16.875,6.5000152587890625,224.03387451171875,8.033369064331055,36.50143814086914,7.969271659851074
168.0,-16.875,6.474584102630615,224.0349884033203,8.033439636230469,36.38540267944336,7.969271659851074
169.0,-16.875,6.45123815536499,224.03602600097656,8.033504486083984,36.27021789550781,7.969271659851074
170.0,-16.875,6.429941177368164,224.0369873046875,8.033563613891602,36.15581130981445,7.969271659851074
171.0,-16.875,6.4106292724609375,224.037841796875,8.03361701965332,36.042110443115234,7.969271659851074
172.0,-16.875,6.412521839141846,224.0576171875,8.033611297607422,35.93195724487305,7.969271659851074
173.0,-16.875,6.490600109100342,224.15097045898438,8.033394813537598,35.83165740966797,7.969271659851074
174.0,-16.875,6.560174942016602,224.23428344726562,8.033202171325684,35.72740173339844,7.969271659851074
175.0,-16.875,6.548757076263428,224.2353057861328,8.033233642578125,35.61244201660156,7.969271659851074
176.0,-16.875,6.734305381774902,224.43060302734375,8.032718658447266,35.51385498046875,7.969271659851074
177.0,-16.875,6.7808146476745605,224.4856414794922,8.03258991241455,35.39964294433594,7.969271659851074
178.0,-16.875,6.829985618591309,224.5413818359375,8.032453536987305,35.28380584716797,7.969271659851074
179.0,-16.875,6.88190221786499,224.59786987304688,8.032309532165527,35.16624069213867,7.969271659851074
180.0,-16.875,6.884251117706299,224.60275268554688,8.032302856445312,35.04618453979492,7.969271659851074
181.0,-16.875,6.883828163146973,224.60276794433594,8.032303810119629,34.9260368347168,7.969271659851074
182.0,-16.875,6.885410785675049,224.60269165039062,8.032299995422363,34.805870056152344,7.969271659851074
183.0,-16.875,6.889017105102539,224.6025390625,8.032289505004883,34.68561553955078,7.969271659851074
184.0,-16.875,6.894636631011963,224.602294921875,8.03227424621582,34.56520080566406,7.969271659851074
185.0,-16.875,6.902278423309326,224.60195922851562,8.03225326538086,34.44456100463867,7.969271659851074
186.0,-16.875,6.911954402923584,224.60153198242188,8.032225608825684,34.32362365722656,7.969271659851074
187.0,-16.875,6.923663139343262,224.6009979248047,8.032193183898926,34.20232391357422,7.969271659851074
188.0,-16.875,7.490311145782471,225.14877319335938,8.030621528625488,34.01041793823242,7.969271659851074
189.0,-16.875,7.520031452178955,225.16046142578125,8.030538558959961,33.876609802246094,7.969271659851074
190.0,-16.875,7.539491653442383,225.15960693359375,8.030485153198242,33.7437629699707,7.969271659851074
191.0,-16.875,7.561257839202881,225.1586456298828,8.030425071716309,33.61020278930664,7.969271659851074
192.0,-16.875,7.6771063804626465,225.24754333496094,8.030102729797363,33.4578857421875,7.969271659851074
193.0,-16.875,7.758584499359131,225.29977416992188,8.029877662658691,33.30937957763672,7.969271659851074
194.0,-16.875,7.786801815032959,225.29725646972656,8.02979850769043,33.17084503173828,7.969271659851074
195.0,-16.875,8.187385559082031,225.65304565429688,8.028687477111816,32.93997573852539,7.969271659851074
196.0,-16.875,8.244315147399902,225.67147827148438,8.028529167175293,32.786800384521484,7.969271659851074
197.0,-16.875,8.283900260925293,225.67031860351562,8.028419494628906,32.63724136352539,7.969271659851074
198.0,-16.875,8.326332092285156,225.6690673828125,8.028302192687988,32.4862174987793,7.969271659851074
199.0,-16.875,8.371682167053223,225.667724609375,8.028176307678223,32.333614349365234,7.969271659851074
200.0,-16.875,8.575648307800293,225.81317138671875,8.027610778808594,32.12790298461914,7.969271659851074
201.0,-16.875,8.62501049041748,225.8087921142578,8.027473449707031,31.969955444335938,7.969271659851074
202.0,-16.875,8.677364349365234,225.80413818359375,8.027328491210938,31.810211181640625,7.969271659851074
203.0,-16.875,8.732813835144043,225.79922485351562,8.027174949645996,31.6485595703125,7.969271659851074
204.0,-16.875,8.791428565979004,225.7940216064453,8.02701187133789,31.4848690032959,7.969271659851074
205.0,-16.875,8.853310585021973,225.7885284423828,8.026840209960938,31.319015502929688,7.969271659851074
206.0,-16.875,9.50867748260498,226.3162841796875,8.025022506713867,30.898752212524414,7.969271659851074
207.0,-16.875,9.581976890563965,226.30979919433594,8.024818420410156,30.716869354248047,7.969271659851074
208.0,-16.875,10.21681022644043,226.798583984375,8.02305793762207,30.27650260925293,7.969271659851074
209.0,-16.875,10.306703567504883,226.7946014404297,8.022808074951172,30.076154708862305,7.969271659851074
210.0,-16.875,10.435150146484375,226.8199920654297,8.022451400756836,29.855669021606445,7.969271659851074
211.0,-16.875,10.530158042907715,226.81153869628906,8.022188186645508,29.649686813354492,7.969271659851074
212.0,-16.875,10.629897117614746,226.8026885986328,8.02191162109375,29.440006256103516,7.969271659851074
213.0,-16.875,11.135562896728516,227.13241577148438,8.020508766174316,29.012187957763672,7.969271659851074
214.0,-16.875,11.135564804077148,227.02716064453125,8.020508766174316,28.848804473876953,7.969271659851074
215.0,-16.875,11.599725723266602,227.30255126953125,8.019221305847168,28.425779342651367,7.969271659851074
216.0,-16.875,11.727357864379883,227.2912139892578,8.018866539001465,28.18578338623047,7.969271659851074
217.0,-16.875,11.861141204833984,227.2793426513672,8.018495559692383,27.94057273864746,7.969271659851074
218.0,-16.875,12.001327514648438,227.2668914794922,8.018106460571289,27.68985939025879,7.969271659851074
219.0,-16.875,12.818937301635742,227.78025817871094,8.015838623046875,27.017702102661133,7.969271659851074
220.0,-16.875,13.66059684753418,228.29148864746094,8.013504028320312,26.310335159301758,7.969271659851074
221.0,-16.875,14.527861595153809,228.8004150390625,8.01109790802002,25.566293716430664,7.969271659851074
222.0,-16.875,14.725032806396484,228.7829132080078,8.010550498962402,25.244220733642578,7.969271659851074
223.0,-16.875,14.931758880615234,228.7645721435547,8.009977340698242,24.91350555419922,7.969271659851074
224.0,-16.875,16.58351707458496,229.78981018066406,8.00539493560791,23.589649200439453,7.969271659851074
225.0,-16.875,17.736181259155273,230.4145965576172,8.002197265625,22.575817108154297,7.969271659851074
226.0,-16.875,17.736186981201172,230.19651794433594,8.002197265625,22.35613441467285,7.969271659851074
227.0,-16.875,17.73617935180664,229.97462463378906,8.002197265625,22.140295028686523,7.969271659851074
228.0,-16.875,17.736215591430664,229.7490234375,8.002197265625,21.92832374572754,7.969271659851074
229.0,-16.875,17.736127853393555,229.51968383789062,8.002197265625,21.720426559448242,7.969271659851074
230.0,-16.875,17.73613739013672,229.2868194580078,8.002197265625,21.516490936279297,7.969271659851074
231.0,-16.875,17.736127853393555,229.05039978027344,8.002197265625,21.316652297973633,7.969271659851074
232.0,-16.875,17.736181259155273,228.8105926513672,8.002197265625,21.120939254760742,7.969271659851074
233.0,-16.875,17.736135482788086,228.5673370361328,8.002197265625,20.92951011657715,7.969271659851074
234.0,-16.875,17.736127853393555,228.32078552246094,8.002197265625,20.74231719970703,7.969271659851074
235.0,-16.875,17.736186981201172,228.07106018066406,8.002197265625,20.55941390991211,7.969271659851074
236.0,-16.875,17.73622703552246,227.8181610107422,8.002197265625,20.380903244018555,7.969271659851074
237.0,-16.875,17.736175537109375,227.5621337890625,8.002197265625,20.206912994384766,7.969271659851074
238.0,-16.875,17.736133575439453,227.30313110351562,8.002197265625,20.037416458129883,7.969271659851074
239.0,-16.875,17.736135482788086,227.0412139892578,8.002197265625,19.872419357299805,7.969271659851074
240.0,-16.875,17.73617935180664,226.77647399902344,8.002197265625,19.71198081970215,7.969271659851074
241.0,-16.875,17.736181259155273,226.50897216796875,8.002197265625,19.556232452392578,7.969271659851074
242.0,-16.875,17.736177444458008,226.23878479003906,8.002197265625,19.40517807006836,7.969271659851074
243.0,-16.875,17.736278533935547,225.96604919433594,8.002197265625,19.25876808166504,7.969271659851074
244.0,-16.875,17.73618507385254,225.69070434570312,8.002197265625,19.117311477661133,7.969271659851074
245.0,-16.875,17.736085891723633,225.41293334960938,8.002197265625,18.980688095092773,7.969271659851074
246.0,-16.875,17.736175537109375,225.1328887939453,8.002197265625,18.848758697509766,7.969271659851074
247.0,-16.875,17.73618507385254,224.8505859375,8.002197265625,18.72182273864746,7.969271659851074
248.0,-16.875,17.7360897064209,224.56605529785156,8.002197265625,18.599924087524414,7.969271659851074
249.0,-16.875,17.736080169677734,224.27944946289062,8.002197265625,18.482919692993164,7.969271659851074
250.0,-16.875,17.736083984375,223.99087524414062,8.002197265625,18.37093162536621,7.969271659851074
251.0,-16.875,17.73627281188965,223.70045471191406,8.002197265625,18.263826370239258,7.969271659851074
252.0,-16.875,17.73627281188965,223.4081268310547,8.002197265625,18.161975860595703,7.969271659851074
253.0,-16.875,17.736087799072266,223.11402893066406,8.002197265625,18.065427780151367,7.969271659851074
254.0,-16.875,17.73627281188965,222.81837463378906,8.002197265625,17.973663330078125,7.969271659851074
255.0,-16.875,17.736082077026367,222.52108764648438,8.002197265625,17.887439727783203,7.969271659851074
256.0,-16.875,17.736085891723633,222.22239685058594,8.002197265625,17.80623435974121,7.969271659851074
257.0,-16.875,17.736181259155273,221.92233276367188,8.002197265625,17.73015785217285,7.969271659851074
258.0,-16.875,17.73617935180664,221.6209716796875,8.002197265625,17.659425735473633,7.969271659851074
259.0,-16.875,17.73627471923828,221.3184356689453,8.002197265625,17.593870162963867,7.969271659851074
260.0,-16.875,17.736085891723633,221.01475524902344,8.002197265625,17.53388214111328,7.969271659851074
261.0,-16.875,17.736183166503906,220.7101287841797,8.002197265625,17.478923797607422,7.969271659851074
262.0,-16.875,17.73627281188965,220.4045867919922,8.002197265625,17.42929458618164,7.969271659851074
263.0,-16.875,17.736083984375,220.0981903076172,8.002197265625,17.385284423828125,7.969271659851074
264.0,-16.875,17.736181259155273,219.7910919189453,8.002197265625,17.346342086791992,7.969271659851074
265.0,-16.875,17.73617935180664,219.4833526611328,8.002197265625,17.3128662109375,7.969271659851074
266.0,-16.875,17.736087799072266,219.17507934570312,8.002197265625,17.284852981567383,7.969271659851074
267.0,-16.875,17.736181259155273,218.8663787841797,8.002197265625,17.262041091918945,7.969271659851074
268.0,-16.875,17.736085891723633,218.5572967529297,8.002197265625,17.244808197021484,7.969271659851074
269.0,-16.875,17.73617935180664,218.24798583984375,8.002197265625,17.232786178588867,7.969271659851074
270.0,-16.875,17.73617935180664,217.93849182128906,8.002197265625,17.22625160217285,7.969271659851074
271.0,-16.875,17.736175537109375,217.6289520263672,8.002197265625,17.225128173828125,7.969271659851074
272.0,-16.875,17.73627471923828,217.31944274902344,8.002197265625,17.22930335998535,7.969271659851074
273.0,-16.875,17.736181259155273,217.01004028320312,8.002197265625,17.239070892333984,7.969271659851074
274.0,-16.875,17.736177444458008,216.7008514404297,8.002197265625,17.254148483276367,7.969271659851074
275.0,-16.875,17.736181259155273,216.39198303222656,8.002197265625,17.274612426757812,7.969271659851074
276.0,-16.875,17.73617935180664,216.08351135253906,8.002197265625,17.300466537475586,7.969271659851074
277.0,-16.875,17.73617935180664,215.77554321289062,8.002197265625,17.331701278686523,7.969271659851074
278.0,-16.875,17.736181259155273,215.46815490722656,8.002197265625,17.368305206298828,7.969271659851074
279.0,-16.875,17.736083984375,215.1614990234375,8.002197265625,17.410362243652344,7.969271659851074
280.0,-16.875,17.736276626586914,214.8555450439453,8.002197265625,17.457481384277344,7.969271659851074
281.0,-16.875,17.736181259155273,214.55052185058594,8.002197265625,17.510215759277344,7.969271659851074
282.0,-16.875,17.736181259155273,214.24644470214844,8.002197265625,17.568172454833984,7.969271659851074
283.0,-16.875,17.736276626586914,213.9434051513672,8.002197265625,17.63133430480957,7.969271659851074
284.0,-16.875,17.73627281188965,213.64154052734375,8.002197265625,17.699871063232422,7.969271659851074
285.0,-16.875,17.73628044128418,213.3408966064453,8.002197265625,17.773658752441406,7.969271659851074
286.0,-16.875,17.736083984375,213.0416717529297,8.002197265625,17.852869033813477,7.969271659851074
287.0,-16.875,17.73617935180664,212.7437744140625,8.002197265625,17.937015533447266,7.969271659851074
288.0,-16.875,17.736183166503906,212.44741821289062,8.002197265625,18.026439666748047,7.969271659851074
289.0,-16.875,17.736087799072266,212.15269470214844,8.002197265625,18.121112823486328,7.969271659851074
290.0,-16.875,17.736181259155273,211.859619140625,8.002197265625,18.220733642578125,7.969271659851074
291.0,-16.875,17.736278533935547,211.5683135986328,8.002197265625,18.325454711914062,7.969271659851074
292.0,-16.875,17.73618507385254,211.27896118164062,8.002197265625,18.4354190826416,7.969271659851074
293.0,-16.875,17.736181259155273,210.9915313720703,8.002197265625,18.550334930419922,7.969271659851074
294.0,-16.875,17.736183166503906,210.70614624023438,8.002197265625,18.670244216918945,7.969271659851074
295.0,-16.875,17.736276626586914,210.42286682128906,8.002197265625,18.79503059387207,7.969271659851074
296.0,-16.875,17.73617935180664,210.1418914794922,8.002197265625,18.92491340637207,7.969271659851074
297.0,-16.875,17.736087799072266,209.86322021484375,8.002197265625,19.05967903137207,7.969271659851074
298.0,-16.875,17.736177444458008,209.58685302734375,8.002197265625,19.199127197265625,7.969271659851074
299.0,-16.875,17.736173629760742,209.31301879882812,8.002197265625,19.34345245361328,7.969271659851074
300.0,-16.875,17.736175537109375,209.04173278808594,8.002197265625,19.492534637451172,7.969271659851074
301.0,-16.875,17.736225128173828,208.7730712890625,8.002197265625,19.646286010742188,7.969271659851074
302.0,-16.875,17.736175537109375,208.50717163085938,8.002197265625,19.80479621887207,7.969271659851074
303.0,-16.875,17.73617935180664,208.2440643310547,8.002197265625,19.967870712280273,7.969271659851074
304.0,-16.875,17.736127853393555,207.98387145996094,8.002197265625,20.135555267333984,7.969271659851074
305.0,-16.875,17.736183166503906,207.72657775878906,8.002197265625,20.307674407958984,7.969271659851074
306.0,-16.875,17.73613166809082,207.47239685058594,8.002197265625,20.484338760375977,7.969271659851074
307.0,-16.875,17.736221313476562,207.22125244140625,8.002197265625,20.665298461914062,7.969271659851074
308.0,-16.875,17.736183166503906,206.97337341308594,8.002197265625,20.850723266601562,7.969271659851074
309.0,-16.875,17.736234664916992,206.7287139892578,8.002197265625,21.040374755859375,7.969271659851074
310.0,-16.875,17.736236572265625,206.48744201660156,8.002197265625,21.234298706054688,7.969271659851074
311.0,-16.875,17.736186981201172,206.24961853027344,8.002197265625,21.432445526123047,7.969271659851074
312.0,-16.875,17.736129760742188,206.0153045654297,8.002197265625,21.63471221923828,7.969271659851074
313.0,-16.875,17.736183166503906,205.7844696044922,8.002197265625,21.840967178344727,7.969271659851074
314.0,-16.875,17.736186981201172,205.55731201171875,8.002197265625,22.05124855041504,7.969271659851074
315.0,-16.875,17.736183166503906,205.3338623046875,8.002197265625,22.265464782714844,7.969271659851074
316.0,-16.875,17.736228942871094,205.11415100097656,8.002197265625,22.4835147857666,7.969271659851074
317.0,-16.875,17.736133575439453,204.89837646484375,8.002197265625,22.70547103881836,7.969271659851074
318.0,-16.875,17.736238479614258,204.6863555908203,8.002197265625,22.9310245513916,7.969271659851074
319.0,-16.875,17.736234664916992,204.4783935546875,8.002197265625,23.160308837890625,7.969271659851074
320.0,-16.875,17.736236572265625,204.2744598388672,8.002197265625,23.393184661865234,7.969271659851074
321.0,-16.875,17.736215591430664,204.07464599609375,8.002197265625,23.629587173461914,7.969271659851074
322.0,-16.875,17.736221313476562,203.8789520263672,8.002197265625,23.86944580078125,7.969271659851074
323.0,-16.875,17.736127853393555,203.68756103515625,8.002197265625,24.112735748291016,7.969271659851074
324.0,-16.875,17.736228942871094,203.5002899169922,8.002197265625,24.359209060668945,7.969271659851074
325.0,-16.875,17.73613166809082,203.3175048828125,8.002197265625,24.60903549194336,7.969271659851074
326.0,-16.875,17.736221313476562,203.1389617919922,8.002197265625,24.861896514892578,7.969271659851074
327.0,-16.875,17.736186981201172,202.96495056152344,8.002197265625,25.117923736572266,7.969271659851074
328.0,-16.875,17.736228942871094,202.79537963867188,8.002197265625,25.376888275146484,7.969271659851074
329.0,-16.875,17.73617935180664,202.63043212890625,8.002197265625,25.638824462890625,7.969271659851074
330.0,-16.875,17.736183166503906,202.47003173828125,8.002197265625,25.903575897216797,7.969271659851074
331.0,-16.875,17.736225128173828,202.31423950195312,8.002197265625,26.171072006225586,7.969271659851074
332.0,-16.875,17.736141204833984,202.1632537841797,8.002197265625,26.44130516052246,7.969271659851074
333.0,-16.875,17.736175537109375,202.01690673828125,8.002197265625,26.714065551757812,7.969271659851074
334.0,-16.875,17.736228942871094,201.8753204345703,8.002197265625,26.98933982849121,7.969271659851074
335.0,-16.875,17.73616600036621,201.73866271972656,8.002197265625,27.2670955657959,7.969271659851074
336.0,-16.875,17.736156463623047,201.60682678222656,8.002197265625,27.54717254638672,7.969271659851074
337.0,-16.875,17.736162185668945,201.47988891601562,8.002197265625,27.829492568969727,7.969271659851074
338.0,-16.875,17.736202239990234,201.3578643798828,8.002197265625,28.113971710205078,7.969271659851074
339.0,-16.875,17.73615264892578,201.24090576171875,8.002197265625,28.400571823120117,7.969271659851074
340.0,-16.875,17.736183166503906,201.12889099121094,8.002197265625,28.689144134521484,7.969271659851074
341.0,-16.875,17.736183166503906,201.02195739746094,8.002197265625,28.979644775390625,7.969271659851074
342.0,-16.875,17.736188888549805,200.92010498046875,8.002197265625,29.271957397460938,7.969271659851074
343.0,-16.875,17.736217498779297,200.82334899902344,8.002197265625,29.565998077392578,7.969271659851074
344.0,-16.875,17.736204147338867,200.73178100585938,8.002197265625,29.861690521240234,7.969271659851074
345.0,-16.875,17.73619270324707,200.6453857421875,8.002197265625,30.158931732177734,7.969271659851074
346.0,-16.875,17.736207962036133,200.5641632080078,8.002197265625,30.457645416259766,7.969271659851074
347.0,-16.875,17.736183166503906,200.4882049560547,8.002197265625,30.75773048400879,7.969271659851074
348.0,-16.875,17.736173629760742,200.41748046875,8.002197265625,31.059091567993164,7.969271659851074
349.0,-16.875,17.73617172241211,200.35202026367188,8.002197265625,31.361637115478516,7.969271659851074
350.0,-16.875,17.736194610595703,200.2918243408203,8.002197265625,31.665279388427734,7.969271659851074
351.0,-16.875,17.73618507385254,200.23696899414062,8.002197265625,31.96993637084961,7.969271659851074
352.0,-16.875,17.73617935180664,200.18743896484375,8.002197265625,32.27549362182617,7.969271659851074
353.0,-16.875,17.736183166503906,200.1432342529297,8.002197265625,32.581871032714844,7.969271659851074
354.0,-16.875,17.736188888549805,200.10438537597656,8.002197265625,32.88896942138672,7.969271659851074
355.0,-16.875,17.736186981201172,200.07090759277344,8.002197265625,33.19670104980469,7.969271659851074
356.0,-16.875,17.736188888549805,200.0428009033203,8.002197265625,33.50497817993164,7.969271659851074
357.0,-16.875,17.736190795898438,200.02008056640625,8.002197265625,33.81369400024414,7.969271659851074
358.0,-16.875,17.736181259155273,200.0027618408203,8.002197265625,34.12275695800781,7.969271659851074
359.0,-16.875,17.736183166503906,199.99082946777344,8.002197265625,34.43207550048828,7.969271659851074
0.0,-22.5,12.38266372680664,205.33738708496094,8.002197265625,34.8119010925293,7.969271659851074
1.0,-22.5,12.38266372680664,205.336669921875,8.002197265625,35.02801513671875,7.969271659851074
2.0,-22.5,12.382652282714844,205.33973693847656,8.002197265625,35.24410629272461,7.969271659851074
3.0,-22.5,12.382658004760742,205.3465576171875,8.002197265625,35.460113525390625,7.969271659851074
4.0,-22.5,12.382662773132324,205.35714721679688,8.002197265625,35.67596435546875,7.969271659851074
5.0,-22.5,12.382649421691895,205.37152099609375,8.002197265625,35.8916015625,7.969271659851074
6.0,-22.5,12.382659912109375,205.38963317871094,8.002197265625,36.10695266723633,7.969271659851074
7.0,-22.5,12.382671356201172,205.4114990234375,8.002197265625,36.321956634521484,7.969271659851074
8.0,-22.5,12.382648468017578,205.43714904785156,8.002197265625,36.53654861450195,7.969271659851074
9.0,-22.5,12.382657051086426,205.4665069580078,8.002197265625,36.75065612792969,7.969271659851074
10.0,-22.5,12.38267707824707,205.4995880126953,8.002197265625,36.9642219543457,7.969271659851074
11.0,-22.5,12.382664680480957,205.5364227294922,8.002197265625,37.17717742919922,7.969271659851074
12.0,-22.5,12.382638931274414,205.5769805908203,8.002197265625,37.38945007324219,7.969271659851074
13.0,-22.5,12.382650375366211,205.62120056152344,8.002197265625,37.600990295410156,7.969271659851074
14.0,-22.5,12.382669448852539,205.66909790039062,8.002197265625,37.81172561645508,7.969271659851074
15.0,-22.5,12.382665634155273,205.72068786621094,8.002197265625,38.02159118652344,7.969271659851074
16.0,-22.5,12.382671356201172,205.7759246826172,8.002197265625,38.230525970458984,7.969271659851074
17.0,-22.5,12.382683753967285,205.8347930908203,8.002197265625,38.43846893310547,7.969271659851074
18.0,-22.5,12.38265323638916,205.89732360839844,8.002197265625,38.64534378051758,7.969271659851074
19.0,-22.5,12.382637977600098,205.96343994140625,8.002197265625,38.851097106933594,7.969271659851074
20.0,-22.5,12.382662773132324,206.03309631347656,8.002197265625,39.05567169189453,7.969271659851074
21.0,-22.5,12.38266372680664,206.10633850097656,8.002197265625,39.25899887084961,7.969271659851074
22.0,-22.5,12.382659912109375,206.18312072753906,8.002197265625,39.46101379394531,7.969271659851074
23.0,-22.5,12.382627487182617,206.26344299316406,8.002197265625,39.661643981933594,7.969271659851074
24.0,-22.5,12.382638931274414,206.3472137451172,8.002197265625,39.86085891723633,7.969271659851074
25.0,-22.5,12.382637023925781,206.43446350097656,8.002197265625,40.05857849121094,7.969271659851074
26.0,-22.5,12.382667541503906,206.52511596679688,8.002197265625,40.25475311279297,7.969271659851074
27.0,-22.5,12.38267993927002,206.61920166015625,8.002197265625,40.449317932128906,7.969271659851074
28.0,-22.5,12.382647514343262,206.71670532226562,8.002197265625,40.642189025878906,7.969271659851074
29.0,-22.5,12.38267707824707,206.8175048828125,8.002197265625,40.83335494995117,7.969271659851074
30.0,-22.5,12.382683753967285,206.92164611816406,8.002197265625,41.02272033691406,7.969271659851074
31.0,-22.5,12.382667541503906,207.0290985107422,8.002197265625,41.210235595703125,7.969271659851074
32.0,-22.5,12.382685661315918,207.1397705078125,8.002197265625,41.395851135253906,7.969271659851074
33.0,-22.5,12.382646560668945,207.25372314453125,8.002197265625,41.579490661621094,7.969271659851074
34.0,-22.5,12.382664680480957,207.3708038330078,8.002197265625,41.76112747192383,7.969271659851074
35.0,-22.5,12.382654190063477,207.49107360839844,8.002197265625,41.940696716308594,7.969271659851074
36.0,-22.5,12.38265609741211,207.61444091796875,8.002197265625,42.11813735961914,7.969271659851074
37.0,-22.5,12.382621765136719,207.7409210205078,8.002197265625,42.29338073730469,7.969271659851074
38.0,-22.5,12.382654190063477,207.87037658691406,8.002197265625,42.4664192199707,7.969271659851074
39.0,-22.5,12.382608413696289,208.00289916992188,8.002197265625,42.63713073730469,7.969271659851074
40.0,-22.5,12.382682800292969,208.13829040527344,8.002197265625,42.805580139160156,7.969271659851074
41.0,-22.5,12.382659912109375,208.27667236328125,8.002197265625,42.97157669067383,7.969271659851074
42.0,-22.5,12.382651329040527,208.4179229736328,8.002197265625,43.13514709472656,7.969271659851074
43.0,-22.5,12.382651329040527,208.56199645996094,8.002197265625,43.296226501464844,7.969271659851074
44.0,-22.5,12.382662773132324,208.70884704589844,8.002197265625,43.45477294921875,7.969271659851074
45.0,-22.5,12.382660865783691,208.85845947265625,8.002197265625,43.6107292175293,7.969271659851074
46.0,-22.5,12.382699966430664,209.0107421875,8.002197265625,43.76408004760742,7.969271659851074
47.0,-22.5,12.382652282714844,209.16574096679688,8.002197265625,43.91469192504883,7.969271659851074
48.0,-22.5,12.382662773132324,209.3232879638672,8.002197265625,44.062599182128906,7.969271659851074
49.0,-22.5,12.382661819458008,209.48341369628906,8.002197265625,44.207740783691406,7.969271659851074
50.0,-22.5,12.382654190063477,209.64605712890625,8.002197265625,44.35006332397461,7.969271659851074
51.0,-22.5,12.382650375366211,209.8111572265625,8.002197265625,44.48952865600586,7.969271659851074
52.0,-22.5,12.382650375366211,209.97865295410156,8.002197265625,44.6260871887207,7.969271659851074
53.0,-22.5,12.38260269165039,210.14854431152344,8.002197265625,44.75967025756836,7.969271659851074
54.0,-22.5,12.382694244384766,210.32064819335938,8.002197265625,44.8903694152832,7.969271659851074
55.0,-22.5,12.382704734802246,210.49505615234375,8.002197265625,45.017982482910156,7.969271659851074
56.0,-22.5,12.382701873779297,210.6716766357422,8.002197265625,45.14252471923828,7.969271659851074
57.0,-22.5,12.382658958435059,210.8504638671875,8.002197265625,45.26393127441406,7.969271659851074
58.0,-22.5,12.38265323638916,211.0313262939453,8.002197265625,45.382232666015625,7.969271659851074
59.0,-22.5,12.38270378112793,211.21420288085938,8.002197265625,45.49740982055664,7.969271659851074
60.0,-22.5,12.382699012756348,211.39907836914062,8.002197265625,45.60932540893555,7.969271659851074
61.0,-22.5,12.38265609741211,211.5858917236328,8.002197265625,45.717960357666016,7.969271659851074
62.0,-22.5,12.38265609741211,211.77456665039062,8.002197265625,45.8233642578125,7.969271659851074
63.0,-22.5,12.382657051086426,211.9650421142578,8.002197265625,45.925453186035156,7.969271659851074
64.0,-22.5,12.382698059082031,212.15725708007812,8.002197265625,46.02424240112305,7.969271659851074
65.0,-22.5,12.382659912109375,212.3511962890625,8.002197265625,46.11958694458008,7.969271659851074
66.0,-22.5,12.38265609741211,212.54676818847656,8.002197265625,46.211570739746094,7.969271659851074
67.0,-22.5,12.382615089416504,212.74391174316406,8.002197265625,46.30008316040039,7.969271659851074
68.0,-22.5,12.38265323638916,212.94256591796875,8.002197265625,46.38522720336914,7.969271659851074
69.0,-22.5,12.382697105407715,213.1426544189453,8.002197265625,46.466888427734375,7.969271659851074
70.0,-22.5,12.382608413696289,213.34417724609375,8.002197265625,46.544918060302734,7.969271659851074
71.0,-22.5,12.382701873779297,213.54698181152344,8.002197265625,46.61959457397461,7.969271659851074
72.0,-22.5,12.382658958435059,213.7510986328125,8.002197265625,46.690589904785156,7.969271659851074
73.0,-22.5,12.382655143737793,213.9564208984375,8.002197265625,46.758052825927734,7.969271659851074
74.0,-22.5,12.382657051086426,214.16287231445312,8.002197265625,46.821922302246094,7.969271659851074
75.0,-22.5,12.382654190063477,214.37042236328125,8.002197265625,46.882179260253906,7.969271659851074
76.0,-22.5,12.382651329040527,214.57899475097656,8.002197265625,46.938804626464844,7.969271659851074
77.0,-22.5,12.382652282714844,214.78851318359375,8.002197265625,46.991783142089844,7.969271659851074
78.0,-22.5,12.382702827453613,214.9989013671875,8.002197265625,47.041141510009766,7.969271659851074
79.0,-22.5,12.382608413696289,215.21017456054688,8.002197265625,47.08668518066406,7.969271659851074
80.0,-22.5,12.382699966430664,215.42214965820312,8.002197265625,47.12871170043945,7.969271659851074
81.0,-22.5,12.382608413696289,215.63487243652344,8.002197265625,47.16685485839844,7.969271659851074
82.0,-22.5,12.382652282714844,215.8482208251953,8.002197265625,47.201416015625,7.969271659851074
83.0,-22.5,12.382707595825195,216.06210327148438,8.002197265625,47.23225402832031,7.969271659851074
84.0,-22.5,12.382658958435059,216.27651977539062,8.002197265625,47.259254455566406,7.969271659851074
85.0,-22.5,12.382701873779297,216.4913787841797,8.002197265625,47.28260040283203,7.969271659851074
86.0,-22.5,12.382657051086426,216.70660400390625,8.002197265625,47.30210494995117,7.969271659851074
87.0,-22.5,12.382652282714844,216.92214965820312,8.002197265625,47.31789016723633,7.969271659851074
88.0,-22.5,12.382699966430664,217.13792419433594,8.002197265625,47.32996368408203,7.969271659851074
89.0,-22.5,12.382749557495117,217.3538818359375,8.002197265625,47.33827209472656,7.969271659851074
90.0,-22.5,12.382657051086426,217.5699462890625,8.002197265625,47.34266662597656,7.969271659851074
91.0,-22.5,12.382560729980469,217.7860565185547,8.002197265625,47.34328842163086,7.969271659851074
92.0,-22.5,12.382611274719238,218.0021514892578,8.002197265625,47.34028244018555,7.969271659851074
93.0,-22.5,12.382654190063477,218.21815490722656,8.002197265625,47.333499908447266,7.969271659851074
94.0,-22.5,12.382655143737793,218.4340057373047,8.002197265625,47.322906494140625,7.969271659851074
95.0,-22.5,12.382608413696289,218.64964294433594,8.002197265625,47.30849838256836,7.969271659851074
96.0,-22.5,12.38265609741211,218.86500549316406,8.002197265625,47.29042434692383,7.969271659851074
97.0,-22.5,12.382606506347656,219.0800018310547,8.002197265625,47.268497467041016,7.969271659851074
98.0,-22.5,12.382654190063477,219.29458618164062,8.002197265625,47.242919921875,7.969271659851074
99.0,-22.5,12.382699966430664,219.5087127685547,8.002197265625,47.21359634399414,7.969271659851074
100.0,-22.5,12.382562637329102,219.72225952148438,8.002197265625,47.18035888671875,7.969271659851074
101.0,-22.5,12.382652282714844,219.9352264404297,8.002197265625,47.14362716674805,7.969271659851074
102.0,-22.5,12.382607460021973,220.14749145507812,8.002197265625,47.103050231933594,7.969271659851074
103.0,-22.5,12.24592113494873,220.3298797607422,8.002740859985352,46.92527770996094,7.969271659851074
104.0,-22.5,11.66276741027832,220.40403747558594,8.005058288574219,46.31040573120117,7.969271659851074
105.0,-22.5,11.134678840637207,220.47117614746094,8.007156372070312,45.750118255615234,7.969271659851074
106.0,-22.5,10.65440845489502,220.53224182128906,8.009064674377441,45.237220764160156,7.969271659851074
107.0,-22.5,10.253667831420898,220.59861755371094,8.01065731048584,44.80194854736328,7.969271659851074
108.0,-22.5,10.301501274108887,220.78416442871094,8.010466575622559,44.795860290527344,7.969271659851074
109.0,-22.5,10.352587699890137,220.9713897705078,8.010263442993164,44.78936767578125,7.969271659851074
110.0,-22.5,10.383479118347168,221.1526336669922,8.010141372680664,44.7602653503418,7.969271659851074
111.0,-22.5,10.023953437805176,221.19834899902344,8.01156997680664,44.36167526245117,7.969271659851074
112.0,-22.5,9.690595626831055,221.24072265625,8.012894630432129,43.98896408081055,7.969271659851074
113.0,-22.5,9.38075065612793,221.28013610839844,8.01412582397461,43.63947296142578,7.969271659851074
114.0,-22.5,9.09210205078125,221.31683349609375,8.015273094177246,43.310916900634766,7.969271659851074
115.0,-22.5,8.82265853881836,221.35108947753906,8.016343116760254,43.001304626464844,7.969271659851074
116.0,-22.5,8.570666313171387,221.3831329345703,8.01734447479248,42.70888900756836,7.969271659851074
117.0,-22.5,8.567266464233398,221.5162811279297,8.01735782623291,42.640716552734375,7.969271659851074
118.0,-22.5,8.522500991821289,221.6291961669922,8.017536163330078,42.53350067138672,7.969271659851074
119.0,-22.5,8.480538368225098,221.7408447265625,8.01770305633545,42.42716979980469,7.969271659851074
120.0,-22.5,8.44133186340332,221.85134887695312,8.017858505249023,42.321651458740234,7.969271659851074
121.0,-22.5,8.404821395874023,221.96075439453125,8.018003463745117,42.21689224243164,7.969271659851074
122.0,-22.5,8.255486488342285,222.00914001464844,8.018596649169922,42.0141716003418,7.969271659851074
123.0,-22.5,8.070432662963867,222.0326690673828,8.019331932067871,41.78182601928711,7.969271659851074
124.0,-22.5,7.895392417907715,222.054931640625,8.020028114318848,41.55921936035156,7.969271659851074
125.0,-22.5,7.729652404785156,222.0760040283203,8.020686149597168,41.34564208984375,7.969271659851074
126.0,-22.5,7.572574615478516,222.09597778320312,8.021310806274414,41.14044952392578,7.969271659851074
127.0,-22.5,7.4711527824401855,222.14309692382812,8.021713256835938,40.98139572143555,7.969271659851074
128.0,-22.5,7.453968524932861,222.23707580566406,8.021781921386719,40.88960266113281,7.969271659851074
129.0,-22.5,7.438934326171875,222.33053588867188,8.021842002868652,40.79805374145508,7.969271659851074
130.0,-22.5,7.371366500854492,222.38890075683594,8.022109985351562,40.66440200805664,7.969271659851074
131.0,-22.5,7.232266426086426,222.39773559570312,8.022663116455078,40.47596740722656,7.969271659851074
132.0,-22.5,7.100263595581055,222.40614318847656,8.023187637329102,40.2943115234375,7.969271659851074
133.0,-22.5,6.974878311157227,222.41409301757812,8.023685455322266,40.118988037109375,7.969271659851074
134.0,-22.5,6.855733871459961,222.4216766357422,8.02415943145752,39.949562072753906,7.969271659851074
135.0,-22.5,6.742444038391113,222.42889404296875,8.024609565734863,39.7856559753418,7.969271659851074
136.0,-22.5,6.634640693664551,222.43572998046875,8.02503776550293,39.62691879272461,7.969271659851074
137.0,-22.5,6.532041549682617,222.4422607421875,8.025444984436035,39.47301483154297,7.969271659851074
138.0,-22.5,6.434342384338379,222.44847106933594,8.025834083557129,39.32365798950195,7.969271659851074
139.0,-22.5,6.341269016265869,222.4543914794922,8.026203155517578,39.17854690551758,7.969271659851074
140.0,-22.5,6.268290042877197,222.47193908691406,8.026493072509766,39.04768371582031,7.969271659851074
141.0,-22.5,6.276730537414551,222.5490264892578,8.026459693908691,38.96950912475586,7.969271659851074
142.0,-22.5,6.28697395324707,222.62625122070312,8.026418685913086,38.89099884033203,7.969271659851074
143.0,-22.5,6.36312198638916,222.7543487548828,8.026116371154785,38.851314544677734,7.969271659851074
144.0,-22.5,6.378416061401367,222.833740234375,8.026055335998535,38.7719841003418,7.969271659851074
145.0,-22.5,6.328503608703613,222.8589324951172,8.026253700256348,38.65302276611328,7.969271659851074
146.0,-22.5,6.346043586730957,222.93701171875,8.02618408203125,38.572731018066406,7.969271659851074
147.0,-22.5,6.3654375076293945,223.015380859375,8.026107788085938,38.49188232421875,7.969271659851074
148.0,-22.5,6.324105739593506,223.04141235351562,8.02627182006836,38.3765869140625,7.969271659851074
149.0,-22.5,6.259820938110352,223.04551696777344,8.026527404785156,38.2494010925293,7.969271659851074
150.0,-22.5,6.198552131652832,223.04940795898438,8.02677059173584,38.124671936035156,7.969271659851074
151.0,-22.5,6.140196323394775,223.05311584472656,8.027002334594727,38.00225830078125,7.969271659851074
152.0,-22.5,6.097005844116211,223.06748962402344,8.02717399597168,37.88797378540039,7.969271659851074
153.0,-22.5,6.126465797424316,223.1438446044922,8.027056694030762,37.8078727722168,7.969271659851074
154.0,-22.5,6.157940864562988,223.2208251953125,8.026931762695312,37.726898193359375,7.969271659851074
155.0,-22.5,6.291836738586426,223.388916015625,8.026399612426758,37.688507080078125,7.969271659851074
156.0,-22.5,6.287046432495117,223.43130493164062,8.026418685913086,37.58713150024414,7.969271659851074
157.0,-22.5,6.24394416809082,223.43679809570312,8.026590347290039,37.46971893310547,7.969271659851074
158.0,-22.5,6.203042030334473,223.4419708251953,8.026752471923828,37.35377883911133,7.969271659851074
159.0,-22.5,6.164341449737549,223.4468994140625,8.02690601348877,37.23923110961914,7.969271659851074
160.0,-22.5,6.127748012542725,223.45155334472656,8.02705192565918,37.12599182128906,7.969271659851074
161.0,-22.5,6.093210697174072,223.45594787597656,8.027189254760742,37.01397705078125,7.969271659851074
162.0,-22.5,6.060675144195557,223.4600830078125,8.027318000793457,36.90311813354492,7.969271659851074
163.0,-22.5,6.030099391937256,223.46397399902344,8.027440071105957,36.7933349609375,7.969271659851074
164.0,-22.5,6.001434326171875,223.46762084960938,8.02755355834961,36.6845588684082,7.969271659851074
165.0,-22.5,5.9746198654174805,223.47100830078125,8.027660369873047,36.576725006103516,7.969271659851074
166.0,-22.5,6.1870293617248535,223.70379638671875,8.026816368103027,36.52995300292969,7.969271659851074
167.0,-22.5,6.338712215423584,223.8776397705078,8.026213645935059,36.46116256713867,7.969271659851074
168.0,-22.5,6.354612350463867,223.91839599609375,8.026150703430176,36.35694122314453,7.969271659851074
169.0,-22.5,6.332133769989014,223.9197998046875,8.026239395141602,36.243988037109375,7.969271659851074
170.0,-22.5,6.311643123626709,223.92111206054688,8.026321411132812,36.13177490234375,7.969271659851074
171.0,-22.5,6.293064594268799,223.9222869873047,8.026394844055176,36.02022933959961,7.969271659851074
172.0,-22.5,6.276399612426758,223.92335510253906,8.026461601257324,35.90928649902344,7.969271659851074
173.0,-22.5,6.2931413650512695,223.95555114746094,8.026394844055176,35.8031005859375,7.969271659851074
174.0,-22.5,6.335238933563232,224.0111083984375,8.026226997375488,35.69903564453125,7.969271659851074
175.0,-22.5,6.32462215423584,224.01246643066406,8.026269912719727,35.58805847167969,7.969271659851074
176.0,-22.5,6.315736770629883,224.0135955810547,8.026305198669434,35.47740173339844,7.969271659851074
177.0,-22.5,6.308568477630615,224.01449584960938,8.02633285522461,35.367008209228516,7.969271659851074
178.0,-22.5,6.710267066955566,224.421875,8.024737358093262,35.27592468261719,7.969271659851074
179.0,-22.5,6.760409355163574,224.47647094726562,8.024538040161133,35.160377502441406,7.969271659851074
180.0,-22.5,6.760034561157227,224.47854614257812,8.02453899383545,35.04240798950195,7.969271659851074
181.0,-22.5,6.759674072265625,224.47857666015625,8.024540901184082,34.9244270324707,7.969271659851074
182.0,-22.5,6.761235237121582,224.4784698486328,8.024534225463867,34.80643081665039,7.969271659851074
183.0,-22.5,6.764751434326172,224.47825622558594,8.024520874023438,34.6883430480957,7.969271659851074
184.0,-22.5,6.770197868347168,224.4779052734375,8.02449893951416,34.570106506347656,7.969271659851074
185.0,-22.5,6.777597427368164,224.47743225097656,8.024469375610352,34.4516487121582,7.969271659851074
186.0,-22.5,6.7869462966918945,224.47682189941406,8.024432182312012,34.33291244506836,7.969271659851074
187.0,-22.5,6.798288822174072,224.47610473632812,8.02438735961914,34.21382141113281,7.969271659851074
188.0,-22.5,6.8116278648376465,224.4752655029297,8.024333953857422,34.09431076049805,7.969271659851074
189.0,-22.5,7.383380889892578,225.0248565673828,8.022062301635742,33.893898010253906,7.969271659851074
190.0,-22.5,7.402160167694092,225.02365112304688,8.021987915039062,33.76351547241211,7.969271659851074
191.0,-22.5,7.423198223114014,225.0223388671875,8.021903991699219,33.63245391845703,7.969271659851074
192.0,-22.5,7.4464545249938965,225.02084350585938,8.021811485290527,33.500633239746094,7.969271659851074
193.0,-22.5,7.489422798156738,225.03622436523438,8.02164077758789,33.3642578125,7.969271659851074
194.0,-22.5,7.5157694816589355,225.0328826904297,8.021535873413086,33.23073959350586,7.969271659851074
195.0,-22.5,7.544336318969727,225.0292510986328,8.02142333984375,33.09629440307617,7.969271659851074
196.0,-22.5,7.575150489807129,225.0253143310547,8.021300315856934,32.96086120605469,7.969271659851074
197.0,-22.5,7.774387359619141,225.18051147460938,8.020508766174316,32.77770233154297,7.969271659851074
198.0,-22.5,7.774380683898926,225.14126586914062,8.020508766174316,32.64781951904297,7.969271659851074
199.0,-22.5,7.774377346038818,225.09976196289062,8.020508766174316,32.518638610839844,7.969271659851074
200.0,-22.5,7.774364471435547,225.05599975585938,8.020508766174316,32.390201568603516,7.969271659851074
201.0,-22.5,7.774374485015869,225.01002502441406,8.020508766174316,32.262542724609375,7.969271659851074
202.0,-22.5,7.81044340133667,224.99542236328125,8.020365715026855,32.12260055541992,7.969271659851074
203.0,-22.5,7.858558177947998,224.98928833007812,8.020174026489258,31.977773666381836,7.969271659851074
204.0,-22.5,7.909425258636475,224.9828338623047,8.01997184753418,31.831222534179688,7.969271659851074
205.0,-22.5,7.963078022003174,224.9759979248047,8.019759178161621,31.682836532592773,7.969271659851074
206.0,-22.5,8.587875366210938,225.4824981689453,8.0172758102417,31.28957748413086,7.969271659851074
207.0,-22.5,8.651636123657227,225.47439575195312,8.017023086547852,31.126384735107422,7.969271659851074
208.0,-22.5,8.718685150146484,225.4658660888672,8.016756057739258,30.960857391357422,7.969271659851074
209.0,-22.5,8.789149284362793,225.4569091796875,8.01647663116455,30.792848587036133,7.969271659851074
210.0,-22.5,8.863130569458008,225.44749450683594,8.016182899475098,30.62221908569336,7.969271659851074
211.0,-22.5,8.940771102905273,225.4376220703125,8.015873908996582,30.44881820678711,7.969271659851074
212.0,-22.5,9.619176864624023,225.9373016357422,8.013177871704102,29.96225357055664,7.969271659851074
213.0,-22.5,9.710193634033203,225.9257354736328,8.012816429138184,29.77094268798828,7.969271659851074
214.0,-22.5,9.80557632446289,225.9136199951172,8.01243782043457,29.576128005981445,7.969271659851074
215.0,-22.5,9.905464172363281,225.90089416503906,8.012040138244629,29.377620697021484,7.969271659851074
216.0,-22.5,10.010108947753906,225.88760375976562,8.011624336242676,29.175203323364258,7.969271659851074
217.0,-22.5,10.747716903686523,226.3797607421875,8.00869369506836,28.59674835205078,7.969271659851074
218.0,-22.5,10.869538307189941,226.3642578125,8.008210182189941,28.372724533081055,7.969271659851074
219.0,-22.5,11.639698028564453,226.85227966308594,8.005148887634277,27.74542236328125,7.969271659851074
220.0,-22.5,11.781028747558594,226.8343048095703,8.00458812713623,27.49758529663086,7.969271659851074
221.0,-22.5,11.928990364074707,226.81549072265625,8.003999710083008,27.243919372558594,7.969271659851074
222.0,-22.5,12.382649421691895,227.0201873779297,8.002197265625,26.786869049072266,7.969271659851074
223.0,-22.5,12.382651329040527,226.87611389160156,8.002197265625,26.62578582763672,7.969271659851074
224.0,-22.5,12.382606506347656,226.72921752929688,8.002197265625,26.467273712158203,7.969271659851074
225.0,-22.5,12.382648468017578,226.5796356201172,8.002197265625,26.3112850189209,7.969271659851074
226.0,-22.5,12.382699966430664,226.4273681640625,8.002197265625,26.15793228149414,7.969271659851074
227.0,-22.5,12.382650375366211,226.27236938476562,8.002197265625,26.00732421875,7.969271659851074
228.0,-22.5,12.382661819458008,226.1148223876953,8.002197265625,25.859413146972656,7.969271659851074
229.0,-22.5,12.382650375366211,225.95468139648438,8.002197265625,25.71427345275879,7.969271659851074
230.0,-22.5,12.382654190063477,225.79205322265625,8.002197265625,25.571949005126953,7.969271659851074
231.0,-22.5,12.382647514343262,225.626953125,8.002197265625,25.43248748779297,7.969271659851074
232.0,-22.5,12.382648468017578,225.45945739746094,8.002197265625,25.295927047729492,7.969271659851074
233.0,-22.5,12.38265609741211,225.28961181640625,8.002197265625,25.162311553955078,7.969271659851074
234.0,-22.5,12.38265609741211,225.11744689941406,8.002197265625,25.031679153442383,7.969271659851074
235.0,-22.5,12.382644653320312,224.94300842285156,8.002197265625,24.904069900512695,7.969271659851074
236.0,-22.5,12.382701873779297,224.7664337158203,8.002197265625,24.77948760986328,7.969271659851074
237.0,-22.5,12.382646560668945,224.58763122558594,8.002197265625,24.658084869384766,7.969271659851074
238.0,-22.5,12.38265323638916,224.4067840576172,8.002197265625,24.539779663085938,7.969271659851074
239.0,-22.5,12.382652282714844,224.22389221191406,8.002197265625,24.424652099609375,7.969271659851074
240.0,-22.5,12.382695198059082,224.03903198242188,8.002197265625,24.31269073486328,7.969271659851074
241.0,-22.5,12.382654190063477,223.8522186279297,8.002197265625,24.20405387878418,7.969271659851074
242.0,-22.5,12.382650375366211,223.66354370117188,8.002197265625,24.098655700683594,7.969271659851074
243.0,-22.5,12.382698059082031,223.47308349609375,8.002197265625,23.99652099609375,7.969271659851074
244.0,-22.5,12.382650375366211,223.28082275390625,8.002197265625,23.897808074951172,7.969271659851074
245.0,-22.5,12.382651329040527,223.08689880371094,8.002197265625,23.802427291870117,7.969271659851074
246.0,-22.5,12.38265323638916,222.89134216308594,8.002197265625,23.710445404052734,7.969271659851074
247.0,-22.5,12.382611274719238,222.69419860839844,8.002197265625,23.621932983398438,7.969271659851074
248.0,-22.5,12.382649421691895,222.49554443359375,8.002197265625,23.536788940429688,7.969271659851074
249.0,-22.5,12.382699966430664,222.2954559326172,8.002197265625,23.455121994018555,7.969271659851074
250.0,-22.5,12.382647514343262,222.09393310546875,8.002197265625,23.377052307128906,7.969271659851074
251.0,-22.5,12.382699966430664,221.89112854003906,8.002197265625,23.302419662475586,7.969271659851074
252.0,-22.5,12.38265609741211,221.68701171875,8.002197265625,23.231426239013672,7.969271659851074
253.0,-22.5,12.382652282714844,221.481689453125,8.002197265625,23.163963317871094,7.969271659851074
254.0,-22.5,12.382608413696289,221.2752227783203,8.002197265625,23.100135803222656,7.969271659851074
255.0,-22.5,12.382652282714844,221.06768798828125,8.002197265625,23.03983497619629,7.969271659851074
256.0,-22.5,12.382652282714844,220.859130859375,8.002197265625,22.983211517333984,7.969271659851074
257.0,-22.5,12.382697105407715,220.6496124267578,8.002197265625,22.930187225341797,7.969271659851074
258.0,-22.5,12.382652282714844,220.43919372558594,8.002197265625,22.880918502807617,7.969271659851074
259.0,-22.5,12.382696151733398,220.2279510498047,8.002197265625,22.835241317749023,7.969271659851074
260.0,-22.5,12.382744789123535,220.01596069335938,8.002197265625,22.793254852294922,7.969271659851074
261.0,-22.5,12.382606506347656,219.80323791503906,8.002197265625,22.755159378051758,7.969271659851074
262.0,-22.5,12.382697105407715,219.5899200439453,8.002197265625,22.72055435180664,7.969271659851074
263.0,-22.5,12.382604598999023,219.3759765625,8.002197265625,22.689857482910156,7.969271659851074
264.0,-22.5,12.38260269165039,219.16156005859375,8.002197265625,22.662811279296875,7.969271659851074
265.0,-22.5,12.382696151733398,218.9467315673828,8.002197265625,22.63941764831543,7.969271659851074
266.0,-22.5,12.38260555267334,218.73150634765625,8.002197265625,22.619958877563477,7.969271659851074
267.0,-22.5,12.382604598999023,218.51596069335938,8.002197265625,22.604169845581055,7.969271659851074
268.0,-22.5,12.382652282714844,218.30018615722656,8.002197265625,22.59209632873535,7.969271659851074
269.0,-22.5,12.382652282714844,218.084228515625,8.002197265625,22.583837509155273,7.969271659851074
270.0,-22.5,12.38265323638916,217.8681640625,8.002197265625,22.579349517822266,7.969271659851074
271.0,-22.5,12.382652282714844,217.6520538330078,8.002197265625,22.578632354736328,7.969271659851074
272.0,-22.5,12.38265323638916,217.4359588623047,8.002197265625,22.581687927246094,7.969271659851074
273.0,-22.5,12.382698059082031,217.21995544433594,8.002197265625,22.588468551635742,7.969271659851074
274.0,-22.5,12.382650375366211,217.00408935546875,8.002197265625,22.599111557006836,7.969271659851074
275.0,-22.5,12.382606506347656,216.78846740722656,8.002197265625,22.613515853881836,7.969271659851074
276.0,-22.5,12.382654190063477,216.57310485839844,8.002197265625,22.631589889526367,7.969271659851074
277.0,-22.5,12.382647514343262,216.3581085205078,8.002197265625,22.653472900390625,7.969271659851074
278.0,-22.5,12.38260555267334,216.14352416992188,8.002197265625,22.679141998291016,7.969271659851074
279.0,-22.5,12.382698059082031,215.9293975830078,8.002197265625,22.708417892456055,7.969271659851074
280.0,-22.5,12.382560729980469,215.71585083007812,8.002197265625,22.741655349731445,7.969271659851074
281.0,-22.5,12.382651329040527,215.5028839111328,8.002197265625,22.77838706970215,7.969271659851074
282.0,-22.5,12.382607460021973,215.29061889648438,8.002197265625,22.81896209716797,7.969271659851074
283.0,-22.5,12.382655143737793,215.0790557861328,8.002197265625,22.863149642944336,7.969271659851074
284.0,-22.5,12.382652282714844,214.8683319091797,8.002197265625,22.911067962646484,7.969271659851074
285.0,-22.5,12.382647514343262,214.65847778320312,8.002197265625,22.962656021118164,7.969271659851074
286.0,-22.5,12.382698059082031,214.44952392578125,8.002197265625,23.017850875854492,7.969271659851074
287.0,-22.5,12.382649421691895,214.24160766601562,8.002197265625,23.07677459716797,7.969271659851074
288.0,-22.5,12.382608413696289,214.03472900390625,8.002197265625,23.139318466186523,7.969271659851074
289.0,-22.5,12.382603645324707,213.8289794921875,8.002197265625,23.205421447753906,7.969271659851074
290.0,-22.5,12.382698059082031,213.62437438964844,8.002197265625,23.275014877319336,7.969271659851074
291.0,-22.5,12.382608413696289,213.42108154296875,8.002197265625,23.34834098815918,7.969271659851074
292.0,-22.5,12.382652282714844,213.21905517578125,8.002197265625,23.425077438354492,7.969271659851074
293.0,-22.5,12.382699012756348,213.0183868408203,8.002197265625,23.505329132080078,7.969271659851074
294.0,-22.5,12.38265323638916,212.81919860839844,8.002197265625,23.58915138244629,7.969271659851074
295.0,-22.5,12.382655143737793,212.62147521972656,8.002197265625,23.6763973236084,7.969271659851074
296.0,-22.5,12.382654190063477,212.42530822753906,8.002197265625,23.76708221435547,7.969271659851074
297.0,-22.5,12.382694244384766,212.23074340820312,8.002197265625,23.861135482788086,7.969271659851074
298.0,-22.5,12.382652282714844,212.03787231445312,8.002197265625,23.95865249633789,7.969271659851074
299.0,-22.5,12.382658004760742,211.84671020507812,8.002197265625,24.059476852416992,7.969271659851074
300.0,-22.5,12.382612228393555,211.65736389160156,8.002197265625,24.163665771484375,7.969271659851074
301.0,-22.5,12.382606506347656,211.46986389160156,8.002197265625,24.271099090576172,7.969271659851074
302.0,-22.5,12.382608413696289,211.28424072265625,8.002197265625,24.381793975830078,7.969271659851074
303.0,-22.5,12.382645606994629,211.1005859375,8.002197265625,24.49566650390625,7.969271659851074
304.0,-22.5,12.38260555267334,210.91896057128906,8.002197265625,24.612808227539062,7.969271659851074
305.0,-22.5,12.382644653320312,210.7393798828125,8.002197265625,24.73302459716797,7.969271659851074
306.0,-22.5,12.382658004760742,210.56192016601562,8.002197265625,24.856393814086914,7.969271659851074
307.0,-22.5,12.382658004760742,210.38665771484375,8.002197265625,24.98284149169922,7.969271659851074
308.0,-22.5,12.382654190063477,210.21363830566406,8.002197265625,25.112329483032227,7.969271659851074
309.0,-22.5,12.382658004760742,210.0428924560547,8.002197265625,25.24481773376465,7.969271659851074
310.0,-22.5,12.382644653320312,209.87451171875,8.002197265625,25.380264282226562,7.969271659851074
311.0,-22.5,12.382646560668945,209.70849609375,8.002197265625,25.518630981445312,7.969271659851074
312.0,-22.5,12.382645606994629,209.544921875,8.002197265625,25.659875869750977,7.969271659851074
313.0,-22.5,12.382652282714844,209.3838348388672,8.002197265625,25.803945541381836,7.969271659851074
314.0,-22.5,12.382603645324707,209.22532653808594,8.002197265625,25.950843811035156,7.969271659851074
315.0,-22.5,12.382608413696289,209.06936645507812,8.002197265625,26.10045051574707,7.969271659851074
316.0,-22.5,12.382654190063477,208.916015625,8.002197265625,26.252723693847656,7.969271659851074
317.0,-22.5,12.382648468017578,208.765380859375,8.002197265625,26.40768814086914,7.969271659851074
318.0,-22.5,12.382607460021973,208.61749267578125,8.002197265625,26.56528663635254,7.969271659851074
319.0,-22.5,12.382654190063477,208.47232055664062,8.002197265625,26.72537612915039,7.969271659851074
320.0,-22.5,12.382650375366211,208.3300018310547,8.002197265625,26.888010025024414,7.969271659851074
321.0,-22.5,12.382674217224121,208.19052124023438,8.002197265625,27.053083419799805,7.969271659851074
322.0,-22.5,12.382634162902832,208.05398559570312,8.002197265625,27.220617294311523,7.969271659851074
323.0,-22.5,12.382678985595703,207.9203338623047,8.002197265625,27.390445709228516,7.969271659851074
324.0,-22.5,12.382646560668945,207.78973388671875,8.002197265625,27.5626220703125,7.969271659851074
325.0,-22.5,12.38263988494873,207.66212463378906,8.002197265625,27.73705291748047,7.969271659851074
326.0,-22.5,12.382659912109375,207.53756713867188,8.002197265625,27.91365623474121,7.969271659851074
327.0,-22.5,12.382647514343262,207.4161376953125,8.002197265625,28.092424392700195,7.969271659851074
328.0,-22.5,12.382625579833984,207.2978515625,8.002197265625,28.273292541503906,7.969271659851074
329.0,-22.5,12.382637023925781,207.18270874023438,8.002197265625,28.45618438720703,7.969271659851074
330.0,-22.5,12.382659912109375,207.07077026367188,8.002197265625,28.641048431396484,7.969271659851074
331.0,-22.5,12.382623672485352,206.96212768554688,8.002197265625,28.827863693237305,7.969271659851074
332.0,-22.5,12.382630348205566,206.85671997070312,8.002197265625,29.016530990600586,7.969271659851074
333.0,-22.5,12.382636070251465,206.75462341308594,8.002197265625,29.207008361816406,7.969271659851074
334.0,-22.5,12.382657051086426,206.65585327148438,8.002197265625,29.39923095703125,7.969271659851074
335.0,-22.5,12.382658004760742,206.5604705810547,8.002197265625,29.593156814575195,7.969271659851074
336.0,-22.5,12.38265609741211,206.46849060058594,8.002197265625,29.788721084594727,7.969271659851074
337.0,-22.5,12.382647514343262,206.37994384765625,8.002197265625,29.985858917236328,7.969271659851074
338.0,-22.5,12.382659912109375,206.29483032226562,8.002197265625,30.184507369995117,7.969271659851074
339.0,-22.5,12.382658004760742,206.2132110595703,8.002197265625,30.384614944458008,7.969271659851074
340.0,-22.5,12.382652282714844,206.13510131835938,8.002197265625,30.58611488342285,7.969271659851074
341.0,-22.5,12.382678031921387,206.06048583984375,8.002197265625,30.788949966430664,7.969271659851074
342.0,-22.5,12.38265609741211,205.98947143554688,8.002197265625,30.993057250976562,7.969271659851074
343.0,-22.5,12.382620811462402,205.9220428466797,8.002197265625,31.19837760925293,7.969271659851074
344.0,-22.5,12.382638931274414,205.858154296875,8.002197265625,31.40483283996582,7.969271659851074
345.0,-22.5,12.38265609741211,205.79788208007812,8.002197265625,31.612369537353516,7.969271659851074
346.0,-22.5,12.38265323638916,205.7412567138672,8.002197265625,31.820938110351562,7.969271659851074
347.0,-22.5,12.382654190063477,205.6882781982422,8.002197265625,32.03045654296875,7.969271659851074
348.0,-22.5,12.382658958435059,205.6389617919922,8.002197265625,32.24086380004883,7.969271659851074
349.0,-22.5,12.382664680480957,205.59332275390625,8.002197265625,32.45210647583008,7.969271659851074
350.0,-22.5,12.38265609741211,205.5513916015625,8.002197265625,32.66411209106445,7.969271659851074
351.0,-22.5,12.382645606994629,205.51316833496094,8.002197265625,32.8768196105957,7.969271659851074
352.0,-22.5,12.382646560668945,205.47865295410156,8.002197265625,33.09016036987305,7.969271659851074
353.0,-22.5,12.382652282714844,205.44786071777344,8.002197265625,33.30406951904297,7.969271659851074
354.0,-22.5,12.382658004760742,205.42080688476562,8.002197265625,33.51848220825195,7.969271659851074
355.0,-22.5,12.38265609741211,205.3975067138672,8.002197265625,33.733333587646484,7.969271659851074
356.0,-22.5,12.382652282714844,205.37796020507812,8.002197265625,33.94856643676758,7.969271659851074
357.0,-22.5,12.382654190063477,205.36216735839844,8.002197265625,34.164100646972656,7.969271659851074
358.0,-22.5,12.38265323638916,205.3501434326172,8.002197265625,34.379878997802734,7.969271659851074
359.0,-22.5,12.382664680480957,205.3418731689453,8.002197265625,34.59583282470703,7.969271659851074
