angle,vert_angle,dist,x,y,z,height
0.0,22.5,4.600958824157715,218.29823303222656,8.573594093322754,99.58284759521484,8.480761528015137
1.0,22.5,4.592924118041992,218.32803344726562,8.575023651123047,99.50933074951172,8.480761528015137
2.0,22.5,4.585507392883301,218.35704040527344,8.576346397399902,99.43567657470703,8.480761528015137
3.0,22.5,4.563997268676758,218.37216186523438,8.580181121826172,99.35572052001953,8.480761528015137
4.0,22.5,4.538861274719238,218.38247680664062,8.584657669067383,99.27438354492188,8.480761528015137
5.0,22.5,4.514636039733887,218.3920135498047,8.588972091674805,99.19364166259766,8.480761528015137
6.0,22.5,4.491308689117432,218.4008026123047,8.59312629699707,99.11344909667969,8.480761528015137
7.0,22.5,4.4688720703125,218.4088592529297,8.597125053405762,99.03380584716797,8.480761528015137
8.0,22.5,4.447298049926758,218.4161834716797,8.600969314575195,98.9546890258789,8.480761528015137
9.0,22.5,4.439197063446045,218.43450927734375,8.602411270141602,98.88019561767578,8.480761528015137
10.0,22.5,4.489008903503418,218.50559997558594,8.593536376953125,98.82339477539062,8.480761528015137
11.0,22.5,4.540258884429932,218.57730102539062,8.584406852722168,98.76496887207031,8.480761528015137
12.0,22.5,4.592979907989502,218.6496124267578,8.5750150680542,98.70487213134766,8.480761528015137
13.0,22.5,4.647229194641113,218.72256469726562,8.565352439880371,98.64303588867188,8.480761528015137
14.0,22.5,4.655488967895508,218.7508087158203,8.563880920410156,98.56787109375,8.480761528015137
15.0,22.5,4.646413326263428,218.76116943359375,8.565498352050781,98.48816680908203,8.480761528015137
16.0,22.5,4.635190010070801,218.76803588867188,8.567495346069336,98.40800476074219,8.480761528015137
17.0,22.5,4.61978006362915,218.76942443847656,8.57024097442627,98.32711029052734,8.480761528015137
18.0,22.5,4.605107307434082,218.7700653076172,8.572855949401855,98.24658966064453,8.480761528015137
19.0,22.5,4.591139793395996,218.7699432373047,8.575343132019043,98.16643524169922,8.480761528015137
20.0,22.5,4.5778961181640625,218.7690887451172,8.577702522277832,98.08663940429688,8.480761528015137
21.0,22.5,4.5870585441589355,218.78868103027344,8.576068878173828,98.0098876953125,8.480761528015137
22.0,22.5,4.604578018188477,218.81512451171875,8.572949409484863,97.93354797363281,8.480761528015137
23.0,22.5,4.622621059417725,218.8407745361328,8.569737434387207,97.85650634765625,8.480761528015137
24.0,22.5,4.631763935089111,218.8563690185547,8.568106651306152,97.77806854248047,8.480761528015137
25.0,22.5,4.640677452087402,218.87037658691406,8.56651782989502,97.6991958618164,8.480761528015137
26.0,22.5,4.650007724761963,218.8834228515625,8.56485652923584,97.61996459960938,8.480761528015137
27.0,22.5,4.652116775512695,218.8879852294922,8.564482688903809,97.5401840209961,8.480761528015137
28.0,22.5,4.651717662811279,218.88868713378906,8.564550399780273,97.46028900146484,8.480761528015137
29.0,22.5,4.651834964752197,218.8885040283203,8.564532279968262,97.38040924072266,8.480761528015137
30.0,22.5,4.652424335479736,218.88739013671875,8.564427375793457,97.30052185058594,8.480761528015137
31.0,22.5,4.664012432098389,218.89569091796875,8.562362670898438,97.22013854980469,8.480761528015137
32.0,22.5,4.684374809265137,218.91119384765625,8.558735847473145,97.13886260986328,8.480761528015137
33.0,22.5,4.7053728103637695,218.92587280273438,8.55499267578125,97.05693054199219,8.480761528015137
34.0,22.5,4.709990978240967,218.9230499267578,8.554171562194824,96.97600555419922,8.480761528015137
35.0,22.5,4.714110374450684,218.91831970214844,8.553435325622559,96.89512634277344,8.480761528015137
36.0,22.5,4.718935966491699,218.91285705566406,8.552578926086426,96.81416320800781,8.480761528015137
37.0,22.5,4.724395751953125,218.90658569335938,8.551602363586426,96.7331314086914,8.480761528015137
38.0,22.5,4.723049163818359,218.8922882080078,8.551843643188477,96.65327453613281,8.480761528015137
39.0,22.5,4.707925796508789,218.86328125,8.554536819458008,96.57621002197266,8.480761528015137
40.0,22.5,4.693602561950684,218.83375549316406,8.557088851928711,96.49976348876953,8.480761528015137
41.0,22.5,4.680068492889404,218.8037109375,8.559503555297852,96.42391204833984,8.480761528015137
42.0,22.5,4.667271614074707,218.77310180664062,8.561779975891113,96.34864807128906,8.480761528015137
43.0,22.5,4.658065319061279,218.74465942382812,8.563421249389648,96.27325439453125,8.480761528015137
44.0,22.5,4.6636061668396,218.72891235351562,8.5624361038208,96.194580078125,8.480761528015137
45.0,22.5,4.669493675231934,218.71209716796875,8.561386108398438,96.11601257324219,8.480761528015137
46.0,22.5,4.701017379760742,218.71791076660156,8.555769920349121,96.02996826171875,8.480761528015137
47.0,22.5,4.743404388427734,218.732177734375,8.548216819763184,95.93989562988281,8.480761528015137
48.0,22.5,4.786791801452637,218.7455596923828,8.54049015045166,95.84857177734375,8.480761528015137
49.0,22.5,4.831150054931641,218.7579803466797,8.532587051391602,95.75598907470703,8.480761528015137
50.0,22.5,4.868685722351074,218.76226806640625,8.525898933410645,95.66497039794922,8.480761528015137
51.0,22.5,4.901277542114258,218.76023864746094,8.520094871520996,95.57518005371094,8.480761528015137
52.0,22.5,4.934683799743652,218.7571563720703,8.514143943786621,95.48460388183594,8.480761528015137
53.0,22.5,4.968926429748535,218.7530059814453,8.50804328918457,95.39322662353516,8.480761528015137
54.0,22.5,5.004030227661133,218.74777221679688,8.501790046691895,95.30103302001953,8.480761528015137
55.0,22.5,5.0399980545043945,218.74142456054688,8.495382308959961,95.20802307128906,8.480761528015137
56.0,22.5,5.07685661315918,218.73394775390625,8.488815307617188,95.11418151855469,8.480761528015137
57.0,22.5,5.100044250488281,218.71273803710938,8.484685897827148,95.0263900756836,8.480761528015137
58.0,22.5,5.121467113494873,218.68829345703125,8.480867385864258,94.93949127197266,8.480761528015137
59.0,22.5,5.143759250640869,218.6628875732422,8.476897239685059,94.85227966308594,8.480761528015137
60.0,22.5,5.166917324066162,218.63648986816406,8.472771644592285,94.7647476196289,8.480761528015137
61.0,22.5,5.190967559814453,218.60910034179688,8.468489646911621,94.67688751220703,8.480761528015137
62.0,22.5,5.2158966064453125,218.58067321777344,8.464048385620117,94.58869171142578,8.480761528015137
63.0,22.5,5.240875244140625,218.55050659179688,8.459596633911133,94.50061798095703,8.480761528015137
64.0,22.5,5.260115623474121,218.51397705078125,8.456171035766602,94.41603088378906,8.480761528015137
65.0,22.5,5.280561447143555,218.4767303466797,8.452528953552246,94.33111572265625,8.480761528015137
66.0,22.5,5.312408447265625,218.44667053222656,8.446854591369629,94.2397232055664,8.480761528015137
67.0,22.5,5.345033168792725,218.415283203125,8.441043853759766,94.14796447753906,8.480761528015137
68.0,22.5,5.378425598144531,218.3825225830078,8.435093879699707,94.05584716796875,8.480761528015137
69.0,22.5,5.412615776062012,218.348388671875,8.42900276184082,93.96337127685547,8.480761528015137
70.0,22.5,5.447604656219482,218.31283569335938,8.422769546508789,93.87052917480469,8.480761528015137
71.0,22.5,5.4834184646606445,218.27586364746094,8.416390419006348,93.77732849121094,8.480761528015137
72.0,22.5,5.520051956176758,218.23744201660156,8.40986442565918,93.68379211425781,8.480761528015137
73.0,22.5,5.557521820068359,218.19752502441406,8.403188705444336,93.58989715576172,8.480761528015137
74.0,22.5,5.59584903717041,218.1561279296875,8.396361351013184,93.49567413330078,8.480761528015137
75.0,22.5,5.6350321769714355,218.11317443847656,8.38938045501709,93.4011001586914,8.480761528015137
76.0,22.5,5.675116539001465,218.06869506835938,8.382242202758789,93.30619049072266,8.480761528015137
77.0,22.5,5.714635372161865,218.0216827392578,8.375202178955078,93.21202850341797,8.480761528015137
78.0,22.5,5.7564167976379395,217.9739532470703,8.367758750915527,93.1165542602539,8.480761528015137
79.0,22.5,5.793723106384277,217.9212188720703,8.36111068725586,93.02487182617188,8.480761528015137
80.0,22.5,5.829106330871582,217.865234375,8.354808807373047,92.93521881103516,8.480761528015137
81.0,22.5,5.865034103393555,217.80752563476562,8.348406791687012,92.84574890136719,8.480761528015137
82.0,22.5,5.901544570922852,217.7481231689453,8.341902732849121,92.75647735595703,8.480761528015137
83.0,22.5,5.938625335693359,217.68698120117188,8.335298538208008,92.66742706298828,8.480761528015137
84.0,22.5,5.9762701988220215,217.62408447265625,8.328592300415039,92.5786361694336,8.480761528015137
85.0,22.5,6.001504898071289,217.5524139404297,8.3240966796875,92.50080871582031,8.480761528015137
86.0,22.5,6.027176380157471,217.479248046875,8.319523811340332,92.42363739013672,8.480761528015137
87.0,22.5,6.053360939025879,217.40464782714844,8.314860343933105,92.34709930419922,8.480761528015137
88.0,22.5,6.105044364929199,217.3409881591797,8.305651664733887,92.2499771118164,8.480761528015137
89.0,22.5,6.1686110496521,217.28057861328125,8.294326782226562,92.1433334350586,8.480761528015137
90.0,22.5,6.2341790199279785,217.2183074951172,8.282648086547852,92.03550720214844,8.480761528015137
91.0,22.5,6.335865497589111,217.16944885253906,8.264533042907715,91.89666748046875,8.480761528015137
92.0,22.5,6.464104652404785,217.12820434570312,8.24168872833252,91.7344970703125,8.480761528015137
93.0,22.5,6.580142498016357,217.07701110839844,8.221017837524414,91.58296203613281,8.480761528015137
94.0,22.5,6.70076847076416,217.02322387695312,8.199529647827148,91.4273910522461,8.480761528015137
95.0,22.5,6.781622886657715,216.94937133789062,8.185125350952148,91.30789947509766,8.480761528015137
96.0,22.5,6.858232498168945,216.87057495117188,8.171478271484375,91.19303894042969,8.480761528015137
97.0,22.5,6.93105411529541,216.78721618652344,8.158504486083984,91.08255767822266,8.480761528015137
98.0,22.5,6.940965175628662,216.6793212890625,8.15673828125,91.03117370605469,8.480761528015137
99.0,22.5,6.951299667358398,216.5705108642578,8.154898643493652,90.9812240600586,8.480761528015137
100.0,22.5,6.962035655975342,216.4608154296875,8.152985572814941,90.93275451660156,8.480761528015137
101.0,22.5,6.973191738128662,216.3502197265625,8.15099811553955,90.88574981689453,8.480761528015137
102.0,22.5,6.98476505279541,216.23875427246094,8.148937225341797,90.8402328491211,8.480761528015137
103.0,22.5,7.014543056488037,216.13104248046875,8.143632888793945,90.77933502197266,8.480761528015137
104.0,22.5,7.058631896972656,216.0252685546875,8.135777473449707,90.70655059814453,8.480761528015137
105.0,22.5,7.102392196655273,215.9174346923828,8.127982139587402,90.63575744628906,8.480761528015137
106.0,22.5,7.145775318145752,215.8075714111328,8.120254516601562,90.56705474853516,8.480761528015137
107.0,22.5,7.188735008239746,215.69570922851562,8.112601280212402,90.50053405761719,8.480761528015137
108.0,22.5,7.231253623962402,215.58189392089844,8.105027198791504,90.43626403808594,8.480761528015137
109.0,22.5,7.273272514343262,215.46617126464844,8.097541809082031,90.37435150146484,8.480761528015137
110.0,22.5,7.314774036407471,215.3486328125,8.090149879455566,90.31486511230469,8.480761528015137
111.0,22.5,7.355681896209717,215.22926330566406,8.08285903930664,90.25791931152344,8.480761528015137
112.0,22.5,7.389619827270508,215.10748291015625,8.076814651489258,90.20980072021484,8.480761528015137
113.0,22.5,7.4068217277526855,214.98277282714844,8.073749542236328,90.1801528930664,8.480761528015137
114.0,22.5,7.409078121185303,214.85618591308594,8.073348999023438,90.16732788085938,8.480761528015137
115.0,22.5,7.4108567237854,214.7293243408203,8.073031425476074,90.15718078613281,8.480761528015137
116.0,22.5,7.41217041015625,214.60223388671875,8.072797775268555,90.14970397949219,8.480761528015137
117.0,22.5,7.413010120391846,214.47503662109375,8.072649002075195,90.14491271972656,8.480761528015137
118.0,22.5,7.457983493804932,214.3479461669922,8.064637184143066,90.09891510009766,8.480761528015137
119.0,22.5,7.512478351593018,214.21920776367188,8.05492877960205,90.0457763671875,8.480761528015137
120.0,22.5,7.567277431488037,214.08859252929688,8.045166015625,89.99461364746094,8.480761528015137
121.0,22.5,7.622352600097656,213.95616149902344,8.035354614257812,89.94550323486328,8.480761528015137
122.0,22.5,7.6493144035339355,213.82376098632812,8.03055191040039,89.9263687133789,8.480761528015137
123.0,22.5,7.620013236999512,213.69509887695312,8.035772323608398,89.96475982666016,8.480761528015137
124.0,22.5,7.602902412414551,213.5664520263672,8.038820266723633,89.993408203125,8.480761528015137
125.0,22.5,7.602906227111816,213.43666076660156,8.038820266723633,90.00753784179688,8.480761528015137
126.0,22.5,7.602893829345703,213.30712890625,8.038820266723633,90.0239486694336,8.480761528015137
127.0,22.5,7.602907657623291,213.17787170410156,8.038820266723633,90.04259490966797,8.480761528015137
128.0,22.5,7.590363025665283,213.05108642578125,8.041053771972656,90.07566833496094,8.480761528015137
129.0,22.5,7.559566497802734,212.9284210205078,8.046540260314941,90.1285629272461,8.480761528015137
130.0,22.5,7.528649806976318,212.8072509765625,8.052047729492188,90.18360137939453,8.480761528015137
131.0,22.5,7.496050834655762,212.6879425048828,8.057855606079102,90.24224853515625,8.480761528015137
132.0,22.5,7.450250148773193,212.57330322265625,8.066014289855957,90.31546020507812,8.480761528015137
133.0,22.5,7.404069423675537,212.4608154296875,8.074239730834961,90.39083099365234,8.480761528015137
134.0,22.5,7.357555389404297,212.3505096435547,8.082527160644531,90.46826171875,8.480761528015137
135.0,22.5,7.348609924316406,212.23170471191406,8.08411979675293,90.51197814941406,8.480761528015137
136.0,22.5,7.340774059295654,212.11351013183594,8.085515975952148,90.55667114257812,8.480761528015137
137.0,22.5,7.310278415679932,212.0033721923828,8.090949058532715,90.62450408935547,8.480761528015137
138.0,22.5,7.278963088989258,211.89523315429688,8.096527099609375,90.69482421875,8.480761528015137
139.0,22.5,7.247666835784912,211.78880310058594,8.102102279663086,90.76683044433594,8.480761528015137
140.0,22.5,7.2163920402526855,211.6841583251953,8.107673645019531,90.84046173095703,8.480761528015137
141.0,22.5,7.177075386047363,211.58436584472656,8.114677429199219,90.92300415039062,8.480761528015137
142.0,22.5,7.113879203796387,211.49609375,8.125935554504395,91.02852630615234,8.480761528015137
143.0,22.5,7.064934253692627,211.40481567382812,8.134654998779297,91.12238311767578,8.480761528015137
144.0,22.5,7.0159759521484375,211.31594848632812,8.143376350402832,91.21747589111328,8.480761528015137
145.0,22.5,6.967043876647949,211.2294921875,8.152093887329102,91.31371307373047,8.480761528015137
146.0,22.5,6.919071674346924,211.14503479003906,8.160640716552734,91.41022491455078,8.480761528015137
147.0,22.5,6.888761520385742,211.05465698242188,8.166038513183594,91.49256134033203,8.480761528015137
148.0,22.5,6.858572959899902,210.96612548828125,8.171416282653809,91.57610321044922,8.480761528015137
149.0,22.5,6.828507900238037,210.8794403076172,8.176772117614746,91.66082000732422,8.480761528015137
150.0,22.5,6.798567295074463,210.79464721679688,8.18210506439209,91.74665069580078,8.480761528015137
151.0,22.5,6.7556257247924805,210.71868896484375,8.189756393432617,91.84445190429688,8.480761528015137
152.0,22.5,6.693316459655762,210.65565490722656,8.20085620880127,91.9590072631836,8.480761528015137
153.0,22.5,6.631935119628906,210.59500122070312,8.211791038513184,92.07328796386719,8.480761528015137
154.0,22.5,6.573298454284668,210.53562927246094,8.222235679626465,92.1858139038086,8.480761528015137
155.0,22.5,6.544617652893066,210.46142578125,8.227346420288086,92.27513122558594,8.480761528015137
156.0,22.5,6.516096591949463,210.3890838623047,8.232425689697266,92.36531066894531,8.480761528015137
157.0,22.5,6.487774848937988,210.31858825683594,8.237471580505371,92.45628356933594,8.480761528015137
158.0,22.5,6.44650936126709,210.25820922851562,8.244823455810547,92.5579605102539,8.480761528015137
159.0,22.5,6.369956016540527,210.22279357910156,8.258461952209473,92.6865463256836,8.480761528015137
160.0,22.5,6.290705680847168,210.19239807128906,8.272577285766602,92.81683349609375,8.480761528015137
161.0,22.5,6.213077545166016,210.16419982910156,8.286408424377441,92.94554901123047,8.480761528015137
162.0,22.5,6.161626815795898,210.12142944335938,8.295572280883789,93.0551986694336,8.480761528015137
163.0,22.5,6.116890907287598,210.07655334472656,8.303542137145996,93.1602783203125,8.480761528015137
164.0,22.5,6.04923152923584,210.05020141601562,8.315596580505371,93.28133392333984,8.480761528015137
165.0,22.5,5.981625556945801,210.02674865722656,8.32763671875,93.40193939208984,8.480761528015137
166.0,22.5,5.915009498596191,210.00546264648438,8.339506149291992,93.52143859863281,8.480761528015137
167.0,22.5,5.8493452072143555,209.986328125,8.351202964782715,93.63981628417969,8.480761528015137
168.0,22.5,5.784666538238525,209.96925354003906,8.362726211547852,93.75703430175781,8.480761528015137
169.0,22.5,5.720942974090576,209.9542236328125,8.374075889587402,93.8730697631836,8.480761528015137
170.0,22.5,5.658212661743164,209.94113159179688,8.38525104522705,93.98789978027344,8.480761528015137
171.0,22.5,5.596465587615967,209.929931640625,8.396251678466797,94.10150909423828,8.480761528015137
172.0,22.5,5.535691261291504,209.9205780029297,8.407079696655273,94.21388244628906,8.480761528015137
173.0,22.5,5.4758734703063965,209.9130401611328,8.417733192443848,94.32499694824219,8.480761528015137
174.0,22.5,5.435349941253662,209.892333984375,8.42495346069336,94.42469787597656,8.480761528015137
175.0,22.5,5.35877799987793,209.90341186523438,8.438594818115234,94.54363250732422,8.480761528015137
176.0,22.5,5.267175674438477,209.92977905273438,8.454912185668945,94.66915130615234,8.480761528015137
177.0,22.5,5.178834915161133,209.9564208984375,8.470650672912598,94.79118347167969,8.480761528015137
178.0,22.5,5.093584060668945,209.98333740234375,8.485836029052734,94.90989685058594,8.480761528015137
179.0,22.5,5.01131010055542,210.010498046875,8.500492095947266,95.0254135131836,8.480761528015137
180.0,22.5,4.9318766593933105,210.0378875732422,8.514642715454102,95.13787841796875,8.480761528015137
181.0,22.5,4.8747406005859375,210.04837036132812,8.524822235107422,95.23858642578125,8.480761528015137
182.0,22.5,4.860533714294434,210.02317810058594,8.527351379394531,95.31951141357422,8.480761528015137
183.0,22.5,4.846303462982178,209.99952697753906,8.529887199401855,95.4006576538086,8.480761528015137
184.0,22.5,4.832033157348633,209.97743225097656,8.532428741455078,95.48200225830078,8.480761528015137
185.0,22.5,4.806420803070068,209.9671173095703,8.536991119384766,95.5678939819336,8.480761528015137
186.0,22.5,4.775697231292725,209.96311950683594,8.542464256286621,95.65547180175781,8.480761528015137
187.0,22.5,4.72318172454834,209.9808349609375,8.55181884765625,95.75038146972656,8.480761528015137
188.0,22.5,4.645570278167725,210.023681640625,8.565646171569824,95.85269927978516,8.480761528015137
189.0,22.5,4.570755958557129,210.066162109375,8.578972816467285,95.95208740234375,8.480761528015137
190.0,22.5,4.498658657073975,210.10824584960938,8.591819763183594,96.04866027832031,8.480761528015137
191.0,22.5,4.435214996337891,210.14425659179688,8.603120803833008,96.14077758789062,8.480761528015137
192.0,22.5,4.379327297210693,210.175048828125,8.613077163696289,96.22911834716797,8.480761528015137
193.0,22.5,4.3252177238464355,210.20594787597656,8.622716903686523,96.31553649902344,8.480761528015137
194.0,22.5,4.272824287414551,210.23695373535156,8.632050514221191,96.40007781982422,8.480761528015137
195.0,22.5,4.222064018249512,210.26808166503906,8.641090393066406,96.48281860351562,8.480761528015137
196.0,22.5,4.172904014587402,210.29930114746094,8.649846076965332,96.56382751464844,8.480761528015137
197.0,22.5,4.125288486480713,210.3306121826172,8.65832805633545,96.64315032958984,8.480761528015137
198.0,22.5,4.087828636169434,210.35362243652344,8.66500473022461,96.71932983398438,8.480761528015137
199.0,22.5,4.055524826049805,210.37306213378906,8.670757293701172,96.79364013671875,8.480761528015137
200.0,22.5,4.024008750915527,210.3931121826172,8.676375389099121,96.866943359375,8.480761528015137
201.0,22.5,3.9932048320770264,210.413818359375,8.68186092376709,96.93925476074219,8.480761528015137
202.0,22.5,3.963127851486206,210.4351348876953,8.687217712402344,97.01058959960938,8.480761528015137
203.0,22.5,3.933779001235962,210.45703125,8.6924467086792,97.08096313476562,8.480761528015137
204.0,22.5,3.90511417388916,210.47952270507812,8.697551727294922,97.15039825439453,8.480761528015137
205.0,22.5,3.877168655395508,210.50254821777344,8.702532768249512,97.2188949584961,8.480761528015137
206.0,22.5,3.847107172012329,210.52886962890625,8.70788860321045,97.28658294677734,8.480761528015137
207.0,22.5,3.8116989135742188,210.5616455078125,8.714194297790527,97.3533935546875,8.480761528015137
208.0,22.5,3.7772302627563477,210.59466552734375,8.72033405303955,97.41902160644531,8.480761528015137
209.0,22.5,3.743685007095337,210.62791442871094,8.726312637329102,97.48348236083984,8.480761528015137
210.0,22.5,3.711002826690674,210.6614227294922,8.732133865356445,97.54679870605469,8.480761528015137
211.0,22.5,3.679185152053833,210.69515991210938,8.737800598144531,97.60900115966797,8.480761528015137
212.0,22.5,3.642826795578003,210.73440551757812,8.74427604675293,97.66976928710938,8.480761528015137
213.0,22.5,3.60762095451355,210.77352905273438,8.75054931640625,97.72931671142578,8.480761528015137
214.0,22.5,3.5735387802124023,210.81253051757812,8.756619453430176,97.78767395019531,8.480761528015137
215.0,22.5,3.5405845642089844,210.85137939453125,8.762491226196289,97.84489440917969,8.480761528015137
216.0,22.5,3.5086848735809326,210.89012145996094,8.768171310424805,97.9010009765625,8.480761528015137
217.0,22.5,3.47784686088562,210.92872619628906,8.773665428161621,97.95604705810547,8.480761528015137
218.0,22.5,3.450594902038574,210.9647216796875,8.778521537780762,98.0104751586914,8.480761528015137
219.0,22.5,3.4250402450561523,210.99993896484375,8.783075332641602,98.06412506103516,8.480761528015137
220.0,22.5,3.4003636837005615,211.03515625,8.787469863891602,98.11689758300781,8.480761528015137
221.0,22.5,3.376577138900757,211.07034301757812,8.791707038879395,98.16881561279297,8.480761528015137
222.0,22.5,3.353651523590088,211.1055145263672,8.795792579650879,98.21991729736328,8.480761528015137
223.0,22.5,3.3315560817718506,211.14068603515625,8.799729347229004,98.27022552490234,8.480761528015137
224.0,22.5,3.3102643489837646,211.17587280273438,8.803521156311035,98.31977081298828,8.480761528015137
225.0,22.5,3.2897872924804688,211.21104431152344,8.807170867919922,98.36856079101562,8.480761528015137
226.0,22.5,3.270057439804077,211.2462615966797,8.810683250427246,98.4166259765625,8.480761528015137
227.0,22.5,3.253326892852783,211.27940368652344,8.813665390014648,98.46467590332031,8.480761528015137
228.0,22.5,3.2389838695526123,211.3110809326172,8.816218376159668,98.51268005371094,8.480761528015137
229.0,22.5,3.2252848148345947,211.34291076660156,8.818657875061035,98.56011199951172,8.480761528015137
230.0,22.5,3.2122395038604736,211.3748779296875,8.820984840393066,98.60699462890625,8.480761528015137
231.0,22.5,3.1997830867767334,211.40704345703125,8.823202133178711,98.65333557128906,8.480761528015137
232.0,22.5,3.1879537105560303,211.43936157226562,8.825310707092285,98.69915771484375,8.480761528015137
233.0,22.5,3.1767170429229736,211.47186279296875,8.827312469482422,98.74446868896484,8.480761528015137
234.0,22.5,3.166081666946411,211.50453186035156,8.829208374023438,98.7892837524414,8.480761528015137
235.0,22.5,3.1560146808624268,211.5373992919922,8.831000328063965,98.83361053466797,8.480761528015137
236.0,22.5,3.1465301513671875,211.57044982910156,8.832690238952637,98.87747192382812,8.480761528015137
237.0,22.5,3.137622356414795,211.6036834716797,8.834278106689453,98.9208755493164,8.480761528015137
238.0,22.5,3.129261016845703,211.6371307373047,8.835765838623047,98.96382904052734,8.480761528015137
239.0,22.5,3.1214663982391357,211.6707763671875,8.837154388427734,99.00636291503906,8.480761528015137
240.0,22.5,3.1088666915893555,211.7091064453125,8.839397430419922,99.04569244384766,8.480761528015137
241.0,22.5,3.0933306217193604,211.75042724609375,8.842166900634766,99.08259582519531,8.480761528015137
242.0,22.5,3.0784969329833984,211.7916717529297,8.844808578491211,99.11894226074219,8.480761528015137
243.0,22.5,3.0643556118011475,211.8328399658203,8.84732723236084,99.15473937988281,8.480761528015137
244.0,22.5,3.0509066581726074,211.87393188476562,8.849723815917969,99.19001007080078,8.480761528015137
245.0,22.5,3.0381298065185547,211.9149627685547,8.85200023651123,99.22476196289062,8.480761528015137
246.0,22.5,3.0260143280029297,211.95594787597656,8.854159355163574,99.25901794433594,8.480761528015137
247.0,22.5,3.0145299434661865,211.99691772460938,8.856203079223633,99.29278564453125,8.480761528015137
248.0,22.5,3.0037035942077637,212.037841796875,8.858132362365723,99.32608795166016,8.480761528015137
249.0,22.5,2.9935007095336914,212.07876586914062,8.859950065612793,99.35894012451172,8.480761528015137
250.0,22.5,2.9851980209350586,212.1187286376953,8.861429214477539,99.39216613769531,8.480761528015137
251.0,22.5,2.9813039302825928,212.15599060058594,8.862122535705566,99.42753601074219,8.480761528015137
252.0,22.5,2.9780044555664062,212.1934051513672,8.862709045410156,99.46261596679688,8.480761528015137
253.0,22.5,2.975302219390869,212.23095703125,8.863190650939941,99.49739837646484,8.480761528015137
254.0,22.5,2.9732048511505127,212.26866149902344,8.863566398620605,99.53191375732422,8.480761528015137
255.0,22.5,2.9716837406158447,212.30654907226562,8.863838195800781,99.56615447998047,8.480761528015137
256.0,22.5,2.97074818611145,212.34461975097656,8.864005088806152,99.60013580322266,8.480761528015137
257.0,22.5,2.971975803375244,212.38186645507812,8.863784790039062,99.63504028320312,8.480761528015137
258.0,22.5,2.9743924140930176,212.41897583007812,8.86335563659668,99.67019653320312,8.480761528015137
259.0,22.5,2.9773716926574707,212.4563751220703,8.862823486328125,99.70515441894531,8.480761528015137
260.0,22.5,2.9809393882751465,212.4940643310547,8.862188339233398,99.73994445800781,8.480761528015137
261.0,22.5,2.985076904296875,212.5320587158203,8.8614501953125,99.77455139160156,8.480761528015137
262.0,22.5,2.9898126125335693,212.5703582763672,8.860607147216797,99.80900573730469,8.480761528015137
263.0,22.5,2.9951350688934326,212.60897827148438,8.859659194946289,99.84329986572266,8.480761528015137
264.0,22.5,3.001049757003784,212.64794921875,8.858606338500977,99.87745666503906,8.480761528015137
265.0,22.5,3.007556438446045,212.68727111816406,8.85744571685791,99.91146850585938,8.480761528015137
266.0,22.5,3.010197162628174,212.72930908203125,8.856974601745605,99.94163513183594,8.480761528015137
267.0,22.5,3.0122551918029785,212.77220153808594,8.856608390808105,99.97059631347656,8.480761528015137
268.0,22.5,3.0148684978485107,212.8153533935547,8.856143951416016,99.99929809570312,8.480761528015137
269.0,22.5,3.018026828765869,212.8587646484375,8.85558032989502,100.02772521972656,8.480761528015137
270.0,22.5,3.0217509269714355,212.90245056152344,8.854917526245117,100.055908203125,8.480761528015137
271.0,22.5,3.0260238647460938,212.94644165039062,8.854155540466309,100.0838394165039,8.480761528015137
272.0,22.5,3.0308825969696045,212.99070739746094,8.853293418884277,100.11154174804688,8.480761528015137
273.0,22.5,3.03627872467041,213.03530883789062,8.852330207824707,100.13898468017578,8.480761528015137
274.0,22.5,3.04225754737854,213.0802459716797,8.851264953613281,100.16621398925781,8.480761528015137
275.0,22.5,3.0488030910491943,213.12550354003906,8.850098609924316,100.19319915771484,8.480761528015137
276.0,22.5,3.0600056648254395,213.1696014404297,8.848102569580078,100.22367858886719,8.480761528015137
277.0,22.5,3.072148561477661,213.21405029296875,8.845940589904785,100.25431060791016,8.480761528015137
278.0,22.5,3.0848731994628906,213.25904846191406,8.843672752380371,100.28478240966797,8.480761528015137
279.0,22.5,3.0982091426849365,213.3045654296875,8.84129810333252,100.31510162353516,8.480761528015137
280.0,22.5,3.1121585369110107,213.3506317138672,8.838812828063965,100.34526824951172,8.480761528015137
281.0,22.5,3.1267285346984863,213.3972625732422,8.836216926574707,100.37528228759766,8.480761528015137
282.0,22.5,3.1419355869293213,213.44447326660156,8.833507537841797,100.4051513671875,8.480761528015137
283.0,22.5,3.1578028202056885,213.49227905273438,8.830682754516602,100.43489074707031,8.480761528015137
284.0,22.5,3.1743156909942627,213.54071044921875,8.827739715576172,100.4644775390625,8.480761528015137
285.0,22.5,3.1878318786621094,213.59059143066406,8.825331687927246,100.49040985107422,8.480761528015137
286.0,22.5,3.198096990585327,213.641845703125,8.823503494262695,100.51239776611328,8.480761528015137
287.0,22.5,3.208714485168457,213.6935577392578,8.821612358093262,100.53385925292969,8.480761528015137
288.0,22.5,3.2196848392486572,213.7457733154297,8.819657325744629,100.55479431152344,8.480761528015137
289.0,22.5,3.2310187816619873,213.79844665527344,8.817639350891113,100.5751953125,8.480761528015137
290.0,22.5,3.242710590362549,213.85162353515625,8.815556526184082,100.59505462646484,8.480761528015137
291.0,22.5,3.249863624572754,213.90591430664062,8.814281463623047,100.60958099365234,8.480761528015137
292.0,22.5,3.255305528640747,213.96075439453125,8.813312530517578,100.62149810791016,8.480761528015137
293.0,22.5,3.261023998260498,214.01585388183594,8.81229305267334,100.63273620605469,8.480761528015137
294.0,22.5,3.267030954360962,214.07122802734375,8.811223030090332,100.64330291748047,8.480761528015137
295.0,22.5,3.273317813873291,214.12686157226562,8.810102462768555,100.65318298339844,8.480761528015137
296.0,22.5,3.279898166656494,214.1827392578125,8.808931350708008,100.66238403320312,8.480761528015137
297.0,22.5,3.286768913269043,214.23890686035156,8.807707786560059,100.6708984375,8.480761528015137
298.0,22.5,3.2939226627349854,214.29530334472656,8.80643367767334,100.6787109375,8.480761528015137
299.0,22.5,3.3013579845428467,214.3519744873047,8.805107116699219,100.6858139038086,8.480761528015137
300.0,22.5,3.3218865394592285,214.4092559814453,8.801450729370117,100.70480346679688,8.480761528015137
301.0,22.5,3.346181869506836,214.46739196777344,8.797122955322266,100.72647857666016,8.480761528015137
302.0,22.5,3.3756256103515625,214.5266571044922,8.791877746582031,100.75216674804688,8.480761528015137
303.0,22.5,3.4060630798339844,214.58692932128906,8.786457061767578,100.77775573730469,8.480761528015137
304.0,22.5,3.437504529953003,214.6482696533203,8.780854225158691,100.80322265625,8.480761528015137
305.0,22.5,3.4700098037719727,214.710693359375,8.775063514709473,100.82859802246094,8.480761528015137
306.0,22.5,3.50359845161438,214.7742462158203,8.76908016204834,100.85386657714844,8.480761528015137
307.0,22.5,3.5383071899414062,214.83897399902344,8.762897491455078,100.8790283203125,8.480761528015137
308.0,22.5,3.574174642562866,214.90492248535156,8.756508827209473,100.90408325195312,8.480761528015137
309.0,22.5,3.6112258434295654,214.9720916748047,8.749907493591309,100.92902374267578,8.480761528015137
310.0,22.5,3.6489298343658447,215.0404815673828,8.74319076538086,100.95328521728516,8.480761528015137
311.0,22.5,3.661332845687866,215.10440063476562,8.740982055664062,100.95193481445312,8.480761528015137
312.0,22.5,3.6743288040161133,215.1686553955078,8.738667488098145,100.94998168945312,8.480761528015137
313.0,22.5,3.6879000663757324,215.23321533203125,8.736248016357422,100.94740295410156,8.480761528015137
314.0,22.5,3.7020885944366455,215.29811096191406,8.733721733093262,100.94422149658203,8.480761528015137
315.0,22.5,3.7168779373168945,215.36334228515625,8.731087684631348,100.9404067993164,8.480761528015137
316.0,22.5,3.732279062271118,215.42892456054688,8.728342056274414,100.93595123291016,8.480761528015137
317.0,22.5,3.7483162879943848,215.494873046875,8.725485801696777,100.93086242675781,8.480761528015137
318.0,22.5,3.764995813369751,215.5612030029297,8.722516059875488,100.92512512207031,8.480761528015137
319.0,22.5,3.7823128700256348,215.62789916992188,8.719430923461914,100.9187240600586,8.480761528015137
320.0,22.5,3.8002853393554688,215.69500732421875,8.716228485107422,100.9116439819336,8.480761528015137
321.0,22.5,3.818930149078369,215.76251220703125,8.712907791137695,100.90389251708984,8.480761528015137
322.0,22.5,3.8382558822631836,215.8304443359375,8.709465026855469,100.89544677734375,8.480761528015137
323.0,22.5,3.8582732677459717,215.89878845214844,8.705899238586426,100.88630676269531,8.480761528015137
324.0,22.5,3.8789844512939453,215.9675750732422,8.702208518981934,100.8764419555664,8.480761528015137
325.0,22.5,3.900416135787964,216.0368194580078,8.698390007019043,100.86585235595703,8.480761528015137
326.0,22.5,3.922579288482666,216.1065216064453,8.694441795349121,100.85453033447266,8.480761528015137
327.0,22.5,3.9454891681671143,216.17672729492188,8.690361022949219,100.84244537353516,8.480761528015137
328.0,22.5,3.9777369499206543,216.25160217285156,8.684617042541504,100.83692932128906,8.480761528015137
329.0,22.5,3.99314022064209,216.31837463378906,8.68187427520752,100.81558227539062,8.480761528015137
330.0,22.5,4.002774715423584,216.3820037841797,8.680156707763672,100.7881088256836,8.480761528015137
331.0,22.5,4.012740135192871,216.44546508789062,8.67838191986084,100.75971221923828,8.480761528015137
332.0,22.5,4.023016929626465,216.50872802734375,8.676548957824707,100.73037719726562,8.480761528015137
333.0,22.5,4.03364372253418,216.5718231201172,8.674657821655273,100.70011901855469,8.480761528015137
334.0,22.5,4.044591903686523,216.63470458984375,8.672707557678223,100.6689224243164,8.480761528015137
335.0,22.5,4.061890602111816,216.700927734375,8.66962718963623,100.64152526855469,8.480761528015137
336.0,22.5,4.086374759674072,216.77120971679688,8.665262222290039,100.61840057373047,8.480761528015137
337.0,22.5,4.105860710144043,216.83834838867188,8.661792755126953,100.5899429321289,8.480761528015137
338.0,22.5,4.1226396560668945,216.90353393554688,8.658803939819336,100.55805969238281,8.480761528015137
339.0,22.5,4.139904975891113,216.9686737060547,8.655725479125977,100.52523040771484,8.480761528015137
340.0,22.5,4.157687187194824,217.03379821777344,8.652558326721191,100.49144744873047,8.480761528015137
341.0,22.5,4.181114196777344,217.10232543945312,8.648386001586914,100.46040344238281,8.480761528015137
342.0,22.5,4.212779998779297,217.1761932373047,8.642745971679688,100.43375396728516,8.480761528015137
343.0,22.5,4.245282173156738,217.25054931640625,8.636957168579102,100.4060287475586,8.480761528015137
344.0,22.5,4.278632640838623,217.3253936767578,8.631013870239258,100.37720489501953,8.480761528015137
345.0,22.5,4.3128743171691895,217.40077209472656,8.624914169311523,100.34725189208984,8.480761528015137
346.0,22.5,4.348015785217285,217.47666931152344,8.61865520477295,100.31615447998047,8.480761528015137
347.0,22.5,4.362955570220947,217.5374755859375,8.615994453430176,100.27017211914062,8.480761528015137
348.0,22.5,4.371304988861084,217.59268188476562,8.614505767822266,100.21875762939453,8.480761528015137
349.0,22.5,4.375969886779785,217.64427185058594,8.61367416381836,100.16397857666016,8.480761528015137
350.0,22.5,4.377594947814941,217.69261169433594,8.613385200500488,100.10637664794922,8.480761528015137
351.0,22.5,4.379488945007324,217.7401580810547,8.613048553466797,100.04808807373047,8.480761528015137
352.0,22.5,4.397258758544922,217.79928588867188,8.609882354736328,99.99820709228516,8.480761528015137
353.0,22.5,4.468803405761719,217.90090942382812,8.597136497497559,99.97761535644531,8.480761528015137
354.0,22.5,4.524930000305176,217.99032592773438,8.587137222290039,99.94569396972656,8.480761528015137
355.0,22.5,4.548483848571777,218.05291748046875,8.582942962646484,99.8938217163086,8.480761528015137
356.0,22.5,4.572875022888184,218.11550903320312,8.578597068786621,99.8409652709961,8.480761528015137
357.0,22.5,4.592166900634766,218.173095703125,8.575160026550293,99.78407287597656,8.480761528015137
358.0,22.5,4.5961151123046875,218.21681213378906,8.574456214904785,99.7182846069336,8.480761528015137
359.0,22.5,4.600718975067139,218.25997924804688,8.573637008666992,99.65198516845703,8.480761528015137
0.0,16.875,5.43027400970459,219.016845703125,8.678698539733887,100.05216979980469,8.480761528015137
1.0,16.875,5.404115676879883,219.03887939453125,8.682141304016113,99.95745086669922,8.480761528015137
2.0,16.875,5.379038333892822,219.05999755859375,8.685441017150879,99.8632583618164,8.480761528015137
3.0,16.875,5.355011940002441,219.08021545410156,8.68860149383545,99.76954650878906,8.480761528015137
4.0,16.875,5.332030773162842,219.09954833984375,8.69162368774414,99.67632293701172,8.480761528015137
5.0,16.875,5.308434963226318,219.1165313720703,8.69472885131836,99.5828857421875,8.480761528015137
6.0,16.875,5.380468845367432,219.2189483642578,8.685253143310547,99.52665710449219,8.480761528015137
7.0,16.875,5.459850311279297,219.3275909423828,8.674805641174316,99.47024536132812,8.480761528015137
8.0,16.875,5.541844367980957,219.4381561279297,8.664018630981445,99.4115982055664,8.480761528015137
9.0,16.875,5.5719523429870605,219.49986267089844,8.660056114196777,99.33206176757812,8.480761528015137
10.0,16.875,5.543140411376953,219.50514221191406,8.663846969604492,99.23189544677734,8.480761528015137
11.0,16.875,5.515384674072266,219.50950622558594,8.667499542236328,99.13245391845703,8.480761528015137
12.0,16.875,5.488644599914551,219.51295471191406,8.67101764678955,99.03369903564453,8.480761528015137
13.0,16.875,5.473880767822266,219.5259552001953,8.672962188720703,98.93862915039062,8.480761528015137
14.0,16.875,5.461240291595459,219.5392608642578,8.674625396728516,98.84413146972656,8.480761528015137
15.0,16.875,5.438190460205078,219.5408477783203,8.677656173706055,98.74713134765625,8.480761528015137
16.0,16.875,5.415313243865967,219.5408172607422,8.680667877197266,98.6505355834961,8.480761528015137
17.0,16.875,5.393465995788574,219.54000854492188,8.683542251586914,98.55457305908203,8.480761528015137
18.0,16.875,5.372645378112793,219.5384521484375,8.686281204223633,98.45919036865234,8.480761528015137
19.0,16.875,5.376094818115234,219.55885314941406,8.685827255249023,98.368408203125,8.480761528015137
20.0,16.875,5.384148120880127,219.58218383789062,8.684767723083496,98.27794647216797,8.480761528015137
21.0,16.875,5.3753862380981445,219.5874481201172,8.685919761657715,98.18461608886719,8.480761528015137
22.0,16.875,5.367679595947266,219.59210205078125,8.686935424804688,98.09147644042969,8.480761528015137
23.0,16.875,5.360988616943359,219.5961151123047,8.687814712524414,97.99851989746094,8.480761528015137
24.0,16.875,5.355334281921387,219.59951782226562,8.688559532165527,97.90570831298828,8.480761528015137
25.0,16.875,5.350708484649658,219.60231018066406,8.689168930053711,97.81301879882812,8.480761528015137
26.0,16.875,5.347075939178467,219.60446166992188,8.689643859863281,97.72042846679688,8.480761528015137
27.0,16.875,5.344507217407227,219.60604858398438,8.689985275268555,97.62792205810547,8.480761528015137
28.0,16.875,5.342922687530518,219.60699462890625,8.690193176269531,97.53546142578125,8.480761528015137
29.0,16.875,5.342350482940674,219.60733032226562,8.690267562866211,97.44302368164062,8.480761528015137
30.0,16.875,5.342790126800537,219.6070556640625,8.69020938873291,97.3505859375,8.480761528015137
31.0,16.875,5.344257354736328,219.60618591308594,8.690017700195312,97.25813293457031,8.480761528015137
32.0,16.875,5.346708297729492,219.60467529296875,8.689691543579102,97.16563415527344,8.480761528015137
33.0,16.875,5.350208282470703,219.6025848388672,8.689231872558594,97.07305145263672,8.480761528015137
34.0,16.875,5.354714870452881,219.59986877441406,8.688638687133789,96.98037719726562,8.480761528015137
35.0,16.875,5.360248565673828,219.59654235839844,8.687911033630371,96.88758850097656,8.480761528015137
36.0,16.875,5.366819858551025,219.5926055908203,8.687047958374023,96.79464721679688,8.480761528015137
37.0,16.875,5.3744049072265625,219.58802795410156,8.68604850769043,96.70153045654297,8.480761528015137
38.0,16.875,5.383059501647949,219.58285522460938,8.684911727905273,96.60822296142578,8.480761528015137
39.0,16.875,5.396265029907227,219.58047485351562,8.683174133300781,96.51409912109375,8.480761528015137
40.0,16.875,5.427100658416748,219.59356689453125,8.679117202758789,96.41647338867188,8.480761528015137
41.0,16.875,5.459125518798828,219.6060028076172,8.67490005493164,96.31787872314453,8.480761528015137
42.0,16.875,5.492427349090576,219.61782836914062,8.670519828796387,96.21824645996094,8.480761528015137
43.0,16.875,5.526993274688721,219.62899780273438,8.665971755981445,96.11756896972656,8.480761528015137
44.0,16.875,5.562849521636963,219.63949584960938,8.661252975463867,96.01580810546875,8.480761528015137
45.0,16.875,5.581009864807129,219.6311798095703,8.658863067626953,95.91808319091797,8.480761528015137
46.0,16.875,5.598644256591797,219.62057495117188,8.656543731689453,95.82038116455078,8.480761528015137
47.0,16.875,5.617453098297119,219.60928344726562,8.654069900512695,95.72222900390625,8.480761528015137
48.0,16.875,5.637417793273926,219.59725952148438,8.65144157409668,95.62360382080078,8.480761528015137
49.0,16.875,5.658595085144043,219.58453369140625,8.648655891418457,95.52447509765625,8.480761528015137
50.0,16.875,5.680973529815674,219.57106018066406,8.645710945129395,95.4248046875,8.480761528015137
51.0,16.875,5.703464508056641,219.55581665039062,8.642751693725586,95.32499694824219,8.480761528015137
52.0,16.875,5.72112512588501,219.53427124023438,8.64042854309082,95.22696685791016,8.480761528015137
53.0,16.875,5.7400288581848145,219.51202392578125,8.637941360473633,95.12854766845703,8.480761528015137
54.0,16.875,5.760178565979004,219.48904418945312,8.63528823852539,95.02970886230469,8.480761528015137
55.0,16.875,5.781621932983398,219.46534729003906,8.632467269897461,94.93041229248047,8.480761528015137
56.0,16.875,5.804360389709473,219.44090270996094,8.629474639892578,94.83063507080078,8.480761528015137
57.0,16.875,5.828434944152832,219.41571044921875,8.62630844116211,94.73033142089844,8.480761528015137
58.0,16.875,5.853841781616211,219.3897247314453,8.622964859008789,94.62947082519531,8.480761528015137
59.0,16.875,5.880617618560791,219.36294555664062,8.619441032409668,94.52802276611328,8.480761528015137
60.0,16.875,5.9087982177734375,219.33535766601562,8.61573314666748,94.42594146728516,8.480761528015137
61.0,16.875,5.938408851623535,219.30694580078125,8.611837387084961,94.32319641113281,8.480761528015137
62.0,16.875,5.9694623947143555,219.2776641845703,8.60775089263916,94.21974182128906,8.480761528015137
63.0,16.875,6.001993179321289,219.24749755859375,8.603469848632812,94.11554718017578,8.480761528015137
64.0,16.875,6.036061763763428,219.21646118164062,8.598987579345703,94.01057434082031,8.480761528015137
65.0,16.875,6.071679592132568,219.1844940185547,8.594301223754883,93.90476989746094,8.480761528015137
66.0,16.875,6.108878135681152,219.1515655517578,8.589405059814453,93.798095703125,8.480761528015137
67.0,16.875,6.156551361083984,219.1245880126953,8.583134651184082,93.68512725830078,8.480761528015137
68.0,16.875,6.215073585510254,219.10348510742188,8.575432777404785,93.56523132324219,8.480761528015137
69.0,16.875,6.2756781578063965,219.08123779296875,8.567459106445312,93.44361877441406,8.480761528015137
70.0,16.875,6.338409423828125,219.0577850341797,8.559205055236816,93.32023620605469,8.480761528015137
71.0,16.875,6.40333890914917,219.0330810546875,8.550660133361816,93.19500732421875,8.480761528015137
72.0,16.875,6.483901500701904,219.01678466796875,8.540060043334961,93.05884552001953,8.480761528015137
73.0,16.875,6.571811676025391,219.0023956298828,8.52849292755127,92.91691589355469,8.480761528015137
74.0,16.875,6.662989616394043,218.9867706298828,8.516496658325195,92.77189636230469,8.480761528015137
75.0,16.875,6.75755500793457,218.96981811523438,8.50405216217041,92.62364196777344,8.480761528015137
76.0,16.875,6.82028341293335,218.92755126953125,8.495798110961914,92.49764251708984,8.480761528015137
77.0,16.875,6.8697381019592285,218.87347412109375,8.489290237426758,92.38143157958984,8.480761528015137
78.0,16.875,6.921052932739258,218.81796264648438,8.482540130615234,92.26423645019531,8.480761528015137
79.0,16.875,6.965208053588867,218.75515747070312,8.476730346679688,92.15287017822266,8.480761528015137
80.0,16.875,7.009746074676514,218.6900634765625,8.470869064331055,92.04183197021484,8.480761528015137
81.0,16.875,7.0688371658325195,218.63134765625,8.463094711303711,91.92012023925781,8.480761528015137
82.0,16.875,7.140519142150879,218.5772247314453,8.453662872314453,91.78886413574219,8.480761528015137
83.0,16.875,7.2112627029418945,218.51927185058594,8.444353103637695,91.65858459472656,8.480761528015137
84.0,16.875,7.2820844650268555,218.45809936523438,8.43503475189209,91.52855682373047,8.480761528015137
85.0,16.875,7.356675624847412,218.395751953125,8.425219535827637,91.39582824707031,8.480761528015137
86.0,16.875,7.449531078338623,218.3398895263672,8.41300106048584,91.2483139038086,8.480761528015137
87.0,16.875,7.55961799621582,218.28919982910156,8.398515701293945,91.08647155761719,8.480761528015137
88.0,16.875,7.696560382843018,218.24778747558594,8.380497932434082,90.90172576904297,8.480761528015137
89.0,16.875,7.820359230041504,218.19459533691406,8.36420726776123,90.7278060913086,8.480761528015137
90.0,16.875,7.9342851638793945,218.1317596435547,8.34921646118164,90.56233978271484,8.480761528015137
91.0,16.875,8.052249908447266,218.06619262695312,8.333695411682129,90.39351654052734,8.480761528015137
92.0,16.875,8.164753913879395,217.99342346191406,8.318892478942871,90.22974395751953,8.480761528015137
93.0,16.875,8.238758087158203,217.8992919921875,8.309154510498047,90.10067749023438,8.480761528015137
94.0,16.875,8.289684295654297,217.79208374023438,8.302453994750977,89.99344635009766,8.480761528015137
95.0,16.875,8.341669082641602,217.68264770507812,8.295613288879395,89.88677978515625,8.480761528015137
96.0,16.875,8.3947172164917,217.57095336914062,8.2886323928833,89.78070831298828,8.480761528015137
97.0,16.875,8.44886589050293,217.4569854736328,8.281508445739746,89.67523956298828,8.480761528015137
98.0,16.875,8.613065719604492,217.3795166015625,8.259902954101562,89.46961975097656,8.480761528015137
99.0,16.875,8.821025848388672,217.3107147216797,8.232540130615234,89.22364807128906,8.480761528015137
100.0,16.875,8.989615440368652,217.22146606445312,8.210355758666992,89.01458740234375,8.480761528015137
101.0,16.875,9.07831859588623,217.10128784179688,8.198684692382812,88.88148498535156,8.480761528015137
102.0,16.875,9.168549537658691,216.977783203125,8.186811447143555,88.74858856201172,8.480761528015137
103.0,16.875,9.260324478149414,216.8509063720703,8.174736022949219,88.61595153808594,8.480761528015137
104.0,16.875,9.384113311767578,216.7284393310547,8.158448219299316,88.45447540283203,8.480761528015137
105.0,16.875,9.505602836608887,216.60055541992188,8.142461776733398,88.29683685302734,8.480761528015137
106.0,16.875,9.630837440490723,216.46873474121094,8.125982284545898,88.13734436035156,8.480761528015137
107.0,16.875,9.759958267211914,216.3328399658203,8.108993530273438,87.97593688964844,8.480761528015137
108.0,16.875,9.867169380187988,216.18777465820312,8.094886779785156,87.8377914428711,8.480761528015137
109.0,16.875,9.918984413146973,216.02894592285156,8.088068008422852,87.75593566894531,8.480761528015137
110.0,16.875,9.95775032043457,215.86575317382812,8.082967758178711,87.68948364257812,8.480761528015137
111.0,16.875,9.996919631958008,215.70083618164062,8.077814102172852,87.62539672851562,8.480761528015137
112.0,16.875,10.036498069763184,215.53419494628906,8.072607040405273,87.56370544433594,8.480761528015137
113.0,16.875,10.076465606689453,215.36587524414062,8.067346572875977,87.50447082519531,8.480761528015137
114.0,16.875,10.116847038269043,215.19590759277344,8.062033653259277,87.44770812988281,8.480761528015137
115.0,16.875,10.161011695861816,215.02450561523438,8.056222915649414,87.39012145996094,8.480761528015137
116.0,16.875,10.242304801940918,214.8533477783203,8.045524597167969,87.29873657226562,8.480761528015137
117.0,16.875,10.32499885559082,214.6792755126953,8.03464412689209,87.20890045166016,8.480761528015137
118.0,16.875,10.409092903137207,214.5022430419922,8.023578643798828,87.12068939208984,8.480761528015137
119.0,16.875,10.4324312210083,214.32217407226562,8.020508766174316,87.09579467773438,8.480761528015137
120.0,16.875,10.4324312210083,214.1416778564453,8.020508766174316,87.09718322753906,8.480761528015137
121.0,16.875,10.432435035705566,213.9612579345703,8.020508766174316,87.10171508789062,8.480761528015137
122.0,16.875,10.453169822692871,213.77987670898438,8.017780303955078,87.08887481689453,8.480761528015137
123.0,16.875,10.496753692626953,213.59637451171875,8.012044906616211,87.05662536621094,8.480761528015137
124.0,16.875,10.540645599365234,213.4115753173828,8.006269454956055,87.02733612060547,8.480761528015137
125.0,16.875,10.571592330932617,213.22683715820312,8.002197265625,87.01411437988281,8.480761528015137
126.0,16.875,10.571601867675781,213.0450897216797,8.002197265625,87.03462219238281,8.480761528015137
127.0,16.875,10.571587562561035,212.86373901367188,8.002197265625,87.05831909179688,8.480761528015137
128.0,16.875,10.57159423828125,212.6828155517578,8.002197265625,87.08515930175781,8.480761528015137
129.0,16.875,10.571587562561035,212.5023956298828,8.002197265625,87.11516571044922,8.480761528015137
130.0,16.875,10.5715913772583,212.322509765625,8.002197265625,87.14830780029297,8.480761528015137
131.0,16.875,10.5715970993042,212.14324951171875,8.002197265625,87.18457794189453,8.480761528015137
132.0,16.875,10.571588516235352,211.96463012695312,8.002197265625,87.22399139404297,8.480761528015137
133.0,16.875,10.5715970993042,211.7867431640625,8.002197265625,87.26649475097656,8.480761528015137
134.0,16.875,10.571592330932617,211.609619140625,8.002197265625,87.3121109008789,8.480761528015137
135.0,16.875,10.530158996582031,211.44459533691406,8.007649421691895,87.40029907226562,8.480761528015137
136.0,16.875,10.46643352508545,211.28826904296875,8.016035079956055,87.51229095458984,8.480761528015137
137.0,16.875,10.432428359985352,211.1259002685547,8.020508766174316,87.5986328125,8.480761528015137
138.0,16.875,10.432432174682617,210.9546661376953,8.020508766174316,87.65572357177734,8.480761528015137
139.0,16.875,10.432435989379883,210.78445434570312,8.020508766174316,87.7157974243164,8.480761528015137
140.0,16.875,10.432428359985352,210.61532592773438,8.020508766174316,87.77883911132812,8.480761528015137
141.0,16.875,10.4324369430542,210.4473114013672,8.020508766174316,87.84481048583984,8.480761528015137
142.0,16.875,10.406872749328613,210.29037475585938,8.023871421813965,87.93704223632812,8.480761528015137
143.0,16.875,10.342984199523926,210.15087890625,8.032278060913086,88.0665512084961,8.480761528015137
144.0,16.875,10.279454231262207,210.01451110839844,8.04063892364502,88.19770050048828,8.480761528015137
145.0,16.875,10.21628189086914,209.88131713867188,8.048949241638184,88.33040618896484,8.480761528015137
146.0,16.875,10.153518676757812,209.75123596191406,8.057208061218262,88.4645767211914,8.480761528015137
147.0,16.875,10.091176986694336,209.62429809570312,8.065411567687988,88.6001205444336,8.480761528015137
148.0,16.875,10.029268264770508,209.50045776367188,8.07355785369873,88.73698425292969,8.480761528015137
149.0,16.875,9.967796325683594,209.3797607421875,8.081645965576172,88.87507629394531,8.480761528015137
150.0,16.875,9.906793594360352,209.26217651367188,8.089672088623047,89.01431274414062,8.480761528015137
151.0,16.875,9.846278190612793,209.14767456054688,8.097635269165039,89.15462493896484,8.480761528015137
152.0,16.875,9.786250114440918,209.0362548828125,8.105533599853516,89.29595184326172,8.480761528015137
153.0,16.875,9.726736068725586,208.92791748046875,8.113365173339844,89.43819427490234,8.480761528015137
154.0,16.875,9.667725563049316,208.8226318359375,8.12112808227539,89.5813217163086,8.480761528015137
155.0,16.875,9.544853210449219,208.75784301757812,8.137297630310059,89.77693176269531,8.480761528015137
156.0,16.875,9.369019508361816,208.72975158691406,8.160433769226074,90.01433563232422,8.480761528015137
157.0,16.875,9.20376205444336,208.70176696777344,8.182178497314453,90.24208068847656,8.480761528015137
158.0,16.875,9.179931640625,208.59190368652344,8.185314178466797,90.35944366455078,8.480761528015137
159.0,16.875,9.179929733276367,208.46923828125,8.185314178466797,90.4603500366211,8.480761528015137
160.0,16.875,9.179938316345215,208.34835815429688,8.185314178466797,90.56336212158203,8.480761528015137
161.0,16.875,9.07519817352295,208.29869079589844,8.19909381866455,90.74571228027344,8.480761528015137
162.0,16.875,8.884712219238281,208.31146240234375,8.22415828704834,90.98989868164062,8.480761528015137
163.0,16.875,8.712398529052734,208.31837463378906,8.246831893920898,91.21859741210938,8.480761528015137
164.0,16.875,8.63719367980957,208.26341247558594,8.25672721862793,91.37690734863281,8.480761528015137
165.0,16.875,8.598625183105469,208.18603515625,8.261802673339844,91.50997161865234,8.480761528015137
166.0,16.875,8.49404525756836,208.15927124023438,8.275562286376953,91.68855285644531,8.480761528015137
167.0,16.875,8.352184295654297,208.16427612304688,8.294230461120605,91.8910140991211,8.480761528015137
168.0,16.875,8.23654556274414,208.15484619140625,8.309446334838867,92.0744400024414,8.480761528015137
169.0,16.875,8.118890762329102,208.15145874023438,8.32492733001709,92.25775909423828,8.480761528015137
170.0,16.875,7.99117374420166,208.16030883789062,8.341731071472168,92.44583129882812,8.480761528015137
171.0,16.875,7.8383097648620605,208.1934356689453,8.361847877502441,92.64736938476562,8.480761528015137
172.0,16.875,7.651218414306641,208.25877380371094,8.38646411895752,92.86663818359375,8.480761528015137
173.0,16.875,7.581333637237549,208.23593139648438,8.395658493041992,93.01374053955078,8.480761528015137
174.0,16.875,7.511857986450195,208.2160186767578,8.404801368713379,93.16001892089844,8.480761528015137
175.0,16.875,7.481457710266113,208.16726684570312,8.40880012512207,93.28392028808594,8.480761528015137
176.0,16.875,7.365314483642578,208.19219970703125,8.424084663391113,93.45459747314453,8.480761528015137
177.0,16.875,7.227963447570801,208.239013671875,8.442156791687012,93.63426971435547,8.480761528015137
178.0,16.875,7.064174652099609,208.31265258789062,8.46370792388916,93.82459259033203,8.480761528015137
179.0,16.875,6.849236488342285,208.43492126464844,8.49199104309082,94.03656768798828,8.480761528015137
180.0,16.875,6.646759986877441,208.55191040039062,8.518630981445312,94.23713684082031,8.480761528015137
181.0,16.875,6.524155616760254,208.60418701171875,8.534764289855957,94.39530944824219,8.480761528015137
182.0,16.875,6.494746208190918,208.5779266357422,8.5386323928833,94.50863647460938,8.480761528015137
183.0,16.875,6.468122482299805,208.5513916015625,8.542136192321777,94.62074279785156,8.480761528015137
184.0,16.875,6.441492557525635,208.5270233154297,8.54564094543457,94.73287963867188,8.480761528015137
185.0,16.875,6.406551837921143,208.5123291015625,8.550238609313965,94.8483657836914,8.480761528015137
186.0,16.875,6.290746688842773,208.5736541748047,8.565475463867188,94.99492645263672,8.480761528015137
187.0,16.875,6.16035795211792,208.6516876220703,8.582633018493652,95.14398956298828,8.480761528015137
188.0,16.875,6.026233673095703,208.73660278320312,8.60028076171875,95.29088592529297,8.480761528015137
189.0,16.875,5.897864818572998,208.81951904296875,8.617172241210938,95.43215942382812,8.480761528015137
190.0,16.875,5.798478126525879,208.87847900390625,8.630247116088867,95.56048583984375,8.480761528015137
191.0,16.875,5.731000900268555,208.91014099121094,8.639128684997559,95.67633056640625,8.480761528015137
192.0,16.875,5.665380954742432,208.94241333007812,8.6477632522583,95.78994750976562,8.480761528015137
193.0,16.875,5.599538803100586,208.97720336914062,8.656425476074219,95.90194702148438,8.480761528015137
194.0,16.875,5.524984359741211,209.0225830078125,8.666236877441406,96.01448059082031,8.480761528015137
195.0,16.875,5.452851295471191,209.0679168701172,8.675724983215332,96.12437438964844,8.480761528015137
196.0,16.875,5.383126258850098,209.11312866210938,8.68490219116211,96.23170471191406,8.480761528015137
197.0,16.875,5.315661907196045,209.1582794189453,8.693779945373535,96.33657836914062,8.480761528015137
198.0,16.875,5.239661693572998,209.2137908935547,8.703777313232422,96.44113159179688,8.480761528015137
199.0,16.875,5.156652927398682,209.2781982421875,8.714701652526855,96.54463195800781,8.480761528015137
200.0,16.875,5.076316833496094,209.34202575683594,8.725272178649902,96.64514923095703,8.480761528015137
201.0,16.875,5.01177453994751,209.39230346679688,8.7337646484375,96.740966796875,8.480761528015137
202.0,16.875,4.9560065269470215,209.43576049804688,8.74110221862793,96.8337173461914,8.480761528015137
203.0,16.875,4.901659965515137,209.4795379638672,8.74825382232666,96.92459106445312,8.480761528015137
204.0,16.875,4.848681449890137,209.5236358642578,8.755223274230957,97.01362609863281,8.480761528015137
205.0,16.875,4.784347057342529,209.58058166503906,8.763690948486328,97.10176086425781,8.480761528015137
206.0,16.875,4.718591690063477,209.64053344726562,8.77234172821045,97.18785858154297,8.480761528015137
207.0,16.875,4.65604305267334,209.6988525390625,8.780572891235352,97.27164459228516,8.480761528015137
208.0,16.875,4.605135917663574,209.7471160888672,8.787269592285156,97.35310363769531,8.480761528015137
209.0,16.875,4.54649019241333,209.80447387695312,8.794986724853516,97.43283081054688,8.480761528015137
210.0,16.875,4.483997344970703,209.8670196533203,8.80320930480957,97.5104751586914,8.480761528015137
211.0,16.875,4.423636436462402,209.92877197265625,8.811151504516602,97.58600616455078,8.480761528015137
212.0,16.875,4.365322589874268,209.98976135253906,8.818824768066406,97.65950775146484,8.480761528015137
213.0,16.875,4.308976173400879,210.05001831054688,8.826239585876465,97.73104858398438,8.480761528015137
214.0,16.875,4.254519462585449,210.1095733642578,8.833404541015625,97.80073547363281,8.480761528015137
215.0,16.875,4.207138538360596,210.16326904296875,8.839639663696289,97.86914825439453,8.480761528015137
216.0,16.875,4.176437854766846,210.20164489746094,8.84367847442627,97.93780517578125,8.480761528015137
217.0,16.875,4.1466474533081055,210.24024963378906,8.847599983215332,98.00537109375,8.480761528015137
218.0,16.875,4.117713451385498,210.27911376953125,8.85140609741211,98.0718765258789,8.480761528015137
219.0,16.875,4.089644432067871,210.31820678710938,8.855100631713867,98.1373519897461,8.480761528015137
220.0,16.875,4.061351299285889,210.3585662841797,8.8588228225708,98.20161437988281,8.480761528015137
221.0,16.875,4.028112411499023,210.4047393798828,8.863197326660156,98.26366424560547,8.480761528015137
222.0,16.875,3.995734214782715,210.45103454589844,8.867457389831543,98.32453155517578,8.480761528015137
223.0,16.875,3.964205741882324,210.4974365234375,8.871604919433594,98.38423919677734,8.480761528015137
224.0,16.875,3.934462070465088,210.54302978515625,8.875520706176758,98.44306182861328,8.480761528015137
225.0,16.875,3.914637804031372,210.58004760742188,8.878128051757812,98.5032730102539,8.480761528015137
226.0,16.875,3.8953330516815186,210.61752319335938,8.880667686462402,98.56266021728516,8.480761528015137
227.0,16.875,3.8765294551849365,210.65545654296875,8.883142471313477,98.6212158203125,8.480761528015137
228.0,16.875,3.8582091331481934,210.69384765625,8.885551452636719,98.67893981933594,8.480761528015137
229.0,16.875,3.840395927429199,210.732666015625,8.887896537780762,98.73587036132812,8.480761528015137
230.0,16.875,3.8230695724487305,210.77191162109375,8.890176773071289,98.7919921875,8.480761528015137
231.0,16.875,3.8062026500701904,210.8115997314453,8.89239501953125,98.8473129272461,8.480761528015137
232.0,16.875,3.7898244857788086,210.8516845703125,8.894551277160645,98.90184020996094,8.480761528015137
233.0,16.875,3.7739174365997314,210.89218139648438,8.896645545959473,98.95560455322266,8.480761528015137
234.0,16.875,3.758448839187622,210.93310546875,8.89867877960205,99.00859069824219,8.480761528015137
235.0,16.875,3.738553524017334,210.97877502441406,8.90129566192627,99.05868530273438,8.480761528015137
236.0,16.875,3.7161662578582764,211.02735900878906,8.904241561889648,99.1065444946289,8.480761528015137
237.0,16.875,3.6945719718933105,211.07589721679688,8.907085418701172,99.15357208251953,8.480761528015137
238.0,16.875,3.6737139225006104,211.1244354248047,8.909828186035156,99.19977569580078,8.480761528015137
239.0,16.875,3.653611183166504,211.17294311523438,8.91247272491455,99.24517822265625,8.480761528015137
240.0,16.875,3.634246349334717,211.221435546875,8.915020942687988,99.28981018066406,8.480761528015137
241.0,16.875,3.6156063079833984,211.26991271972656,8.917474746704102,99.33367919921875,8.480761528015137
242.0,16.875,3.5976686477661133,211.31838989257812,8.919835090637207,99.37680053710938,8.480761528015137
243.0,16.875,3.5804169178009033,211.36688232421875,8.922103881835938,99.41919708251953,8.480761528015137
244.0,16.875,3.5638515949249268,211.41537475585938,8.924283981323242,99.46087646484375,8.480761528015137
245.0,16.875,3.547945976257324,211.46389770507812,8.926375389099121,99.50186157226562,8.480761528015137
246.0,16.875,3.5327186584472656,211.51242065429688,8.928380012512207,99.54216766357422,8.480761528015137
247.0,16.875,3.513084650039673,211.56492614746094,8.930964469909668,99.57872772216797,8.480761528015137
248.0,16.875,3.4940173625946045,211.61741638183594,8.933472633361816,99.61445617675781,8.480761528015137
249.0,16.875,3.485201835632324,211.6625213623047,8.93463134765625,99.65553283691406,8.480761528015137
250.0,16.875,3.4768080711364746,211.70791625976562,8.935738563537598,99.69596862792969,8.480761528015137
251.0,16.875,3.4687626361846924,211.753662109375,8.936795234680176,99.73573303222656,8.480761528015137
252.0,16.875,3.4611237049102783,211.79969787597656,8.937801361083984,99.77485656738281,8.480761528015137
253.0,16.875,3.4538512229919434,211.8460693359375,8.93875789642334,99.81333923339844,8.480761528015137
254.0,16.875,3.4469656944274902,211.8927459716797,8.939664840698242,99.85118865966797,8.480761528015137
255.0,16.875,3.440450668334961,211.93972778320312,8.940521240234375,99.88838958740234,8.480761528015137
256.0,16.875,3.4343101978302,211.9870147705078,8.941329956054688,99.92495727539062,8.480761528015137
257.0,16.875,3.428544521331787,212.03460693359375,8.942089080810547,99.96089935302734,8.480761528015137
258.0,16.875,3.4231386184692383,212.08251953125,8.942798614501953,99.9962158203125,8.480761528015137
259.0,16.875,3.4211599826812744,212.12876892089844,8.943059921264648,100.03321838378906,8.480761528015137
260.0,16.875,3.423417568206787,212.17300415039062,8.942761421203613,100.07266235351562,8.480761528015137
261.0,16.875,3.4261107444763184,212.21766662597656,8.942407608032227,100.11167907714844,8.480761528015137
262.0,16.875,3.4292144775390625,212.26280212402344,8.941999435424805,100.1502685546875,8.480761528015137
263.0,16.875,3.4327468872070312,212.3083953857422,8.941534996032715,100.18843841552734,8.480761528015137
264.0,16.875,3.4327261447906494,212.3567352294922,8.941536903381348,100.22296905517578,8.480761528015137
265.0,16.875,3.43231463432312,212.40586853027344,8.941591262817383,100.25631713867188,8.480761528015137
266.0,16.875,3.432386875152588,212.45530700683594,8.941583633422852,100.28919982910156,8.480761528015137
267.0,16.875,3.4329285621643066,212.50506591796875,8.941512107849121,100.32160949707031,8.480761528015137
268.0,16.875,3.4339444637298584,212.55516052246094,8.941377639770508,100.35356140136719,8.480761528015137
269.0,16.875,3.435443639755249,212.6055908203125,8.941179275512695,100.38506317138672,8.480761528015137
270.0,16.875,3.4374284744262695,212.6563262939453,8.94091796875,100.41609954833984,8.480761528015137
271.0,16.875,3.4413719177246094,212.70672607421875,8.940400123596191,100.44798278808594,8.480761528015137
272.0,16.875,3.4505867958068848,212.75535583496094,8.939187049865723,100.4836654663086,8.480761528015137
273.0,16.875,3.4603748321533203,212.8044891357422,8.937899589538574,100.51907348632812,8.480761528015137
274.0,16.875,3.470731496810913,212.85415649414062,8.93653678894043,100.55420684814453,8.480761528015137
275.0,16.875,3.48166561126709,212.9043426513672,8.935098648071289,100.58905792236328,8.480761528015137
276.0,16.875,3.493182420730591,212.95509338378906,8.93358325958252,100.62364196777344,8.480761528015137
277.0,16.875,3.50529146194458,213.0063934326172,8.931989669799805,100.65795135498047,8.480761528015137
278.0,16.875,3.517998695373535,213.0582733154297,8.930317878723145,100.6919937133789,8.480761528015137
279.0,16.875,3.531309127807617,213.11073303222656,8.928565979003906,100.72576141357422,8.480761528015137
280.0,16.875,3.545245409011841,213.16380310058594,8.926733016967773,100.75927734375,8.480761528015137
281.0,16.875,3.557513952255249,213.21817016601562,8.925118446350098,100.79035949707031,8.480761528015137
282.0,16.875,3.5659852027893066,213.27438354492188,8.924003601074219,100.81695556640625,8.480761528015137
283.0,16.875,3.5751218795776367,213.33102416992188,8.922801971435547,100.84324645996094,8.480761528015137
284.0,16.875,3.5880212783813477,213.3872833251953,8.921104431152344,100.87218475341797,8.480761528015137
285.0,16.875,3.603760004043579,213.44357299804688,8.91903305053711,100.90292358398438,8.480761528015137
286.0,16.875,3.6203575134277344,213.50047302246094,8.916848182678223,100.9335708618164,8.480761528015137
287.0,16.875,3.637847900390625,213.55799865722656,8.91454792022705,100.96414947509766,8.480761528015137
288.0,16.875,3.656221389770508,213.6161651611328,8.912129402160645,100.99463653564453,8.480761528015137
289.0,16.875,3.675518274307251,213.6750030517578,8.909590721130371,101.02506256103516,8.480761528015137
290.0,16.875,3.6957550048828125,213.73455810546875,8.906928062438965,101.05543518066406,8.480761528015137
291.0,16.875,3.7169413566589355,213.7948455810547,8.90414047241211,101.08574676513672,8.480761528015137
292.0,16.875,3.7391154766082764,213.8558807373047,8.901223182678223,101.11602020263672,8.480761528015137
293.0,16.875,3.7579100131988525,213.91818237304688,8.898750305175781,101.14193725585938,8.480761528015137
294.0,16.875,3.7766244411468506,213.9812774658203,8.89628791809082,101.16671752929688,8.480761528015137
295.0,16.875,3.7962639331817627,214.04501342773438,8.89370346069336,101.19132995605469,8.480761528015137
296.0,16.875,3.8168461322784424,214.10948181152344,8.89099407196045,101.21578216552734,8.480761528015137
297.0,16.875,3.838405132293701,214.17469787597656,8.888158798217773,101.2400894165039,8.480761528015137
298.0,16.875,3.8609371185302734,214.24066162109375,8.885193824768066,101.26422882080078,8.480761528015137
299.0,16.875,3.884484052658081,214.30743408203125,8.882095336914062,101.28822326660156,8.480761528015137
300.0,16.875,3.9090592861175537,214.37503051757812,8.878861427307129,101.31206512451172,8.480761528015137
301.0,16.875,3.9266698360443115,214.4432373046875,8.876543998718262,101.32781219482422,8.480761528015137
302.0,16.875,3.9584832191467285,214.51272583007812,8.872358322143555,101.35641479492188,8.480761528015137
303.0,16.875,3.995201826095581,214.58358764648438,8.86752700805664,101.38861846923828,8.480761528015137
304.0,16.875,4.033190727233887,214.65576171875,8.862527847290039,101.42078399658203,8.480761528015137
305.0,16.875,4.07249116897583,214.729248046875,8.857357025146484,101.45291900634766,8.480761528015137
306.0,16.875,4.113141059875488,214.80413818359375,8.852007865905762,101.48501586914062,8.480761528015137
307.0,16.875,4.155179023742676,214.8804473876953,8.846475601196289,101.51707458496094,8.480761528015137
308.0,16.875,4.198669910430908,214.95826721191406,8.840753555297852,101.54911041259766,8.480761528015137
309.0,16.875,4.243656158447266,215.03761291503906,8.834835052490234,101.58112335205078,8.480761528015137
310.0,16.875,4.269602298736572,215.1147003173828,8.831419944763184,101.59307098388672,8.480761528015137
311.0,16.875,4.296099662780762,215.19253540039062,8.827935218811035,101.60411834716797,8.480761528015137
312.0,16.875,4.323509216308594,215.27120971679688,8.82432746887207,101.61458587646484,8.480761528015137
313.0,16.875,4.343951225280762,215.34884643554688,8.821638107299805,101.61686706542969,8.480761528015137
314.0,16.875,4.362844944000244,215.4264678955078,8.819151878356934,101.61621856689453,8.480761528015137
315.0,16.875,4.382421493530273,215.50454711914062,8.816576957702637,101.61478424072266,8.480761528015137
316.0,16.875,4.402682781219482,215.58311462402344,8.813910484313965,101.61254119873047,8.480761528015137
317.0,16.875,4.423643589019775,215.66220092773438,8.811152458190918,101.6094741821289,8.480761528015137
318.0,16.875,4.445307731628418,215.74176025390625,8.808300971984863,101.60558319091797,8.480761528015137
319.0,16.875,4.467700004577637,215.8218536376953,8.805354118347168,101.6008529663086,8.480761528015137
320.0,16.875,4.490833282470703,215.90248107910156,8.802310943603516,101.59527587890625,8.480761528015137
321.0,16.875,4.514708042144775,215.983642578125,8.799169540405273,101.58882904052734,8.480761528015137
322.0,16.875,4.539343357086182,216.06536865234375,8.795928955078125,101.58149719238281,8.480761528015137
323.0,16.875,4.564748287200928,216.14764404296875,8.792586326599121,101.57327270507812,8.480761528015137
324.0,16.875,4.594146728515625,216.23182678222656,8.788717269897461,101.56702423095703,8.480761528015137
325.0,16.875,4.6350274085998535,216.3213348388672,8.783337593078613,101.56932067871094,8.480761528015137
326.0,16.875,4.6770710945129395,216.41201782226562,8.77780532836914,101.57077026367188,8.480761528015137
327.0,16.875,4.734368324279785,216.5104522705078,8.77026653289795,101.58365631103516,8.480761528015137
328.0,16.875,4.793990135192871,216.61106872558594,8.762421607971191,101.59637451171875,8.480761528015137
329.0,16.875,4.855615615844727,216.7137908935547,8.754312515258789,101.6085433959961,8.480761528015137
330.0,16.875,4.9160261154174805,216.8170166015625,8.74636459350586,101.61734008789062,8.480761528015137
331.0,16.875,4.9654436111450195,216.91549682617188,8.739860534667969,101.61454772949219,8.480761528015137
332.0,16.875,5.016435623168945,217.01548767089844,8.733152389526367,101.61088562011719,8.480761528015137
333.0,16.875,5.055783271789551,217.1096954345703,8.727973937988281,101.59541320800781,8.480761528015137
334.0,16.875,5.092057228088379,217.20242309570312,8.723201751708984,101.57542419433594,8.480761528015137
335.0,16.875,5.129342555999756,217.2958984375,8.71829605102539,101.55426025390625,8.480761528015137
336.0,16.875,5.167645454406738,217.39010620117188,8.713255882263184,101.53189849853516,8.480761528015137
337.0,16.875,5.207001686096191,217.48507690429688,8.708076477050781,101.50831604003906,8.480761528015137
338.0,16.875,5.202509880065918,217.55284118652344,8.708667755126953,101.44884490966797,8.480761528015137
339.0,16.875,5.177152156829834,217.60621643066406,8.712004661560059,101.37239074707031,8.480761528015137
340.0,16.875,5.163818836212158,217.6657257080078,8.71375846862793,101.30430603027344,8.480761528015137
341.0,16.875,5.151888370513916,217.72479248046875,8.715328216552734,101.23638153076172,8.480761528015137
342.0,16.875,5.146753787994385,217.787109375,8.71600341796875,101.17250061035156,8.480761528015137
343.0,16.875,5.195287704467773,217.88514709472656,8.709616661071777,101.14591979980469,8.480761528015137
344.0,16.875,5.243082046508789,217.9827880859375,8.703329086303711,101.11652374267578,8.480761528015137
345.0,16.875,5.280187606811523,218.0728759765625,8.698446273803711,101.07746124267578,8.480761528015137
346.0,16.875,5.318465232849121,218.16354370117188,8.69340991973877,101.03717803955078,8.480761528015137
347.0,16.875,5.337490081787109,218.2397918701172,8.69090747833252,100.98202514648438,8.480761528015137
348.0,16.875,5.339722633361816,218.30271911621094,8.69061279296875,100.91438293457031,8.480761528015137
349.0,16.875,5.342621803283691,218.364990234375,8.69023323059082,100.8460464477539,8.480761528015137
350.0,16.875,5.346160411834717,218.4265899658203,8.689766883850098,100.77698516845703,8.480761528015137
351.0,16.875,5.350343704223633,218.4875030517578,8.689214706420898,100.70722198486328,8.480761528015137
352.0,16.875,5.355188846588135,218.54776000976562,8.688576698303223,100.6367416381836,8.480761528015137
353.0,16.875,5.380303859710693,218.62307739257812,8.685272216796875,100.57697296142578,8.480761528015137
354.0,16.875,5.408621788024902,218.7001953125,8.681547164916992,100.51736450195312,8.480761528015137
355.0,16.875,5.437582492828369,218.7770538330078,8.677735328674316,100.45639038085938,8.480761528015137
356.0,16.875,5.4330549240112305,218.82530212402344,8.678332328796387,100.37554168701172,8.480761528015137
357.0,16.875,5.415882587432861,218.86146545410156,8.68059253692627,100.28727722167969,8.480761528015137
358.0,16.875,5.399292945861816,218.89642333984375,8.68277645111084,100.19894409179688,8.480761528015137
359.0,16.875,5.417547702789307,218.95957946777344,8.680373191833496,100.12757110595703,8.480761528015137
0.0,11.25,6.804174900054932,220.2073516845703,8.823351860046387,100.78567504882812,8.480761528015137
1.0,11.25,6.841572284698486,220.297607421875,8.820219993591309,100.70010375976562,8.480761528015137
2.0,11.25,6.834090232849121,220.34703063964844,8.820846557617188,100.5916748046875,8.480761528015137
3.0,11.25,6.821410655975342,220.38986206054688,8.821908950805664,100.4802017211914,8.480761528015137
4.0,11.25,6.810204029083252,220.4319610595703,8.822846412658691,100.36884307861328,8.480761528015137
5.0,11.25,6.772099494934082,220.44766235351562,8.826038360595703,100.24577331542969,8.480761528015137
6.0,11.25,6.720656394958496,220.44876098632812,8.830347061157227,100.11773681640625,8.480761528015137
7.0,11.25,6.671492099761963,220.44937133789062,8.834465026855469,99.99139404296875,8.480761528015137
8.0,11.25,6.624528408050537,220.44949340820312,8.838398933410645,99.86666107177734,8.480761528015137
9.0,11.25,6.5805583000183105,220.44993591308594,8.842080116271973,99.74375915527344,8.480761528015137
10.0,11.25,6.578226089477539,220.487060546875,8.842275619506836,99.635498046875,8.480761528015137
11.0,11.25,6.577300548553467,220.5236053466797,8.842352867126465,99.52709197998047,8.480761528015137
12.0,11.25,6.577783107757568,220.55958557128906,8.842312812805176,99.41850280761719,8.480761528015137
13.0,11.25,6.579662799835205,220.59500122070312,8.842154502868652,99.3096923828125,8.480761528015137
14.0,11.25,6.568476676940918,220.61598205566406,8.843092918395996,99.19674682617188,8.480761528015137
15.0,11.25,6.5583600997924805,220.63597106933594,8.843939781188965,99.08390045166016,8.480761528015137
16.0,11.25,6.544200420379639,220.6500244140625,8.845125198364258,98.96996307373047,8.480761528015137
17.0,11.25,6.525174617767334,220.6573028564453,8.846718788146973,98.85496520996094,8.480761528015137
18.0,11.25,6.507685661315918,220.66400146484375,8.848183631896973,98.7405014038086,8.480761528015137
19.0,11.25,6.491718292236328,220.67013549804688,8.84952163696289,98.62650299072266,8.480761528015137
20.0,11.25,6.4772233963012695,220.67567443847656,8.85073471069336,98.51294708251953,8.480761528015137
21.0,11.25,6.460211753845215,220.6767120361328,8.85215950012207,98.39917755126953,8.480761528015137
22.0,11.25,6.436756134033203,220.6693572998047,8.854124069213867,98.28485870361328,8.480761528015137
23.0,11.25,6.414872169494629,220.66151428222656,8.855957984924316,98.1712646484375,8.480761528015137
24.0,11.25,6.394503593444824,220.6531524658203,8.857661247253418,98.058349609375,8.480761528015137
25.0,11.25,6.375703811645508,220.64434814453125,8.859238624572754,97.94607543945312,8.480761528015137
26.0,11.25,6.3601393699646,220.63677978515625,8.860540390014648,97.83450317382812,8.480761528015137
27.0,11.25,6.355818271636963,220.63844299316406,8.860902786254883,97.72386169433594,8.480761528015137
28.0,11.25,6.352901935577393,220.6395721435547,8.8611478805542,97.61331176757812,8.480761528015137
29.0,11.25,6.361800670623779,220.65054321289062,8.86040210723877,97.50293731689453,8.480761528015137
30.0,11.25,6.37445592880249,220.663330078125,8.85934066772461,97.39220428466797,8.480761528015137
31.0,11.25,6.38852071762085,220.6755828857422,8.858162879943848,97.28101348876953,8.480761528015137
32.0,11.25,6.381862163543701,220.66525268554688,8.858722686767578,97.17024230957031,8.480761528015137
33.0,11.25,6.372997283935547,220.6508026123047,8.859463691711426,97.05992126464844,8.480761528015137
34.0,11.25,6.372461795806885,220.64271545410156,8.859509468078613,96.94938659667969,8.480761528015137
35.0,11.25,6.378668308258057,220.63938903808594,8.858989715576172,96.83837890625,8.480761528015137
36.0,11.25,6.386133193969727,220.63536071777344,8.858363151550293,96.7271957397461,8.480761528015137
37.0,11.25,6.394912242889404,220.63067626953125,8.85762882232666,96.61581420898438,8.480761528015137
38.0,11.25,6.4049577713012695,220.62527465820312,8.856786727905273,96.50418090820312,8.480761528015137
39.0,11.25,6.414665699005127,220.61756896972656,8.855973243713379,96.3925552368164,8.480761528015137
40.0,11.25,6.406057357788086,220.58993530273438,8.856696128845215,96.28421020507812,8.480761528015137
41.0,11.25,6.398852825164795,220.5618133544922,8.857297897338867,96.17623138427734,8.480761528015137
42.0,11.25,6.398429870605469,220.53843688964844,8.857335090637207,96.06742858886719,8.480761528015137
43.0,11.25,6.41680383682251,220.53138732910156,8.855794906616211,95.9547119140625,8.480761528015137
44.0,11.25,6.436707973480225,220.52377319335938,8.854127883911133,95.8414535522461,8.480761528015137
45.0,11.25,6.458144187927246,220.51556396484375,8.852333068847656,95.72760009765625,8.480761528015137
46.0,11.25,6.481142044067383,220.5067596435547,8.850406646728516,95.61310577392578,8.480761528015137
47.0,11.25,6.504693031311035,220.49636840820312,8.848433494567871,95.49823760986328,8.480761528015137
48.0,11.25,6.518825531005859,220.47494506835938,8.847249984741211,95.38614654541016,8.480761528015137
49.0,11.25,6.534472465515137,220.45291137695312,8.845940589904785,95.27371215820312,8.480761528015137
50.0,11.25,6.551601409912109,220.43020629882812,8.844504356384277,95.16089630126953,8.480761528015137
51.0,11.25,6.570284843444824,220.40687561035156,8.842939376831055,95.04766082763672,8.480761528015137
52.0,11.25,6.585141181945801,220.3779296875,8.841696739196777,94.9360122680664,8.480761528015137
53.0,11.25,6.628871917724609,220.3733367919922,8.838034629821777,94.81320190429688,8.480761528015137
54.0,11.25,6.67915153503418,220.3722381591797,8.833822250366211,94.68710327148438,8.480761528015137
55.0,11.25,6.731709957122803,220.37062072753906,8.829421043395996,94.55927276611328,8.480761528015137
56.0,11.25,6.786582946777344,220.36843872070312,8.824825286865234,94.42964172363281,8.480761528015137
57.0,11.25,6.83135461807251,220.35462951660156,8.821075439453125,94.3038558959961,8.480761528015137
58.0,11.25,6.879951000213623,220.34161376953125,8.81700611114502,94.17582702636719,8.480761528015137
59.0,11.25,6.930840492248535,220.32794189453125,8.81274127960205,94.04617309570312,8.480761528015137
60.0,11.25,6.984157085418701,220.31365966796875,8.808277130126953,93.914794921875,8.480761528015137
61.0,11.25,7.035158634185791,220.29464721679688,8.80400562286377,93.78410339355469,8.480761528015137
62.0,11.25,7.072932243347168,220.26174926757812,8.80084228515625,93.6600570678711,8.480761528015137
63.0,11.25,7.104372024536133,220.2210693359375,8.798208236694336,93.53953552246094,8.480761528015137
64.0,11.25,7.137731552124023,220.1795654296875,8.795414924621582,93.41820526123047,8.480761528015137
65.0,11.25,7.173043251037598,220.13720703125,8.792458534240723,93.2960205078125,8.480761528015137
66.0,11.25,7.210319519042969,220.09393310546875,8.789335250854492,93.17292785644531,8.480761528015137
67.0,11.25,7.275211334228516,220.0699920654297,8.78390121459961,93.03337860107422,8.480761528015137
68.0,11.25,7.344869613647461,220.04664611816406,8.778066635131836,92.89042663574219,8.480761528015137
69.0,11.25,7.417486190795898,220.02232360839844,8.771985054016113,92.74508666992188,8.480761528015137
70.0,11.25,7.493148326873779,219.99696350097656,8.765646934509277,92.59725189208984,8.480761528015137
71.0,11.25,7.572000503540039,219.97055053710938,8.75904369354248,92.44678497314453,8.480761528015137
72.0,11.25,7.65415096282959,219.9430389404297,8.752163887023926,92.2935791015625,8.480761528015137
73.0,11.25,7.73543643951416,219.9112548828125,8.745355606079102,92.14041900634766,8.480761528015137
74.0,11.25,7.811352729797363,219.8719940185547,8.738997459411621,91.99055480957031,8.480761528015137
75.0,11.25,7.890552997589111,219.8314971923828,8.732365608215332,91.83814239501953,8.480761528015137
76.0,11.25,7.973135471343994,219.7896728515625,8.725448608398438,91.68305206298828,8.480761528015137
77.0,11.25,8.059233665466309,219.7464599609375,8.718235969543457,91.525146484375,8.480761528015137
78.0,11.25,8.150700569152832,219.7029571533203,8.710576057434082,91.36302947998047,8.480761528015137
79.0,11.25,8.276995658874512,219.67800903320312,8.69999885559082,91.1742935180664,8.480761528015137
80.0,11.25,8.408658027648926,219.6514892578125,8.688971519470215,90.98047637939453,8.480761528015137
81.0,11.25,8.545990943908691,219.62335205078125,8.677469253540039,90.78130340576172,8.480761528015137
82.0,11.25,8.673324584960938,219.5837860107422,8.666805267333984,90.58907318115234,8.480761528015137
83.0,11.25,8.796500205993652,219.53662109375,8.656489372253418,90.39954376220703,8.480761528015137
84.0,11.25,8.924901008605957,219.4874725341797,8.645734786987305,90.20538330078125,8.480761528015137
85.0,11.25,9.058786392211914,219.4362030029297,8.634521484375,90.00631713867188,8.480761528015137
86.0,11.25,9.169121742248535,219.36656188964844,8.625280380249023,89.82642364501953,8.480761528015137
87.0,11.25,9.263025283813477,219.28335571289062,8.617416381835938,89.66051483154297,8.480761528015137
88.0,11.25,9.43554973602295,219.2369384765625,8.602967262268066,89.4284896850586,8.480761528015137
89.0,11.25,9.622730255126953,219.1913299560547,8.587289810180664,89.18318176269531,8.480761528015137
90.0,11.25,9.80199146270752,219.13473510742188,8.57227611541748,88.94393920898438,8.480761528015137
91.0,11.25,9.94124984741211,219.05218505859375,8.560613632202148,88.73921203613281,8.480761528015137
92.0,11.25,10.086424827575684,218.96665954589844,8.548455238342285,88.52958679199219,8.480761528015137
93.0,11.25,10.237812042236328,218.8780059814453,8.535775184631348,88.3147964477539,8.480761528015137
94.0,11.25,10.400967597961426,218.788330078125,8.522110939025879,88.08985900878906,8.480761528015137
95.0,11.25,10.620855331420898,218.7156982421875,8.503695487976074,87.81391143798828,8.480761528015137
96.0,11.25,10.965591430664062,218.68453979492188,8.474822044372559,87.42369079589844,8.480761528015137
97.0,11.25,11.198582649230957,218.59829711914062,8.455307960510254,87.13453674316406,8.480761528015137
98.0,11.25,11.456209182739258,218.51231384277344,8.433731079101562,86.82258605957031,8.480761528015137
99.0,11.25,11.689419746398926,218.40814208984375,8.414198875427246,86.53334045410156,8.480761528015137
100.0,11.25,11.933961868286133,218.29893493652344,8.393718719482422,86.23393249511719,8.480761528015137
101.0,11.25,12.247989654541016,218.20254516601562,8.367417335510254,85.86944580078125,8.480761528015137
102.0,11.25,12.573600769042969,218.09814453125,8.340147018432617,85.49401092529297,8.480761528015137
103.0,11.25,12.984552383422852,218.0060577392578,8.305728912353516,85.03728485107422,8.480761528015137
104.0,11.25,13.236161231994629,217.85646057128906,8.284655570983887,84.73319244384766,8.480761528015137
105.0,11.25,13.430388450622559,217.68295288085938,8.268388748168945,84.48595428466797,8.480761528015137
106.0,11.25,13.631328582763672,217.5034637451172,8.251559257507324,84.23445892333984,8.480761528015137
107.0,11.25,13.901247024536133,217.3311767578125,8.228952407836914,83.91825866699219,8.480761528015137
108.0,11.25,14.306696891784668,217.17596435546875,8.194995880126953,83.47183227539062,8.480761528015137
109.0,11.25,14.805721282958984,217.02317810058594,8.153200149536133,82.93516540527344,8.480761528015137
110.0,11.25,15.350358963012695,216.860107421875,8.107585906982422,82.35491180419922,8.480761528015137
111.0,11.25,15.577642440795898,216.63031005859375,8.088550567626953,82.08878326416016,8.480761528015137
112.0,11.25,15.673048973083496,216.37464904785156,8.080560684204102,81.95641326904297,8.480761528015137
113.0,11.25,15.802757263183594,216.11898803710938,8.069696426391602,81.79436492919922,8.480761528015137
114.0,11.25,15.992929458618164,215.86416625976562,8.0537691116333,81.57659912109375,8.480761528015137
115.0,11.25,16.171415328979492,215.60134887695312,8.038820266723633,81.37462615966797,8.480761528015137
116.0,11.25,16.171422958374023,215.32081604003906,8.038820266723633,81.35455322265625,8.480761528015137
117.0,11.25,16.171417236328125,215.03997802734375,8.038820266723633,81.33939361572266,8.480761528015137
118.0,11.25,16.274883270263672,214.76177978515625,8.030155181884766,81.22606658935547,8.480761528015137
119.0,11.25,16.380075454711914,214.47987365722656,8.021344184875488,81.11585998535156,8.480761528015137
120.0,11.25,16.39005470275879,214.19491577148438,8.020508766174316,81.10546112060547,8.480761528015137
121.0,11.25,16.390050888061523,213.909912109375,8.020508766174316,81.1099853515625,8.480761528015137
122.0,11.25,16.48185920715332,213.62115478515625,8.01282024383545,81.028076171875,8.480761528015137
123.0,11.25,16.59109878540039,213.32839965820312,8.003670692443848,80.9339599609375,8.480761528015137
124.0,11.25,16.60869026184082,213.0391845703125,8.002197265625,80.93614959716797,8.480761528015137
125.0,11.25,16.60869598388672,212.7513885498047,8.002197265625,80.96086120605469,8.480761528015137
126.0,11.25,16.608694076538086,212.4640655517578,8.002197265625,80.9906005859375,8.480761528015137
127.0,11.25,16.608688354492188,212.17730712890625,8.002197265625,81.02535247802734,8.480761528015137
128.0,11.25,16.60869026184082,211.89120483398438,8.002197265625,81.06509399414062,8.480761528015137
129.0,11.25,16.608692169189453,211.6058349609375,8.002197265625,81.10982513427734,8.480761528015137
130.0,11.25,16.608694076538086,211.3212890625,8.002197265625,81.15953063964844,8.480761528015137
131.0,11.25,16.608692169189453,211.03765869140625,8.002197265625,81.21419525146484,8.480761528015137
132.0,11.25,16.60869026184082,210.75502014160156,8.002197265625,81.2738037109375,8.480761528015137
133.0,11.25,16.60869789123535,210.4734649658203,8.002197265625,81.33832550048828,8.480761528015137
134.0,11.25,16.608694076538086,210.19308471679688,8.002197265625,81.40776062011719,8.480761528015137
135.0,11.25,16.608694076538086,209.91395568847656,8.002197265625,81.4820785522461,8.480761528015137
136.0,11.25,16.608692169189453,209.63616943359375,8.002197265625,81.5612564086914,8.480761528015137
137.0,11.25,16.608694076538086,209.3597869873047,8.002197265625,81.64527130126953,8.480761528015137
138.0,11.25,16.608701705932617,209.08493041992188,8.002197265625,81.73408508300781,8.480761528015137
139.0,11.25,16.608686447143555,208.81167602539062,8.002197265625,81.82770538330078,8.480761528015137
140.0,11.25,16.608692169189453,208.54006958007812,8.002197265625,81.92606353759766,8.480761528015137
141.0,11.25,16.608694076538086,208.27023315429688,8.002197265625,82.0291519165039,8.480761528015137
142.0,11.25,16.608686447143555,208.00225830078125,8.002197265625,82.13693237304688,8.480761528015137
143.0,11.25,16.60869598388672,207.73617553710938,8.002197265625,82.2493667602539,8.480761528015137
144.0,11.25,16.608692169189453,207.47210693359375,8.002197265625,82.36643981933594,8.480761528015137
145.0,11.25,16.608694076538086,207.2101287841797,8.002197265625,82.48809051513672,8.480761528015137
146.0,11.25,16.608688354492188,206.95030212402344,8.002197265625,82.61431121826172,8.480761528015137
147.0,11.25,16.60869598388672,206.69271850585938,8.002197265625,82.74503326416016,8.480761528015137
148.0,11.25,16.608694076538086,206.43746948242188,8.002197265625,82.88023376464844,8.480761528015137
149.0,11.25,16.608694076538086,206.18460083007812,8.002197265625,83.0198745727539,8.480761528015137
150.0,11.25,16.608692169189453,205.93421936035156,8.002197265625,83.16390228271484,8.480761528015137
151.0,11.25,16.608684539794922,205.6864013671875,8.002197265625,83.3122787475586,8.480761528015137
152.0,11.25,16.608692169189453,205.44119262695312,8.002197265625,83.46495056152344,8.480761528015137
153.0,11.25,16.608694076538086,205.1986846923828,8.002197265625,83.62188720703125,8.480761528015137
154.0,11.25,16.608699798583984,204.9589385986328,8.002197265625,83.78303527832031,8.480761528015137
155.0,11.25,16.608694076538086,204.72207641601562,8.002197265625,83.94833374023438,8.480761528015137
156.0,11.25,16.47394561767578,204.56781005859375,8.013483047485352,84.22581481933594,8.480761528015137
157.0,11.25,16.390056610107422,204.38949584960938,8.020508766174316,84.46427917480469,8.480761528015137
158.0,11.25,16.390060424804688,204.1645965576172,8.020508766174316,84.63941192626953,8.480761528015137
159.0,11.25,16.390060424804688,203.94277954101562,8.020508766174316,84.81845092773438,8.480761528015137
160.0,11.25,16.369029998779297,203.7377166748047,8.022270202636719,85.01728057861328,8.480761528015137
161.0,11.25,16.272567749023438,203.5861358642578,8.030348777770996,85.27581024169922,8.480761528015137
162.0,11.25,16.175334930419922,203.4408721923828,8.038492202758789,85.536376953125,8.480761528015137
163.0,11.25,15.872920989990234,203.44190979003906,8.06381893157959,85.94683074951172,8.480761528015137
164.0,11.25,15.70233154296875,203.36196899414062,8.078107833862305,86.25972747802734,8.480761528015137
165.0,11.25,15.583930969238281,203.25259399414062,8.088024139404297,86.53533935546875,8.480761528015137
166.0,11.25,15.232867240905762,203.3173828125,8.117425918579102,86.9712142944336,8.480761528015137
167.0,11.25,14.851606369018555,203.4160919189453,8.149356842041016,87.42179870605469,8.480761528015137
168.0,11.25,14.7196044921875,203.34132385253906,8.16041374206543,87.70079803466797,8.480761528015137
169.0,11.25,14.614290237426758,203.2527618408203,8.169233322143555,87.9620132446289,8.480761528015137
170.0,11.25,14.519203186035156,203.16209411621094,8.177197456359863,88.21684265136719,8.480761528015137
171.0,11.25,14.222766876220703,203.23374938964844,8.202024459838867,88.59709167480469,8.480761528015137
172.0,11.25,13.76313591003418,203.44407653808594,8.240519523620605,89.0711669921875,8.480761528015137
173.0,11.25,13.671600341796875,203.37295532226562,8.248186111450195,89.31647491455078,8.480761528015137
174.0,11.25,13.580109596252441,203.30702209472656,8.255849838256836,89.56168365478516,8.480761528015137
175.0,11.25,13.045248031616211,203.61001586914062,8.300643920898438,90.05751037597656,8.480761528015137
176.0,11.25,12.689407348632812,203.77821350097656,8.330448150634766,90.44159698486328,8.480761528015137
177.0,11.25,12.488961219787598,203.82601928710938,8.347235679626465,90.73406982421875,8.480761528015137
178.0,11.25,12.106945037841797,204.03488159179688,8.379230499267578,91.11750793457031,8.480761528015137
179.0,11.25,11.710355758666992,204.26634216308594,8.412445068359375,91.49893951416016,8.480761528015137
180.0,11.25,11.338496208190918,204.4864501953125,8.44359016418457,91.85813903808594,8.480761528015137
181.0,11.25,11.057494163513184,204.63644409179688,8.467123985290527,92.16445922851562,8.480761528015137
182.0,11.25,10.832113265991211,204.74493408203125,8.486001014709473,92.43814086914062,8.480761528015137
183.0,11.25,10.407670974731445,205.037353515625,8.521549224853516,92.79518127441406,8.480761528015137
184.0,11.25,9.86575698852539,205.4447784423828,8.566936492919922,93.19100189208984,8.480761528015137
185.0,11.25,9.741170883178711,205.4849090576172,8.577370643615723,93.3980484008789,8.480761528015137
186.0,11.25,9.620464324951172,205.52598571777344,8.587479591369629,93.60084533691406,8.480761528015137
187.0,11.25,9.379005432128906,205.68251037597656,8.60770320892334,93.8471908569336,8.480761528015137
188.0,11.25,8.9496431350708,206.0189971923828,8.643662452697754,94.15577697753906,8.480761528015137
189.0,11.25,8.630786895751953,206.2604217529297,8.670367240905762,94.41275024414062,8.480761528015137
190.0,11.25,8.423712730407715,206.40325927734375,8.687710762023926,94.62290954589844,8.480761528015137
191.0,11.25,8.226739883422852,206.5413818359375,8.704207420349121,94.82392883300781,8.480761528015137
192.0,11.25,8.039216995239258,206.67507934570312,8.7199125289917,95.01640319824219,8.480761528015137
193.0,11.25,7.860551357269287,206.8046112060547,8.73487663269043,95.20088958740234,8.480761528015137
194.0,11.25,7.690157890319824,206.93026733398438,8.749147415161133,95.37787628173828,8.480761528015137
195.0,11.25,7.515599727630615,207.06378173828125,8.763768196105957,95.55082702636719,8.480761528015137
196.0,11.25,7.313187122344971,207.22801208496094,8.780719757080078,95.7249984741211,8.480761528015137
197.0,11.25,7.121877193450928,207.38525390625,8.796743392944336,95.89044952392578,8.480761528015137
198.0,11.25,6.940829277038574,207.53604125976562,8.811906814575195,96.04781341552734,8.480761528015137
199.0,11.25,6.795865535736084,207.65481567382812,8.824047088623047,96.19281005859375,8.480761528015137
200.0,11.25,6.668548107147217,207.7592010498047,8.834711074829102,96.330322265625,8.480761528015137
201.0,11.25,6.546533107757568,207.86109924316406,8.844928741455078,96.46299743652344,8.480761528015137
202.0,11.25,6.429573059082031,207.96060180664062,8.854724884033203,96.59111785888672,8.480761528015137
203.0,11.25,6.317375659942627,208.057861328125,8.86412239074707,96.71492004394531,8.480761528015137
204.0,11.25,6.207797050476074,208.15487670898438,8.873298645019531,96.83480834960938,8.480761528015137
205.0,11.25,6.100142002105713,208.25222778320312,8.882315635681152,96.95094299316406,8.480761528015137
206.0,11.25,5.997037887573242,208.34719848632812,8.890952110290527,97.06320190429688,8.480761528015137
207.0,11.25,5.8982086181640625,208.43995666503906,8.899227142333984,97.17179107666016,8.480761528015137
208.0,11.25,5.801451206207275,208.5325927734375,8.907332420349121,97.2769775390625,8.480761528015137
209.0,11.25,5.699373245239258,208.63238525390625,8.915882110595703,97.37891387939453,8.480761528015137
210.0,11.25,5.61061429977417,208.72067260742188,8.923315048217773,97.47740173339844,8.480761528015137
211.0,11.25,5.525594711303711,208.80691528320312,8.930436134338379,97.57289123535156,8.480761528015137
212.0,11.25,5.444087028503418,208.89126586914062,8.937262535095215,97.66552734375,8.480761528015137
213.0,11.25,5.3659443855285645,208.9738006591797,8.943807601928711,97.75544738769531,8.480761528015137
214.0,11.25,5.290996551513672,209.05462646484375,8.950084686279297,97.84281921386719,8.480761528015137
215.0,11.25,5.229780197143555,209.12322998046875,8.95521068572998,97.92874908447266,8.480761528015137
216.0,11.25,5.17052698135376,209.19126892089844,8.960174560546875,98.01262664794922,8.480761528015137
217.0,11.25,5.1046833992004395,209.26715087890625,8.96568775177002,98.09344482421875,8.480761528015137
218.0,11.25,5.041367530822754,209.34178161621094,8.970990180969238,98.17214965820312,8.480761528015137
219.0,11.25,4.980474472045898,209.41522216796875,8.976090431213379,98.24884796142578,8.480761528015137
220.0,11.25,4.921902656555176,209.48753356933594,8.980996131896973,98.3236312866211,8.480761528015137
221.0,11.25,4.865550994873047,209.55877685546875,8.985715866088867,98.39657592773438,8.480761528015137
222.0,11.25,4.806949138641357,209.63327026367188,8.99062442779541,98.46682739257812,8.480761528015137
223.0,11.25,4.744879722595215,209.7121124267578,8.99582290649414,98.53397369384766,8.480761528015137
224.0,11.25,4.6905717849731445,209.78436279296875,9.000371932983398,98.6006088256836,8.480761528015137
225.0,11.25,4.6500139236450195,209.8443145751953,9.003769874572754,98.668701171875,8.480761528015137
226.0,11.25,4.611107349395752,209.90367126464844,9.007026672363281,98.73551940917969,8.480761528015137
227.0,11.25,4.573827266693115,209.9624481201172,9.010148048400879,98.8011474609375,8.480761528015137
228.0,11.25,4.538142681121826,210.02064514160156,9.013137817382812,98.8656005859375,8.480761528015137
229.0,11.25,4.503957748413086,210.07835388183594,9.016000747680664,98.928955078125,8.480761528015137
230.0,11.25,4.471248626708984,210.1355743408203,9.018739700317383,98.9912338256836,8.480761528015137
231.0,11.25,4.437033176422119,210.195068359375,9.021605491638184,99.05142974853516,8.480761528015137
232.0,11.25,4.40110969543457,210.2569580078125,9.024613380432129,99.10938262939453,8.480761528015137
233.0,11.25,4.3667473793029785,210.31817626953125,9.02749252319336,99.1662826538086,8.480761528015137
234.0,11.25,4.333855628967285,210.37879943847656,9.03024673461914,99.22216033935547,8.480761528015137
235.0,11.25,4.3024187088012695,210.4388427734375,9.032879829406738,99.27708435058594,8.480761528015137
236.0,11.25,4.272392749786377,210.4983367919922,9.035394668579102,99.33108520507812,8.480761528015137
237.0,11.25,4.243722915649414,210.5573272705078,9.037796020507812,99.38419342041016,8.480761528015137
238.0,11.25,4.216389179229736,210.61582946777344,9.040085792541504,99.43645477294922,8.480761528015137
239.0,11.25,4.190341472625732,210.67388916015625,9.042266845703125,99.48789978027344,8.480761528015137
240.0,11.25,4.165546894073486,210.73153686523438,9.044343948364258,99.53856658935547,8.480761528015137
241.0,11.25,4.141971588134766,210.78880310058594,9.046317100524902,99.58848571777344,8.480761528015137
242.0,11.25,4.122405052185059,210.8433380126953,9.047956466674805,99.6391830444336,8.480761528015137
243.0,11.25,4.105985641479492,210.8959503173828,9.049331665039062,99.69036865234375,8.480761528015137
244.0,11.25,4.08944034576416,210.9493865966797,9.0507173538208,99.74031066894531,8.480761528015137
245.0,11.25,4.069515228271484,211.0062713623047,9.052386283874512,99.7871322631836,8.480761528015137
246.0,11.25,4.050669193267822,211.06289672851562,9.05396556854248,99.83331298828125,8.480761528015137
247.0,11.25,4.032869338989258,211.11929321289062,9.055456161499023,99.87886810302734,8.480761528015137
248.0,11.25,4.016101360321045,211.17547607421875,9.05686092376709,99.92382049560547,8.480761528015137
249.0,11.25,4.000315189361572,211.23150634765625,9.058181762695312,99.96819305419922,8.480761528015137
250.0,11.25,3.9855518341064453,211.28733825683594,9.059418678283691,100.01201629638672,8.480761528015137
251.0,11.25,3.971769332885742,211.34303283691406,9.06057357788086,100.0553207397461,8.480761528015137
252.0,11.25,3.958928108215332,211.39862060546875,9.06164836883545,100.09809875488281,8.480761528015137
253.0,11.25,3.9470531940460205,211.45408630371094,9.062644004821777,100.14038848876953,8.480761528015137
254.0,11.25,3.9361038208007812,211.50949096679688,9.063560485839844,100.18221282958984,8.480761528015137
255.0,11.25,3.9335145950317383,211.55963134765625,9.063776969909668,100.2288589477539,8.480761528015137
256.0,11.25,3.934338331222534,211.6082000732422,9.06370735168457,100.27705383300781,8.480761528015137
257.0,11.25,3.9360804557800293,211.65699768066406,9.063562393188477,100.32508087158203,8.480761528015137
258.0,11.25,3.9387319087982178,211.70603942871094,9.063340187072754,100.37294006347656,8.480761528015137
259.0,11.25,3.9422972202301025,211.75535583496094,9.063041687011719,100.42066192626953,8.480761528015137
260.0,11.25,3.9467811584472656,211.80496215820312,9.062665939331055,100.46826171875,8.480761528015137
261.0,11.25,3.9521894454956055,211.85487365722656,9.062212944030762,100.51575469970703,8.480761528015137
262.0,11.25,3.9585323333740234,211.90512084960938,9.061681747436523,100.56317138671875,8.480761528015137
263.0,11.25,3.9658145904541016,211.95570373535156,9.06107234954834,100.61051177978516,8.480761528015137
264.0,11.25,3.9740304946899414,212.00668334960938,9.060383796691895,100.65780639648438,8.480761528015137
265.0,11.25,3.9832041263580322,212.05804443359375,9.059615135192871,100.70506286621094,8.480761528015137
266.0,11.25,3.9933152198791504,212.10983276367188,9.058769226074219,100.75228118896484,8.480761528015137
267.0,11.25,3.9994046688079834,212.1647491455078,9.058258056640625,100.7953109741211,8.480761528015137
268.0,11.25,4.006433486938477,212.22000122070312,9.057669639587402,100.83822631835938,8.480761528015137
269.0,11.25,4.014383316040039,212.27565002441406,9.05700397491455,100.88103485107422,8.480761528015137
270.0,11.25,4.023289680480957,212.33168029785156,9.056258201599121,100.92375946044922,8.480761528015137
271.0,11.25,4.03313684463501,212.38812255859375,9.05543327331543,100.96639251708984,8.480761528015137
272.0,11.25,4.043960094451904,212.44500732421875,9.054527282714844,101.00897979736328,8.480761528015137
273.0,11.25,4.055740833282471,212.5023651123047,9.053540229797363,101.05150604248047,8.480761528015137
274.0,11.25,4.068524360656738,212.56021118164062,9.052470207214355,101.0940170288086,8.480761528015137
275.0,11.25,4.082294464111328,212.6185760498047,9.05131721496582,101.1364974975586,8.480761528015137
276.0,11.25,4.097079277038574,212.67750549316406,9.050078392028809,101.17898559570312,8.480761528015137
277.0,11.25,4.108616828918457,212.73863220214844,9.049111366271973,101.21754455566406,8.480761528015137
278.0,11.25,4.119290828704834,212.80093383789062,9.0482177734375,101.25431060791016,8.480761528015137
279.0,11.25,4.13093900680542,212.86370849609375,9.047242164611816,101.29096221923828,8.480761528015137
280.0,11.25,4.143569469451904,212.92694091796875,9.046185493469238,101.3274917602539,8.480761528015137
281.0,11.25,4.157180309295654,212.99070739746094,9.045044898986816,101.3639144897461,8.480761528015137
282.0,11.25,4.171812534332275,213.05503845214844,9.043819427490234,101.4002685546875,8.480761528015137
283.0,11.25,4.187459468841553,213.1199493408203,9.042508125305176,101.43653869628906,8.480761528015137
284.0,11.25,4.20415735244751,213.18544006347656,9.041110038757324,101.47274780273438,8.480761528015137
285.0,11.25,4.221907615661621,213.2515869140625,9.039623260498047,101.50890350341797,8.480761528015137
286.0,11.25,4.251752853393555,213.31581115722656,9.037124633789062,101.5556869506836,8.480761528015137
287.0,11.25,4.291980743408203,213.37908935546875,9.0337553024292,101.61155700683594,8.480761528015137
288.0,11.25,4.33394718170166,213.4436798095703,9.030240058898926,101.66815948486328,8.480761528015137
289.0,11.25,4.377725124359131,213.50962829589844,9.026573181152344,101.72554016113281,8.480761528015137
290.0,11.25,4.423392295837402,213.57701110839844,9.022748947143555,101.78375244140625,8.480761528015137
291.0,11.25,4.471018314361572,213.64588928222656,9.018759727478027,101.84283447265625,8.480761528015137
292.0,11.25,4.520681381225586,213.71632385253906,9.014599800109863,101.90283203125,8.480761528015137
293.0,11.25,4.5706071853637695,213.78863525390625,9.010418891906738,101.96195983886719,8.480761528015137
294.0,11.25,4.613620758056641,213.86351013183594,9.006816864013672,102.01305389404297,8.480761528015137
295.0,11.25,4.652009010314941,213.9403533935547,9.003602027893066,102.05830383300781,8.480761528015137
296.0,11.25,4.691274642944336,214.0186004638672,9.000312805175781,102.1031265258789,8.480761528015137
297.0,11.25,4.712797164916992,214.09910583496094,8.998510360717773,102.12895202636719,8.480761528015137
298.0,11.25,4.735391139984131,214.18040466308594,8.996617317199707,102.15444946289062,8.480761528015137
299.0,11.25,4.759084701538086,214.2624969482422,8.994633674621582,102.17962646484375,8.480761528015137
300.0,11.25,4.783889293670654,214.34544372558594,8.992555618286133,102.20447540283203,8.480761528015137
301.0,11.25,4.809844017028809,214.4292755126953,8.99038314819336,102.22901153564453,8.480761528015137
302.0,11.25,4.855701923370361,214.51480102539062,8.986541748046875,102.27188110351562,8.480761528015137
303.0,11.25,4.910898685455322,214.60240173339844,8.981918334960938,102.32250213623047,8.480761528015137
304.0,11.25,4.968269348144531,214.69200134277344,8.977113723754883,102.3736801147461,8.480761528015137
305.0,11.25,5.02787971496582,214.78369140625,8.972121238708496,102.42542266845703,8.480761528015137
306.0,11.25,5.089847087860107,214.87757873535156,8.966931343078613,102.477783203125,8.480761528015137
307.0,11.25,5.154257774353027,214.97372436523438,8.961536407470703,102.5307846069336,8.480761528015137
308.0,11.25,5.210740089416504,215.0707550048828,8.956807136535645,102.57412719726562,8.480761528015137
309.0,11.25,5.235437870025635,215.164306640625,8.954737663269043,102.5843734741211,8.480761528015137
310.0,11.25,5.260561466217041,215.25851440429688,8.95263385772705,102.59333038330078,8.480761528015137
311.0,11.25,5.2867512702941895,215.35350036621094,8.950439453125,102.60160064697266,8.480761528015137
312.0,11.25,5.314023971557617,215.44931030273438,8.948155403137207,102.60916900634766,8.480761528015137
313.0,11.25,5.342408657073975,215.54595947265625,8.945778846740723,102.61603546142578,8.480761528015137
314.0,11.25,5.3795671463012695,215.64537048339844,8.942667007446289,102.62956237792969,8.480761528015137
315.0,11.25,5.451591491699219,215.75485229492188,8.936634063720703,102.6746826171875,8.480761528015137
316.0,11.25,5.52633810043335,215.8670654296875,8.930374145507812,102.72014617919922,8.480761528015137
317.0,11.25,5.6039042472839355,215.98214721679688,8.923877716064453,102.76594543457031,8.480761528015137
318.0,11.25,5.6844162940979,216.10023498535156,8.917135238647461,102.81209564208984,8.480761528015137
319.0,11.25,5.763944625854492,216.2200927734375,8.910473823547363,102.85480499267578,8.480761528015137
320.0,11.25,5.802242279052734,216.32765197753906,8.907265663146973,102.85643768310547,8.480761528015137
321.0,11.25,5.841925621032715,216.4363555908203,8.903943061828613,102.85723876953125,8.480761528015137
322.0,11.25,5.882993698120117,216.5462188720703,8.900503158569336,102.85716247558594,8.480761528015137
323.0,11.25,5.925508975982666,216.65728759765625,8.896942138671875,102.85621643066406,8.480761528015137
324.0,11.25,5.9694976806640625,216.76962280273438,8.893258094787598,102.85436248779297,8.480761528015137
325.0,11.25,6.057137489318848,216.9012451171875,8.885917663574219,102.8895263671875,8.480761528015137
326.0,11.25,6.162015438079834,217.04249572753906,8.877135276794434,102.93709564208984,8.480761528015137
327.0,11.25,6.271213531494141,217.1881561279297,8.867988586425781,102.98519134521484,8.480761528015137
328.0,11.25,6.354650497436523,217.3240966796875,8.861001014709473,103.00727081298828,8.480761528015137
329.0,11.25,6.373007774353027,217.42982482910156,8.859463691711426,102.96977996826172,8.480761528015137
330.0,11.25,6.362913131713867,217.5207977294922,8.860308647155762,102.90584564208984,8.480761528015137
331.0,11.25,6.353506565093994,217.61087036132812,8.861096382141113,102.84099578857422,8.480761528015137
332.0,11.25,6.379466533660889,217.71853637695312,8.858922004699707,102.80442810058594,8.480761528015137
333.0,11.25,6.438694953918457,217.84417724609375,8.853962898254395,102.79341888427734,8.480761528015137
334.0,11.25,6.499307632446289,217.9712371826172,8.848885536193848,102.7807846069336,8.480761528015137
335.0,11.25,6.5372419357299805,218.08583068847656,8.845708847045898,102.74691009521484,8.480761528015137
336.0,11.25,6.587848663330078,218.20785522460938,8.841469764709473,102.72080993652344,8.480761528015137
337.0,11.25,6.657843589782715,218.3418426513672,8.835607528686523,102.70740509033203,8.480761528015137
338.0,11.25,6.73036527633667,218.4781036376953,8.829533576965332,102.69288635253906,8.480761528015137
339.0,11.25,6.786088943481445,218.60443115234375,8.824867248535156,102.66227722167969,8.480761528015137
340.0,11.25,6.790442943572998,218.69776916503906,8.824501991271973,102.5898666381836,8.480761528015137
341.0,11.25,6.754772186279297,218.76351928710938,8.827489852905273,102.4858627319336,8.480761528015137
342.0,11.25,6.698923110961914,218.81341552734375,8.832167625427246,102.36630249023438,8.480761528015137
343.0,11.25,6.64996337890625,218.86521911621094,8.836267471313477,102.25154113769531,8.480761528015137
344.0,11.25,6.666020393371582,218.95973205566406,8.834922790527344,102.18276977539062,8.480761528015137
345.0,11.25,6.683056831359863,219.05393981933594,8.83349609375,102.11283111572266,8.480761528015137
346.0,11.25,6.702853679656982,219.1490936279297,8.83183765411377,102.04296112060547,8.480761528015137
347.0,11.25,6.724103927612305,219.24432373046875,8.830058097839355,101.97216033935547,8.480761528015137
348.0,11.25,6.758960723876953,219.34869384765625,8.82713794708252,101.90843200683594,8.480761528015137
349.0,11.25,6.804926872253418,219.4607391357422,8.82328987121582,101.84963989257812,8.480761528015137
350.0,11.25,6.849236965179443,219.57098388671875,8.819578170776367,101.78723907470703,8.480761528015137
351.0,11.25,6.842764854431152,219.64105224609375,8.82011890411377,101.69076538085938,8.480761528015137
352.0,11.25,6.837520599365234,219.7103271484375,8.82055950164795,101.59391784667969,8.480761528015137
353.0,11.25,6.820178985595703,219.76817321777344,8.82201099395752,101.48875427246094,8.480761528015137
354.0,11.25,6.810788154602051,219.83042907714844,8.822797775268555,101.38746643066406,8.480761528015137
355.0,11.25,6.775301933288574,219.86941528320312,8.825769424438477,101.27046966552734,8.480761528015137
356.0,11.25,6.731278419494629,219.89892578125,8.82945728302002,101.14860534667969,8.480761528015137
357.0,11.25,6.688936710357666,219.9272918701172,8.833003044128418,101.02780151367188,8.480761528015137
358.0,11.25,6.707861423492432,220.00515747070312,8.831418991088867,100.93912506103516,8.480761528015137
359.0,11.25,6.755194187164307,220.1060028076172,8.827454566955566,100.86322784423828,8.480761528015137
0.0,5.625,8.28249740600586,221.48834228515625,9.102356910705566,101.56148529052734,8.480761528015137
1.0,5.625,8.149065017700195,221.4424591064453,9.107043266296387,101.3711929321289,8.480761528015137
2.0,5.625,8.072668075561523,221.44253540039062,9.109725952148438,101.21044158935547,8.480761528015137
3.0,5.625,7.992754936218262,221.43606567382812,9.112532615661621,101.0492935180664,8.480761528015137
4.0,5.625,7.916513919830322,221.42945861816406,9.115209579467773,100.89115142822266,8.480761528015137
5.0,5.625,7.843850135803223,221.4227752685547,9.117761611938477,100.73583221435547,8.480761528015137
6.0,5.625,7.856550693511963,221.49085998535156,9.117315292358398,100.61636352539062,8.480761528015137
7.0,5.625,7.943816661834717,221.62559509277344,9.114251136779785,100.52449035644531,8.480761528015137
8.0,5.625,7.998477935791016,221.7290496826172,9.11233139038086,100.4167251586914,8.480761528015137
9.0,5.625,7.8982672691345215,221.68634033203125,9.115850448608398,100.25112915039062,8.480761528015137
10.0,5.625,7.835750102996826,221.67556762695312,9.118046760559082,100.10073852539062,8.480761528015137
11.0,5.625,7.793349742889404,221.6808319091797,9.119534492492676,99.95809936523438,8.480761528015137
12.0,5.625,7.753523826599121,221.68582153320312,9.120933532714844,99.81687927246094,8.480761528015137
13.0,5.625,7.716156005859375,221.69049072265625,9.122245788574219,99.67696380615234,8.480761528015137
14.0,5.625,7.665792942047119,221.68003845214844,9.124014854431152,99.53407287597656,8.480761528015137
15.0,5.625,7.603762626647949,221.6555938720703,9.126193046569824,99.38922882080078,8.480761528015137
16.0,5.625,7.544736862182617,221.6312713623047,9.128265380859375,99.2466049194336,8.480761528015137
17.0,5.625,7.505327224731445,221.6233367919922,9.129650115966797,99.10979461669922,8.480761528015137
18.0,5.625,7.499670028686523,221.6458740234375,9.12984848022461,98.98077392578125,8.480761528015137
19.0,5.625,7.495985984802246,221.66807556152344,9.12997817993164,98.85183715820312,8.480761528015137
20.0,5.625,7.494200229644775,221.68988037109375,9.130040168762207,98.7229232788086,8.480761528015137
21.0,5.625,7.472557544708252,221.6898193359375,9.130800247192383,98.59062194824219,8.480761528015137
22.0,5.625,7.4286088943481445,221.66531372070312,9.132344245910645,98.45565032958984,8.480761528015137
23.0,5.625,7.410106658935547,221.66360473632812,9.132993698120117,98.32493591308594,8.480761528015137
24.0,5.625,7.397250652313232,221.66519165039062,9.133444786071777,98.19517517089844,8.480761528015137
25.0,5.625,7.386458873748779,221.6665496826172,9.133824348449707,98.0657958984375,8.480761528015137
26.0,5.625,7.3883843421936035,221.67831420898438,9.133756637573242,97.93746185302734,8.480761528015137
27.0,5.625,7.400380611419678,221.69789123535156,9.13333511352539,97.8094253540039,8.480761528015137
28.0,5.625,7.423805236816406,221.72665405273438,9.132513046264648,97.68122100830078,8.480761528015137
29.0,5.625,7.449370861053467,221.7553253173828,9.131614685058594,97.55216217041016,8.480761528015137
30.0,5.625,7.415050506591797,221.72189331054688,9.132820129394531,97.42230987548828,8.480761528015137
31.0,5.625,7.376451015472412,221.6819305419922,9.134176254272461,97.29373168945312,8.480761528015137
32.0,5.625,7.3648858070373535,221.666748046875,9.134581565856934,97.16554260253906,8.480761528015137
33.0,5.625,7.362400054931641,221.6584014892578,9.134669303894043,97.03736114501953,8.480761528015137
34.0,5.625,7.361987113952637,221.64988708496094,9.134683609008789,96.90922546386719,8.480761528015137
35.0,5.625,7.3824286460876465,221.65989685058594,9.133965492248535,96.77941131591797,8.480761528015137
36.0,5.625,7.4109296798706055,221.6756134033203,9.132965087890625,96.64822387695312,8.480761528015137
37.0,5.625,7.39308500289917,221.6430206298828,9.133591651916504,96.52203369140625,8.480761528015137
38.0,5.625,7.3773579597473145,221.61036682128906,9.134143829345703,96.39643859863281,8.480761528015137
39.0,5.625,7.363729953765869,221.57763671875,9.134621620178223,96.2713623046875,8.480761528015137
40.0,5.625,7.352861404418945,221.5454864501953,9.135004043579102,96.14664459228516,8.480761528015137
41.0,5.625,7.358022212982178,221.52691650390625,9.134822845458984,96.01959228515625,8.480761528015137
42.0,5.625,7.369979381561279,221.51275634765625,9.134403228759766,95.8913803100586,8.480761528015137
43.0,5.625,7.384000778198242,221.49832153320312,9.133910179138184,95.76274871826172,8.480761528015137
44.0,5.625,7.400157928466797,221.48365783691406,9.133342742919922,95.63363647460938,8.480761528015137
45.0,5.625,7.419276714324951,221.4695281982422,9.132671356201172,95.50375366210938,8.480761528015137
46.0,5.625,7.430213451385498,221.4451904296875,9.13228702545166,95.37609100341797,8.480761528015137
47.0,5.625,7.443263530731201,221.42059326171875,9.131829261779785,95.2480697631836,8.480761528015137
48.0,5.625,7.458417892456055,221.39569091796875,9.13129711151123,95.11961364746094,8.480761528015137
49.0,5.625,7.475704193115234,221.3704833984375,9.13068962097168,94.99067687988281,8.480761528015137
50.0,5.625,7.500290870666504,221.3497772216797,9.129826545715332,94.8593978881836,8.480761528015137
51.0,5.625,7.5294599533081055,221.33090209960938,9.128802299499512,94.72644805908203,8.480761528015137
52.0,5.625,7.55536413192749,221.30650329589844,9.12789249420166,94.59461212158203,8.480761528015137
53.0,5.625,7.583563327789307,221.28173828125,9.12690258026123,94.4618911743164,8.480761528015137
54.0,5.625,7.6147236824035645,221.25717163085938,9.125807762145996,94.3279800415039,8.480761528015137
55.0,5.625,7.658499240875244,221.241455078125,9.12427043914795,94.18865966796875,8.480761528015137
56.0,5.625,7.707576751708984,221.2277374267578,9.122547149658203,94.04661560058594,8.480761528015137
57.0,5.625,7.7683234214782715,221.22154235839844,9.120413780212402,93.89875793457031,8.480761528015137
58.0,5.625,7.832195281982422,221.21502685546875,9.118170738220215,93.74861145019531,8.480761528015137
59.0,5.625,7.899273872375488,221.20816040039062,9.115815162658691,93.5960693359375,8.480761528015137
60.0,5.625,7.967588901519775,221.19912719726562,9.11341667175293,93.4420394897461,8.480761528015137
61.0,5.625,8.028882026672363,221.1807861328125,9.1112642288208,93.29077911376953,8.480761528015137
62.0,5.625,8.08920669555664,221.15843200683594,9.109145164489746,93.13947296142578,8.480761528015137
63.0,5.625,8.132617950439453,221.11871337890625,9.107620239257812,92.9969253540039,8.480761528015137
64.0,5.625,8.178813934326172,221.07839965820312,9.105998992919922,92.8529052734375,8.480761528015137
65.0,5.625,8.231266021728516,221.0402374267578,9.104156494140625,92.70535278320312,8.480761528015137
66.0,5.625,8.320964813232422,221.02903747558594,9.101006507873535,92.53579711914062,8.480761528015137
67.0,5.625,8.414889335632324,221.01731872558594,9.097708702087402,92.36266326904297,8.480761528015137
68.0,5.625,8.513213157653809,221.00503540039062,9.094255447387695,92.18574523925781,8.480761528015137
69.0,5.625,8.601289749145508,220.98065185546875,9.091161727905273,92.01419067382812,8.480761528015137
70.0,5.625,8.725293159484863,220.97975158691406,9.086807250976562,91.81876373291016,8.480761528015137
71.0,5.625,8.863069534301758,220.98440551757812,9.081969261169434,91.6126937866211,8.480761528015137
72.0,5.625,8.998054504394531,220.98179626464844,9.077228546142578,91.40664672851562,8.480761528015137
73.0,5.625,9.091005325317383,220.94334411621094,9.07396411895752,91.22766876220703,8.480761528015137
74.0,5.625,9.188365936279297,220.90380859375,9.070545196533203,91.04513549804688,8.480761528015137
75.0,5.625,9.273153305053711,220.8510284423828,9.067567825317383,90.87100982666016,8.480761528015137
76.0,5.625,9.396692276000977,220.82101440429688,9.06322956085205,90.66889190673828,8.480761528015137
77.0,5.625,9.541869163513184,220.80062866210938,9.058131217956543,90.45000457763672,8.480761528015137
78.0,5.625,9.69407844543457,220.77923583984375,9.052785873413086,90.22455596923828,8.480761528015137
79.0,5.625,9.84079360961914,220.7483367919922,9.047633171081543,90.00192260742188,8.480761528015137
80.0,5.625,9.97994613647461,220.70677185058594,9.042747497558594,89.78401184082031,8.480761528015137
81.0,5.625,10.205362319946289,220.71363830566406,9.034831047058105,89.49819946289062,8.480761528015137
82.0,5.625,10.414857864379883,220.70265197753906,9.027473449707031,89.22241973876953,8.480761528015137
83.0,5.625,10.62302017211914,220.68316650390625,9.020163536071777,88.94573211669922,8.480761528015137
84.0,5.625,10.811771392822266,220.64456176757812,9.013535499572754,88.68299102783203,8.480761528015137
85.0,5.625,11.002402305603027,220.59976196289062,9.006840705871582,88.41751098632812,8.480761528015137
86.0,5.625,11.26875114440918,220.5897674560547,8.99748706817627,88.08815002441406,8.480761528015137
87.0,5.625,11.528066635131836,220.56634521484375,8.988380432128906,87.76236724853516,8.480761528015137
88.0,5.625,11.699455261230469,220.48699951171875,8.982361793518066,87.50923156738281,8.480761528015137
89.0,5.625,12.057308197021484,220.49635314941406,8.969794273376465,87.09603881835938,8.480761528015137
90.0,5.625,12.352965354919434,220.46214294433594,8.95941162109375,86.73348236083984,8.480761528015137
91.0,5.625,12.85243034362793,220.5155029296875,8.941871643066406,86.19070434570312,8.480761528015137
92.0,5.625,13.20718002319336,220.48406982421875,8.929413795471191,85.77076721191406,8.480761528015137
93.0,5.625,13.539288520812988,220.42958068847656,8.91775131225586,85.3687744140625,8.480761528015137
94.0,5.625,13.948686599731445,220.39663696289062,8.903374671936035,84.89573669433594,8.480761528015137
95.0,5.625,14.559673309326172,220.43373107910156,8.881916999816895,84.23751068115234,8.480761528015137
96.0,5.625,15.14158821105957,220.43788146972656,8.861482620239258,83.60091400146484,8.480761528015137
97.0,5.625,15.842665672302246,220.46791076660156,8.836862564086914,82.85059356689453,8.480761528015137
98.0,5.625,16.38389778137207,220.41400146484375,8.817855834960938,82.24344635009766,8.480761528015137
99.0,5.625,17.100839614868164,220.40328979492188,8.792677879333496,81.46981811523438,8.480761528015137
100.0,5.625,18.204864501953125,220.49891662597656,8.753907203674316,80.32835388183594,8.480761528015137
101.0,5.625,19.045520782470703,220.4712677001953,8.724385261535645,79.42804718017578,8.480761528015137
102.0,5.625,20.650348663330078,220.6485137939453,8.668027877807617,77.79693603515625,8.480761528015137
103.0,5.625,22.139310836791992,220.7368927001953,8.615738868713379,76.26541137695312,8.480761528015137
104.0,5.625,24.594860076904297,221.03799438476562,8.529505729675293,73.796142578125,8.480761528015137
105.0,5.625,27.806961059570312,221.44883728027344,8.416704177856445,70.57991027832031,8.480761528015137
106.0,5.625,33.176239013671875,222.26649475097656,8.228148460388184,65.25021362304688,8.480761528015137
107.0,5.625,36.84366989135742,222.5206756591797,8.099356651306152,61.54336166381836,8.480761528015137
108.0,5.625,37.99330139160156,222.12954711914062,8.05898380279541,60.28125,8.480761528015137
109.0,5.625,38.819454193115234,221.63577270507812,8.029972076416016,59.33967208862305,8.480761528015137
110.0,5.625,39.08892059326172,221.01597595214844,8.020508766174316,58.95234298706055,8.480761528015137
111.0,5.625,39.443199157714844,220.39797973632812,8.008068084716797,58.49138259887695,8.480761528015137
112.0,5.625,39.610355377197266,219.740234375,8.002197265625,58.22561264038086,8.480761528015137
113.0,5.625,39.610355377197266,219.05508422851562,8.002197265625,58.136844635009766,8.480761528015137
114.0,5.625,39.610355377197266,218.36846923828125,8.002197265625,58.060035705566406,8.480761528015137
115.0,5.625,39.61035919189453,217.68060302734375,8.002197265625,57.99522018432617,8.480761528015137
116.0,5.625,39.61035919189453,216.9917449951172,8.002197265625,57.94243240356445,8.480761528015137
117.0,5.625,39.610355377197266,216.3020477294922,8.002197265625,57.90167236328125,8.480761528015137
118.0,5.625,39.610347747802734,215.61175537109375,8.002197265625,57.872962951660156,8.480761528015137
119.0,5.625,39.610347747802734,214.9210662841797,8.002197265625,57.856292724609375,8.480761528015137
120.0,5.625,39.610347747802734,214.23016357421875,8.002197265625,57.851680755615234,8.480761528015137
121.0,5.625,39.61035919189453,213.539306640625,8.002197265625,57.8591194152832,8.480761528015137
122.0,5.625,39.6103630065918,212.84869384765625,8.002197265625,57.87862014770508,8.480761528015137
123.0,5.625,39.61036682128906,212.15850830078125,8.002197265625,57.9101676940918,8.480761528015137
124.0,5.625,39.61035919189453,211.46900939941406,8.002197265625,57.953765869140625,8.480761528015137
125.0,5.625,39.6103515625,210.78033447265625,8.002197265625,58.0093994140625,8.480761528015137
126.0,5.625,39.610355377197266,210.09275817871094,8.002197265625,58.0770263671875,8.480761528015137
127.0,5.625,39.61035919189453,209.40647888183594,8.002197265625,58.15664291381836,8.480761528015137
128.0,5.625,39.6103515625,208.7216796875,8.002197265625,58.248233795166016,8.480761528015137
129.0,5.625,39.61035919189453,208.03858947753906,8.002197265625,58.351749420166016,8.480761528015137
130.0,5.625,39.610347747802734,207.35739135742188,8.002197265625,58.467193603515625,8.480761528015137
131.0,5.625,39.61034393310547,206.67832946777344,8.002197265625,58.5944938659668,8.480761528015137
132.0,5.625,39.6103630065918,206.0015869140625,8.002197265625,58.733612060546875,8.480761528015137
133.0,5.625,39.610355377197266,205.32737731933594,8.002197265625,58.88453674316406,8.480761528015137
134.0,5.625,39.6103630065918,204.65591430664062,8.002197265625,59.04719543457031,8.480761528015137
135.0,5.625,39.6103515625,203.9873809814453,8.002197265625,59.22156524658203,8.480761528015137
136.0,5.625,39.61036682128906,203.3219757080078,8.002197265625,59.407554626464844,8.480761528015137
137.0,5.625,39.6103515625,202.65992736816406,8.002197265625,59.60515213012695,8.480761528015137
138.0,5.625,39.610355377197266,202.00144958496094,8.002197265625,59.81425476074219,8.480761528015137
139.0,5.625,39.61034393310547,201.34671020507812,8.002197265625,60.03483963012695,8.480761528015137
140.0,5.625,39.61035919189453,200.69590759277344,8.002197265625,60.266788482666016,8.480761528015137
141.0,5.625,39.6103630065918,200.0492706298828,8.002197265625,60.51006317138672,8.480761528015137
142.0,5.625,39.610355377197266,199.40696716308594,8.002197265625,60.76460647583008,8.480761528015137
143.0,5.625,39.6103515625,198.7692108154297,8.002197265625,61.030311584472656,8.480761528015137
144.0,5.625,39.61035919189453,198.13616943359375,8.002197265625,61.30710983276367,8.480761528015137
145.0,5.625,39.61035919189453,197.50808715820312,8.002197265625,61.59490203857422,8.480761528015137
146.0,5.625,39.6103515625,196.88510131835938,8.002197265625,61.89362716674805,8.480761528015137
147.0,5.625,39.088924407958984,196.5049591064453,8.020508766174316,62.6669921875,8.480761528015137
148.0,5.625,38.96270751953125,195.96029663085938,8.024941444396973,63.094303131103516,8.480761528015137
149.0,5.625,38.56747817993164,195.55592346191406,8.038820266723633,63.76487350463867,8.480761528015137
150.0,5.625,38.0728759765625,195.21913146972656,8.05618953704834,64.52490234375,8.480761528015137
151.0,5.625,37.05372619628906,195.1739959716797,8.09197998046875,65.7350845336914,8.480761528015137
152.0,5.625,36.37689208984375,194.98326110839844,8.115748405456543,66.64679718017578,8.480761528015137
153.0,5.625,35.69624710083008,194.8204803466797,8.13965129852295,67.55853271484375,8.480761528015137
154.0,5.625,34.801509857177734,194.80352783203125,8.171072006225586,68.64353942871094,8.480761528015137
155.0,5.625,34.28091049194336,194.603271484375,8.18935489654541,69.41395568847656,8.480761528015137
156.0,5.625,33.424156188964844,194.62188720703125,8.219442367553711,70.45384979248047,8.480761528015137
157.0,5.625,32.22637176513672,194.87632751464844,8.261505126953125,71.756103515625,8.480761528015137
158.0,5.625,31.583328247070312,194.82777404785156,8.284087181091309,72.60480499267578,8.480761528015137
159.0,5.625,30.85334014892578,194.8576202392578,8.309722900390625,73.51464080810547,8.480761528015137
160.0,5.625,29.616701126098633,195.2394256591797,8.353150367736816,74.80290222167969,8.480761528015137
161.0,5.625,29.19476318359375,195.1245880126953,8.36796760559082,75.4568862915039,8.480761528015137
162.0,5.625,28.426280975341797,195.25897216796875,8.3949556350708,76.3647689819336,8.480761528015137
163.0,5.625,27.703786849975586,195.3876190185547,8.420328140258789,77.22755432128906,8.480761528015137
164.0,5.625,26.940410614013672,195.56887817382812,8.447134971618652,78.10858917236328,8.480761528015137
165.0,5.625,26.362533569335938,195.6436004638672,8.467429161071777,78.8461685180664,8.480761528015137
166.0,5.625,25.916053771972656,195.64358520507812,8.483108520507812,79.48410034179688,8.480761528015137
167.0,5.625,25.46303939819336,195.6648406982422,8.499017715454102,80.12071990966797,8.480761528015137
168.0,5.625,24.87567901611328,195.802490234375,8.519644737243652,80.84066772460938,8.480761528015137
169.0,5.625,24.448524475097656,195.83840942382812,8.534645080566406,81.44562530517578,8.480761528015137
170.0,5.625,24.045764923095703,195.87100219726562,8.548789024353027,82.02854919433594,8.480761528015137
171.0,5.625,23.517127990722656,196.01614379882812,8.567353248596191,82.68435668945312,8.480761528015137
172.0,5.625,23.154294967651367,196.0476531982422,8.580094337463379,83.22855377197266,8.480761528015137
173.0,5.625,22.706655502319336,196.1602783203125,8.59581470489502,83.8179702758789,8.480761528015137
174.0,5.625,22.28907012939453,196.2634735107422,8.610479354858398,84.38143920898438,8.480761528015137
175.0,5.625,22.07355499267578,196.21505737304688,8.618047714233398,84.82157135009766,8.480761528015137
176.0,5.625,21.388853073120117,196.56570434570312,8.642093658447266,85.52080535888672,8.480761528015137
177.0,5.625,21.00792694091797,196.6801300048828,8.655470848083496,86.03900909423828,8.480761528015137
178.0,5.625,20.573543548583984,196.85250854492188,8.670724868774414,86.57774353027344,8.480761528015137
179.0,5.625,20.106706619262695,197.0660400390625,8.687119483947754,87.12356567382812,8.480761528015137
180.0,5.625,19.79174041748047,197.16159057617188,8.698179244995117,87.58293151855469,8.480761528015137
181.0,5.625,19.444419860839844,197.296142578125,8.71037769317627,88.05140686035156,8.480761528015137
182.0,5.625,19.08285903930664,197.45431518554688,8.723074913024902,88.51876831054688,8.480761528015137
183.0,5.625,18.570144653320312,197.7582550048828,8.741079330444336,89.04601287841797,8.480761528015137
184.0,5.625,18.289342880249023,197.86680603027344,8.750940322875977,89.45867919921875,8.480761528015137
185.0,5.625,17.973323822021484,198.01657104492188,8.762038230895996,89.87977600097656,8.480761528015137
186.0,5.625,17.538108825683594,198.28485107421875,8.777321815490723,90.34141540527344,8.480761528015137
187.0,5.625,17.075939178466797,198.5889892578125,8.79355239868164,90.80178833007812,8.480761528015137
188.0,5.625,16.683338165283203,198.83966064453125,8.807339668273926,91.22343444824219,8.480761528015137
189.0,5.625,16.28757667541504,199.1031036376953,8.821237564086914,91.63538360595703,8.480761528015137
190.0,5.625,15.355560302734375,199.8800811767578,8.853967666625977,92.21846008300781,8.480761528015137
191.0,5.625,15.109246253967285,200.02410888671875,8.862618446350098,92.55078125,8.480761528015137
192.0,5.625,14.65501880645752,200.37301635742188,8.878568649291992,92.94026184082031,8.480761528015137
193.0,5.625,13.918787956237793,201.00071716308594,8.904424667358398,93.39788818359375,8.480761528015137
194.0,5.625,13.266432762145996,201.55931091308594,8.92733383178711,93.80921173095703,8.480761528015137
195.0,5.625,12.898085594177246,201.85369873046875,8.940268516540527,94.12687683105469,8.480761528015137
196.0,5.625,12.506702423095703,202.1775360107422,8.954012870788574,94.43863677978516,8.480761528015137
197.0,5.625,12.114828109741211,202.50881958007812,8.967775344848633,94.7381820678711,8.480761528015137
198.0,5.625,11.462993621826172,203.10098266601562,8.990665435791016,95.07870483398438,8.480761528015137
199.0,5.625,10.708674430847168,203.80181884765625,9.017156600952148,95.41703796386719,8.480761528015137
200.0,5.625,10.236321449279785,204.23321533203125,9.033742904663086,95.68177795410156,8.480761528015137
201.0,5.625,9.915465354919434,204.5209197998047,9.045011520385742,95.90745544433594,8.480761528015137
202.0,5.625,9.688338279724121,204.72055053710938,9.052988052368164,96.10968017578125,8.480761528015137
203.0,5.625,9.249360084533691,205.13438415527344,9.068403244018555,96.32984161376953,8.480761528015137
204.0,5.625,8.849820137023926,205.51364135742188,9.08243465423584,96.53108215332031,8.480761528015137
205.0,5.625,8.571157455444336,205.77664184570312,9.092220306396484,96.7084732055664,8.480761528015137
206.0,5.625,8.371393203735352,205.9644012451172,9.099235534667969,96.87105560302734,8.480761528015137
207.0,5.625,8.182567596435547,206.14425659179688,9.105866432189941,97.02630615234375,8.480761528015137
208.0,5.625,7.9869256019592285,206.333740234375,9.112737655639648,97.17532348632812,8.480761528015137
209.0,5.625,7.764010429382324,206.55313110351562,9.120565414428711,97.31802368164062,8.480761528015137
210.0,5.625,7.534189224243164,206.7819061279297,9.128636360168457,97.4529800415039,8.480761528015137
211.0,5.625,7.370998859405518,206.94638061523438,9.134366035461426,97.58119201660156,8.480761528015137
212.0,5.625,7.232770919799805,207.0880584716797,9.13922119140625,97.7046127319336,8.480761528015137
213.0,5.625,7.101355075836182,207.22496032714844,9.143836975097656,97.823486328125,8.480761528015137
214.0,5.625,6.9763407707214355,207.35739135742188,9.148226737976074,97.93814086914062,8.480761528015137
215.0,5.625,6.857369422912598,207.48561096191406,9.152403831481934,98.04882049560547,8.480761528015137
216.0,5.625,6.74407958984375,207.60989379882812,9.15638256072998,98.1557846069336,8.480761528015137
217.0,5.625,6.636117935180664,207.7305145263672,9.160174369812012,98.25926971435547,8.480761528015137
218.0,5.625,6.5332112312316895,207.84767150878906,9.163787841796875,98.3594741821289,8.480761528015137
219.0,5.625,6.437801361083984,207.95889282226562,9.167139053344727,98.45703887939453,8.480761528015137
220.0,5.625,6.322000503540039,208.09158325195312,9.171205520629883,98.54741668701172,8.480761528015137
221.0,5.625,6.1782331466674805,208.2528839111328,9.176254272460938,98.62809753417969,8.480761528015137
222.0,5.625,6.0422043800354,208.40750122070312,9.181031227111816,98.70511627197266,8.480761528015137
223.0,5.625,5.913333892822266,208.5559539794922,9.185556411743164,98.77873229980469,8.480761528015137
224.0,5.625,5.841091632843018,208.65025329589844,9.188093185424805,98.86135864257812,8.480761528015137
225.0,5.625,5.78950309753418,208.72573852539062,9.189905166625977,98.94650268554688,8.480761528015137
226.0,5.625,5.740323543548584,208.80014038085938,9.191632270812988,99.03010559082031,8.480761528015137
227.0,5.625,5.693477153778076,208.87351989746094,9.193277359008789,99.11227416992188,8.480761528015137
228.0,5.625,5.64887809753418,208.94593811035156,9.194844245910645,99.19306182861328,8.480761528015137
229.0,5.625,5.606418609619141,209.01748657226562,9.196334838867188,99.27253723144531,8.480761528015137
230.0,5.625,5.566086769104004,209.08816528320312,9.19775104522705,99.35078430175781,8.480761528015137
231.0,5.625,5.527781009674072,209.15806579589844,9.1990966796875,99.42786407470703,8.480761528015137
232.0,5.625,5.485503196716309,209.23272705078125,9.200580596923828,99.5015869140625,8.480761528015137
233.0,5.625,5.442662715911865,209.30889892578125,9.202085494995117,99.5730972290039,8.480761528015137
234.0,5.625,5.397888660430908,209.3877716064453,9.203658103942871,99.64179229736328,8.480761528015137
235.0,5.625,5.351119041442871,209.4693145751953,9.205300331115723,99.70755004882812,8.480761528015137
236.0,5.625,5.306545257568359,209.54966735839844,9.206865310668945,99.77210235595703,8.480761528015137
237.0,5.625,5.26408576965332,209.62890625,9.208356857299805,99.83551025390625,8.480761528015137
238.0,5.625,5.223700523376465,209.70706176757812,9.2097749710083,99.89783477783203,8.480761528015137
239.0,5.625,5.182949066162109,209.78628540039062,9.211206436157227,99.9580078125,8.480761528015137
240.0,5.625,5.137054443359375,209.87063598632812,9.212818145751953,100.01358032226562,8.480761528015137
241.0,5.625,5.093283653259277,209.95372009277344,9.21435546875,100.06808471679688,8.480761528015137
242.0,5.625,5.051556587219238,210.03561401367188,9.2158203125,100.12156677246094,8.480761528015137
243.0,5.625,5.011838912963867,210.11634826660156,9.217215538024902,100.17408752441406,8.480761528015137
244.0,5.625,4.974018096923828,210.196044921875,9.21854305267334,100.22569274902344,8.480761528015137
245.0,5.625,4.9380669593811035,210.27471923828125,9.219805717468262,100.27642059326172,8.480761528015137
246.0,5.625,4.904153823852539,210.35226440429688,9.220996856689453,100.32646942138672,8.480761528015137
247.0,5.625,4.892849922180176,210.41229248046875,9.221393585205078,100.3883056640625,8.480761528015137
248.0,5.625,4.882945537567139,210.47216796875,9.221741676330566,100.44979095458984,8.480761528015137
249.0,5.625,4.874398231506348,210.53195190429688,9.222042083740234,100.51094818115234,8.480761528015137
250.0,5.625,4.867212772369385,210.59165954589844,9.222293853759766,100.57181549072266,8.480761528015137
251.0,5.625,4.861372947692871,210.6513214111328,9.22249984741211,100.63241577148438,8.480761528015137
252.0,5.625,4.856862545013428,210.7109832763672,9.222657203674316,100.69278717041016,8.480761528015137
253.0,5.625,4.853704929351807,210.77064514160156,9.222768783569336,100.75296783447266,8.480761528015137
254.0,5.625,4.849150657653809,210.8323211669922,9.222928047180176,100.81109619140625,8.480761528015137
255.0,5.625,4.843548774719238,210.8956756591797,9.223125457763672,100.8673324584961,8.480761528015137
256.0,5.625,4.837333679199219,210.96035766601562,9.223343849182129,100.92194366455078,8.480761528015137
257.0,5.625,4.828672409057617,211.02757263183594,9.223647117614746,100.97355651855469,8.480761528015137
258.0,5.625,4.821389198303223,211.09463500976562,9.22390365600586,101.02490234375,8.480761528015137
259.0,5.625,4.815423011779785,211.16163635253906,9.224113464355469,101.07598876953125,8.480761528015137
260.0,5.625,4.810776233673096,211.22860717773438,9.224275588989258,101.1268539428711,8.480761528015137
261.0,5.625,4.8074727058410645,211.2955322265625,9.22439193725586,101.17752075195312,8.480761528015137
262.0,5.625,4.805471897125244,211.36248779296875,9.224462509155273,101.2280044555664,8.480761528015137
263.0,5.625,4.80480432510376,211.4294891357422,9.224486351013184,101.27835845947266,8.480761528015137
264.0,5.625,4.800353050231934,211.49957275390625,9.224641799926758,101.32447052001953,8.480761528015137
265.0,5.625,4.787469387054443,211.57521057128906,9.22509479522705,101.36239624023438,8.480761528015137
266.0,5.625,4.78467321395874,211.6456756591797,9.22519302368164,101.4072265625,8.480761528015137
267.0,5.625,4.7850117683410645,211.71517944335938,9.225180625915527,101.45343017578125,8.480761528015137
268.0,5.625,4.786475658416748,211.78488159179688,9.225130081176758,101.4993667602539,8.480761528015137
269.0,5.625,4.789032459259033,211.8548583984375,9.2250394821167,101.5450439453125,8.480761528015137
270.0,5.625,4.792727470397949,211.92506408691406,9.224909782409668,101.59048461914062,8.480761528015137
271.0,5.625,4.797523498535156,211.99559020996094,9.22474193572998,101.63569641113281,8.480761528015137
272.0,5.625,4.803452968597412,212.06643676757812,9.224533081054688,101.68070983886719,8.480761528015137
273.0,5.625,4.815995216369629,212.1351776123047,9.224092483520508,101.73043060302734,8.480761528015137
274.0,5.625,4.8381829261779785,212.20074462890625,9.22331428527832,101.78770446777344,8.480761528015137
275.0,5.625,4.861724853515625,212.26708984375,9.22248649597168,101.84522247314453,8.480761528015137
276.0,5.625,4.886669158935547,212.334228515625,9.221611022949219,101.90302276611328,8.480761528015137
277.0,5.625,4.91169548034668,212.40274047851562,9.220731735229492,101.95989227294922,8.480761528015137
278.0,5.625,4.929704666137695,212.47525024414062,9.220099449157715,102.00921630859375,8.480761528015137
279.0,5.625,4.9490766525268555,212.5484161376953,9.219419479370117,102.05865478515625,8.480761528015137
280.0,5.625,4.969828128814697,212.62228393554688,9.218690872192383,102.10822296142578,8.480761528015137
281.0,5.625,4.991987705230713,212.69688415527344,9.217912673950195,102.15794372558594,8.480761528015137
282.0,5.625,5.015592098236084,212.77227783203125,9.217082977294922,102.20785522460938,8.480761528015137
283.0,5.625,5.040672302246094,212.84848022460938,9.216202735900879,102.25797271728516,8.480761528015137
284.0,5.625,5.067249298095703,212.92556762695312,9.215269088745117,102.30831909179688,8.480761528015137
285.0,5.625,5.095362663269043,213.00357055664062,9.214282035827637,102.35891723632812,8.480761528015137
286.0,5.625,5.12506103515625,213.08253479003906,9.213238716125488,102.40980529785156,8.480761528015137
287.0,5.625,5.156368255615234,213.16253662109375,9.212139129638672,102.46099853515625,8.480761528015137
288.0,5.625,5.189346790313721,213.24359130859375,9.210981369018555,102.51253509521484,8.480761528015137
289.0,5.625,5.238522052764893,213.3230438232422,9.209254264831543,102.57865905761719,8.480761528015137
290.0,5.625,5.303627967834473,213.40174865722656,9.206968307495117,102.65922546386719,8.480761528015137
291.0,5.625,5.3714399337768555,213.48255920410156,9.20458698272705,102.74126434326172,8.480761528015137
292.0,5.625,5.442305564880371,213.56552124023438,9.20209789276123,102.8250732421875,8.480761528015137
293.0,5.625,5.516439914703369,213.6508026123047,9.199495315551758,102.91082763671875,8.480761528015137
294.0,5.625,5.5940070152282715,213.7384796142578,9.196770668029785,102.9986343383789,8.480761528015137
295.0,5.625,5.6751885414123535,213.82870483398438,9.193920135498047,103.088623046875,8.480761528015137
296.0,5.625,5.729970455169678,213.9237060546875,9.191996574401855,103.15081024169922,8.480761528015137
297.0,5.625,5.76630973815918,214.0216522216797,9.190720558166504,103.19297790527344,8.480761528015137
298.0,5.625,5.804615497589111,214.1208953857422,9.189374923706055,103.23542022705078,8.480761528015137
299.0,5.625,5.844943046569824,214.22146606445312,9.187958717346191,103.27816009521484,8.480761528015137
300.0,5.625,5.887356281280518,214.32350158691406,9.186469078063965,103.32122802734375,8.480761528015137
301.0,5.625,5.931933403015137,214.4270477294922,9.184904098510742,103.36466217041016,8.480761528015137
302.0,5.625,6.02486515045166,214.53392028808594,9.181640625,103.45455169677734,8.480761528015137
303.0,5.625,6.138315677642822,214.6450653076172,9.177656173706055,103.5629653930664,8.480761528015137
304.0,5.625,6.257749557495117,214.76048278808594,9.1734619140625,103.67526245117188,8.480761528015137
305.0,5.625,6.3727498054504395,214.87954711914062,9.16942310333252,103.78094482421875,8.480761528015137
306.0,5.625,6.4887166023254395,215.0025177001953,9.165350914001465,103.88529968261719,8.480761528015137
307.0,5.625,6.574671268463135,215.12557983398438,9.162332534790039,103.9574966430664,8.480761528015137
308.0,5.625,6.649628639221191,215.24981689453125,9.159699440002441,104.0164566040039,8.480761528015137
309.0,5.625,6.728081703186035,215.3769073486328,9.15694522857666,104.07649230957031,8.480761528015137
310.0,5.625,6.803844928741455,215.50592041015625,9.154284477233887,104.13142395019531,8.480761528015137
311.0,5.625,6.887148857116699,215.6386260986328,9.151358604431152,104.19124603271484,8.480761528015137
312.0,5.625,7.062726020812988,215.79312133789062,9.145193099975586,104.33861541748047,8.480761528015137
313.0,5.625,7.249300479888916,215.9556427001953,9.138641357421875,104.49330139160156,8.480761528015137
314.0,5.625,7.447839260101318,216.12693786621094,9.131669044494629,104.65595245361328,8.480761528015137
315.0,5.625,7.609933853149414,216.29489135742188,9.1259765625,104.77955627441406,8.480761528015137
316.0,5.625,7.735613822937012,216.4575958251953,9.121562957763672,104.86448669433594,8.480761528015137
317.0,5.625,7.882101535797119,216.62997436523438,9.116418838500977,104.96581268310547,8.480761528015137
318.0,5.625,8.03519344329834,216.80859375,9.111042022705078,105.06961059570312,8.480761528015137
319.0,5.625,8.12946891784668,216.97225952148438,9.107731819152832,105.1138916015625,8.480761528015137
320.0,5.625,8.227970123291016,217.13967895507812,9.10427188873291,105.15872192382812,8.480761528015137
321.0,5.625,8.330897331237793,217.31106567382812,9.10065746307373,105.20413970947266,8.480761528015137
322.0,5.625,8.460911750793457,217.4950714111328,9.096092224121094,105.27098083496094,8.480761528015137
323.0,5.625,8.613360404968262,217.6911163330078,9.090738296508789,105.3543472290039,8.480761528015137
324.0,5.625,8.773455619812012,217.89414978027344,9.085116386413574,105.440185546875,8.480761528015137
325.0,5.625,8.80956745147705,218.048583984375,9.083847999572754,105.40911865234375,8.480761528015137
326.0,5.625,8.771585464477539,218.17044067382812,9.085182189941406,105.30859375,8.480761528015137
327.0,5.625,8.735808372497559,218.29092407226562,9.086438179016113,105.20822143554688,8.480761528015137
328.0,5.625,8.83035945892334,218.470458984375,9.083117485046387,105.22093200683594,8.480761528015137
329.0,5.625,8.93111515045166,218.6546630859375,9.07957935333252,105.2351303100586,8.480761528015137
330.0,5.625,9.036359786987305,218.84286499023438,9.075883865356445,105.2491226196289,8.480761528015137
331.0,5.625,9.032354354858398,218.9764404296875,9.076024055480957,105.16542053222656,8.480761528015137
332.0,5.625,8.94260311126709,219.0629119873047,9.07917594909668,105.0068588256836,8.480761528015137
333.0,5.625,8.894781112670898,219.16818237304688,9.080855369567871,104.88275146484375,8.480761528015137
334.0,5.625,9.076528549194336,219.39926147460938,9.07447338104248,104.94722747802734,8.480761528015137
335.0,5.625,9.267765998840332,219.6394805908203,9.067757606506348,105.01362609863281,8.480761528015137
336.0,5.625,9.370224952697754,219.8312530517578,9.06415843963623,105.002197265625,8.480761528015137
337.0,5.625,9.379716873168945,219.96815490722656,9.063825607299805,104.91227722167969,8.480761528015137
338.0,5.625,9.38829231262207,220.10304260253906,9.063525199890137,104.81915283203125,8.480761528015137
339.0,5.625,9.340980529785156,220.20115661621094,9.065186500549316,104.68026733398438,8.480761528015137
340.0,5.625,9.196504592895508,220.23362731933594,9.070260047912598,104.46595764160156,8.480761528015137
341.0,5.625,9.047687530517578,220.25758361816406,9.075485229492188,104.2494888305664,8.480761528015137
342.0,5.625,9.125650405883789,220.4278106689453,9.072747230529785,104.20247650146484,8.480761528015137
343.0,5.625,9.174331665039062,220.5782012939453,9.071038246154785,104.13021087646484,8.480761528015137
344.0,5.625,9.199703216552734,220.71170043945312,9.070147514343262,104.03802490234375,8.480761528015137
345.0,5.625,9.171079635620117,220.80564880371094,9.071152687072754,103.90513610839844,8.480761528015137
346.0,5.625,9.145086288452148,220.89881896972656,9.072065353393555,103.77279663085938,8.480761528015137
347.0,5.625,9.049131393432617,220.9381103515625,9.075434684753418,103.59161376953125,8.480761528015137
348.0,5.625,8.926689147949219,220.95339965820312,9.079734802246094,103.3933334350586,8.480761528015137
349.0,5.625,8.80978775024414,220.96800231933594,9.083840370178223,103.20004272460938,8.480761528015137
350.0,5.625,8.755341529846191,221.0258026123047,9.085752487182617,103.04810333251953,8.480761528015137
351.0,5.625,8.683152198791504,221.06654357910156,9.088287353515625,102.88477325439453,8.480761528015137
352.0,5.625,8.621833801269531,221.11221313476562,9.09044075012207,102.72842407226562,8.480761528015137
353.0,5.625,8.620733261108398,221.20263671875,9.090478897094727,102.60826873779297,8.480761528015137
354.0,5.625,8.601075172424316,221.27590942382812,9.091169357299805,102.47570037841797,8.480761528015137
355.0,5.625,8.579426765441895,221.34503173828125,9.091930389404297,102.34101104736328,8.480761528015137
356.0,5.625,8.62466049194336,221.46707153320312,9.090341567993164,102.24270629882812,8.480761528015137
357.0,5.625,8.60069465637207,221.52972412109375,9.091182708740234,102.10409545898438,8.480761528015137
358.0,5.625,8.550140380859375,221.56716918945312,9.092958450317383,101.95072174072266,8.480761528015137
359.0,5.625,8.413074493408203,221.5272674560547,9.097772598266602,101.75309753417969,8.480761528015137
0.0,0.0,10.0336275100708,223.00572204589844,9.532240867614746,102.44387817382812,8.480761528015137
1.0,0.0,9.978595733642578,223.04360961914062,9.531477928161621,102.26476287841797,8.480761528015137
2.0,0.0,9.850567817687988,223.013427734375,9.529704093933105,102.0516586303711,8.480761528015137
3.0,0.0,9.710624694824219,222.96788024902344,9.527765274047852,101.83570098876953,8.480761528015137
4.0,0.0,9.562891960144043,222.9104766845703,9.525717735290527,101.61935424804688,8.480761528015137
5.0,0.0,9.51901626586914,222.94236755371094,9.525110244750977,101.45014953613281,8.480761528015137
6.0,0.0,9.435595512390137,222.93484497070312,9.523954391479492,101.26506042480469,8.480761528015137
7.0,0.0,9.31573486328125,222.88995361328125,9.522294044494629,101.0672836303711,8.480761528015137
8.0,0.0,9.267875671386719,222.90760803222656,9.52163028717041,100.89913177490234,8.480761528015137
9.0,0.0,9.264518737792969,222.9635772705078,9.521584510803223,100.74738311767578,8.480761528015137
10.0,0.0,9.283151626586914,223.03753662109375,9.521842002868652,100.60223388671875,8.480761528015137
11.0,0.0,9.232563018798828,223.04359436035156,9.521141052246094,100.43304443359375,8.480761528015137
12.0,0.0,9.176070213317871,223.04080200195312,9.52035903930664,100.2627944946289,8.480761528015137
13.0,0.0,9.135101318359375,223.04959106445312,9.519790649414062,100.09808349609375,8.480761528015137
14.0,0.0,9.070813179016113,223.0328826904297,9.518899917602539,99.92752838134766,8.480761528015137
15.0,0.0,8.971221923828125,222.97879028320312,9.517520904541016,99.74928283691406,8.480761528015137
16.0,0.0,8.889481544494629,222.93849182128906,9.516387939453125,99.57797241210938,8.480761528015137
17.0,0.0,8.863115310668945,222.94883728027344,9.516022682189941,99.42118835449219,8.480761528015137
18.0,0.0,8.839709281921387,222.95924377441406,9.515698432922363,99.26530456542969,8.480761528015137
19.0,0.0,8.819189071655273,222.9696807861328,9.515413284301758,99.1102066040039,8.480761528015137
20.0,0.0,8.774776458740234,222.9538116455078,9.514798164367676,98.95118713378906,8.480761528015137
21.0,0.0,8.699914932250977,222.90496826171875,9.513761520385742,98.78849029541016,8.480761528015137
22.0,0.0,8.633133888244629,222.86109924316406,9.512835502624512,98.62909698486328,8.480761528015137
23.0,0.0,8.61257266998291,222.8601837158203,9.512551307678223,98.47722625732422,8.480761528015137
24.0,0.0,8.582979202270508,222.84759521484375,9.512141227722168,98.32481384277344,8.480761528015137
25.0,0.0,8.552135467529297,222.8310546875,9.511713981628418,98.17304229736328,8.480761528015137
26.0,0.0,8.524231910705566,222.81475830078125,9.511326789855957,98.02233123779297,8.480761528015137
27.0,0.0,8.499187469482422,222.7986602783203,9.510979652404785,97.87255859375,8.480761528015137
28.0,0.0,8.4769868850708,222.78277587890625,9.510672569274902,97.7236099243164,8.480761528015137
29.0,0.0,8.45759391784668,222.76708984375,9.510403633117676,97.57540893554688,8.480761528015137
30.0,0.0,8.441000938415527,222.75161743164062,9.510173797607422,97.4278335571289,8.480761528015137
31.0,0.0,8.41594409942627,222.72511291503906,9.50982666015625,97.281005859375,8.480761528015137
32.0,0.0,8.41612720489502,222.72128295898438,9.5098295211792,97.1341781616211,8.480761528015137
33.0,0.0,8.422972679138184,222.72154235839844,9.509923934936523,96.9870834350586,8.480761528015137
34.0,0.0,8.432475090026855,222.7218780517578,9.510055541992188,96.83970642089844,8.480761528015137
35.0,0.0,8.440421104431152,222.71807861328125,9.51016616821289,96.69231414794922,8.480761528015137
36.0,0.0,8.443525314331055,222.70687866210938,9.510209083557129,96.54537963867188,8.480761528015137
37.0,0.0,8.449310302734375,222.69577026367188,9.510289192199707,96.39828491210938,8.480761528015137
38.0,0.0,8.45776081085205,222.68472290039062,9.510405540466309,96.25093841552734,8.480761528015137
39.0,0.0,8.469594955444336,222.67442321777344,9.510570526123047,96.10311126708984,8.480761528015137
40.0,0.0,8.483306884765625,222.66336059570312,9.510760307312012,95.95496368408203,8.480761528015137
41.0,0.0,8.498515129089355,222.65113830566406,9.510971069335938,95.80651092529297,8.480761528015137
42.0,0.0,8.515783309936523,222.63829040527344,9.511210441589355,95.65760803222656,8.480761528015137
43.0,0.0,8.535834312438965,222.62548828125,9.51148796081543,95.50801849365234,8.480761528015137
44.0,0.0,8.54959774017334,222.60389709472656,9.511678695678711,95.35987091064453,8.480761528015137
45.0,0.0,8.56344223022461,222.57974243164062,9.511870384216309,95.21186828613281,8.480761528015137
46.0,0.0,8.580055236816406,222.55560302734375,9.512100219726562,95.06330871582031,8.480761528015137
47.0,0.0,8.599434852600098,222.53143310546875,9.512369155883789,94.91409301757812,8.480761528015137
48.0,0.0,8.6235933303833,222.5091094970703,9.512703895568848,94.76353454589844,8.480761528015137
49.0,0.0,8.67678165435791,222.51145935058594,9.51344108581543,94.60350036621094,8.480761528015137
50.0,0.0,8.733469009399414,222.5139923095703,9.514225959777832,94.44137573242188,8.480761528015137
51.0,0.0,8.787318229675293,222.5106964111328,9.514972686767578,94.2793197631836,8.480761528015137
52.0,0.0,8.814969062805176,222.47994995117188,9.515355110168457,94.12631225585938,8.480761528015137
53.0,0.0,8.817100524902344,222.42288208007812,9.515384674072266,93.98342895507812,8.480761528015137
54.0,0.0,8.821958541870117,222.3657989501953,9.51545238494873,93.84040832519531,8.480761528015137
55.0,0.0,8.84909439086914,222.3263702392578,9.515828132629395,93.68888854980469,8.480761528015137
56.0,0.0,8.912960052490234,222.3170928955078,9.51671314239502,93.52152252197266,8.480761528015137
57.0,0.0,8.984762191772461,222.31146240234375,9.517707824707031,93.3497314453125,8.480761528015137
58.0,0.0,9.070074081420898,222.31417846679688,9.518890380859375,93.17060852050781,8.480761528015137
59.0,0.0,9.120044708251953,222.28216552734375,9.519582748413086,93.00731658935547,8.480761528015137
60.0,0.0,9.171971321105957,222.24856567382812,9.520301818847656,92.84286499023438,8.480761528015137
61.0,0.0,9.264363288879395,222.24630737304688,9.521581649780273,92.65737915039062,8.480761528015137
62.0,0.0,9.361767768859863,222.24420166015625,9.522932052612305,92.46790313720703,8.480761528015137
63.0,0.0,9.424790382385254,222.20907592773438,9.523804664611816,92.29583740234375,8.480761528015137
64.0,0.0,9.491744041442871,222.17359924316406,9.52473258972168,92.12129211425781,8.480761528015137
65.0,0.0,9.632991790771484,222.19522094726562,9.526689529418945,91.90374755859375,8.480761528015137
66.0,0.0,9.880772590637207,222.29771423339844,9.530122756958008,91.62113952636719,8.480761528015137
67.0,0.0,9.923975944519043,222.22946166992188,9.530721664428711,91.45661163330078,8.480761528015137
68.0,0.0,10.024188041687012,222.2027587890625,9.532110214233398,91.2575454711914,8.480761528015137
69.0,0.0,10.153751373291016,222.1942901611328,9.533905029296875,91.03912353515625,8.480761528015137
70.0,0.0,10.312899589538574,222.2032012939453,9.536109924316406,90.80008697509766,8.480761528015137
71.0,0.0,10.405965805053711,222.1563262939453,9.537399291992188,90.60224151611328,8.480761528015137
72.0,0.0,10.504043579101562,222.108642578125,9.538758277893066,90.40066528320312,8.480761528015137
73.0,0.0,10.628411293029785,222.07550048828125,9.540481567382812,90.18074798583984,8.480761528015137
74.0,0.0,10.856142044067383,222.1112823486328,9.5436372756958,89.88797760009766,8.480761528015137
75.0,0.0,11.07950210571289,222.13607788085938,9.546731948852539,89.59489440917969,8.480761528015137
76.0,0.0,11.289711952209473,222.14385986328125,9.549644470214844,89.30817413330078,8.480761528015137
77.0,0.0,11.475107192993164,222.12704467773438,9.552213668823242,89.03697967529297,8.480761528015137
78.0,0.0,11.705275535583496,222.133056640625,9.555402755737305,88.73065948486328,8.480761528015137
79.0,0.0,11.982709884643555,222.1616668701172,9.559246063232422,88.38591003417969,8.480761528015137
80.0,0.0,12.350918769836426,222.23883056640625,9.564348220825195,87.96797180175781,8.480761528015137
81.0,0.0,12.588769912719727,222.22181701660156,9.567644119262695,87.64606475830078,8.480761528015137
82.0,0.0,12.856171607971191,222.21409606933594,9.571348190307617,87.29861450195312,8.480761528015137
83.0,0.0,13.126870155334473,222.19859313964844,9.575098991394043,86.94588470458984,8.480761528015137
84.0,0.0,13.511676788330078,222.24009704589844,9.58043098449707,86.498291015625,8.480761528015137
85.0,0.0,13.802038192749023,222.21421813964844,9.584454536437988,86.1235580444336,8.480761528015137
86.0,0.0,14.336631774902344,222.31396484375,9.591861724853516,85.54386138916016,8.480761528015137
87.0,0.0,14.796245574951172,222.35504150390625,9.59822940826416,85.02030181884766,8.480761528015137
88.0,0.0,15.322892189025879,222.41563415527344,9.6055269241333,84.43490600585938,8.480761528015137
89.0,0.0,15.908717155456543,222.48858642578125,9.613643646240234,83.79299926757812,8.480761528015137
90.0,0.0,16.711986541748047,222.6500244140625,9.624773025512695,82.95632934570312,8.480761528015137
91.0,0.0,17.38477325439453,222.7214813232422,9.634095191955566,82.22425079345703,8.480761528015137
92.0,0.0,17.99466896057129,222.74038696289062,9.642545700073242,81.541015625,8.480761528015137
93.0,0.0,19.82988739013672,223.29287719726562,9.667973518371582,79.76033782958984,8.480761528015137
94.0,0.0,21.203556060791016,223.58370971679688,9.687005996704102,78.3710708618164,8.480761528015137
95.0,0.0,23.64003562927246,224.276611328125,9.720765113830566,76.00298309326172,8.480761528015137
96.0,0.0,28.990341186523438,226.07135009765625,9.794897079467773,70.94255828857422,8.480761528015137
167.0,0.0,41.995216369628906,183.5681915283203,9.975086212158203,68.83484649658203,8.480761528015137
168.0,0.0,36.910301208496094,186.85604858398438,9.904632568359375,72.7735595703125,8.480761528015137
169.0,0.0,34.77424621582031,188.04335021972656,9.875036239624023,74.6558609008789,8.480761528015137
170.0,0.0,33.22568130493164,188.83705139160156,9.8535795211792,76.11170959472656,8.480761528015137
171.0,0.0,31.92688751220703,189.4789276123047,9.83558464050293,77.37567901611328,8.480761528015137
172.0,0.0,30.909000396728516,189.93533325195312,9.821480751037598,78.43781280517578,8.480761528015137
173.0,0.0,30.00893783569336,190.3268280029297,9.809009552001953,79.40692138671875,8.480761528015137
174.0,0.0,29.237770080566406,190.64015197753906,9.798324584960938,80.28077697753906,8.480761528015137
175.0,0.0,28.456832885742188,190.9844970703125,9.787505149841309,81.1436538696289,8.480761528015137
176.0,0.0,27.81045150756836,191.2399139404297,9.778548240661621,81.91405487060547,8.480761528015137
177.0,0.0,27.318138122558594,191.3856658935547,9.771727561950684,82.58670806884766,8.480761528015137
178.0,0.0,26.813745498657227,191.5579833984375,9.764739036560059,83.255859375,8.480761528015137
179.0,0.0,26.233016967773438,191.81202697753906,9.756691932678223,83.95360565185547,8.480761528015137
180.0,0.0,25.71599578857422,192.0281219482422,9.749528884887695,84.60631561279297,8.480761528015137
181.0,0.0,25.15723419189453,192.2965545654297,9.74178695678711,85.26746368408203,8.480761528015137
182.0,0.0,24.61602783203125,192.56561279296875,9.734288215637207,85.90704345703125,8.480761528015137
183.0,0.0,24.110902786254883,192.81797790527344,9.727289199829102,86.51710510253906,8.480761528015137
184.0,0.0,23.80561637878418,192.90518188476562,9.72305965423584,87.02737426757812,8.480761528015137
185.0,0.0,23.432086944580078,193.06544494628906,9.717884063720703,87.55999755859375,8.480761528015137
186.0,0.0,22.930009841918945,193.3551483154297,9.71092700958252,88.13597869873047,8.480761528015137
187.0,0.0,22.611364364624023,193.48944091796875,9.706512451171875,88.62727355957031,8.480761528015137
188.0,0.0,22.335826873779297,193.59442138671875,9.7026948928833,89.09492492675781,8.480761528015137
189.0,0.0,21.923545837402344,193.83700561523438,9.696982383728027,89.60505676269531,8.480761528015137
190.0,0.0,21.43931770324707,194.15859985351562,9.69027328491211,90.12865447998047,8.480761528015137
191.0,0.0,20.93756675720215,194.5086669921875,9.683320999145508,90.64427947998047,8.480761528015137
192.0,0.0,20.559879302978516,194.75242614746094,9.678088188171387,91.10720825195312,8.480761528015137
193.0,0.0,20.162755966186523,195.02479553222656,9.672585487365723,91.56517791748047,8.480761528015137
194.0,0.0,19.600656509399414,195.4656982421875,9.66479778289795,92.05696868896484,8.480761528015137
195.0,0.0,19.19350814819336,195.7680206298828,9.65915584564209,92.49161529541016,8.480761528015137
196.0,0.0,18.5507869720459,196.3082733154297,9.650250434875488,92.97075653076172,8.480761528015137
197.0,0.0,18.13106918334961,196.64208984375,9.644434928894043,93.37957763671875,8.480761528015137
198.0,0.0,17.65220069885254,197.0424346923828,9.637800216674805,93.7875747680664,8.480761528015137
199.0,0.0,17.298728942871094,197.32838439941406,9.632903099060059,94.15656280517578,8.480761528015137
200.0,0.0,16.625621795654297,197.93666076660156,9.623576164245605,94.56956481933594,8.480761528015137
201.0,0.0,16.130250930786133,198.37841796875,9.61671257019043,94.93270111083984,8.480761528015137
202.0,0.0,15.665352821350098,198.7975311279297,9.610271453857422,95.27532958984375,8.480761528015137
203.0,0.0,14.977946281433105,199.44447326660156,9.600747108459473,95.62938690185547,8.480761528015137
204.0,0.0,14.27241325378418,200.1168670654297,9.590971946716309,95.9620590209961,8.480761528015137
205.0,0.0,13.833427429199219,200.5305938720703,9.584888458251953,96.2477798461914,8.480761528015137
206.0,0.0,13.481225967407227,200.86326599121094,9.580008506774902,96.51263427734375,8.480761528015137
207.0,0.0,12.651360511779785,201.67787170410156,9.568511009216309,96.78995513916016,8.480761528015137
208.0,0.0,12.459664344787598,201.8600616455078,9.565855026245117,97.01701354980469,8.480761528015137
209.0,0.0,12.278919219970703,202.0353240966797,9.563350677490234,97.2373275756836,8.480761528015137
210.0,0.0,11.446067810058594,202.86647033691406,9.551811218261719,97.45064544677734,8.480761528015137
211.0,0.0,11.016833305358887,203.2975616455078,9.545863151550293,97.64240264892578,8.480761528015137
212.0,0.0,10.622118949890137,203.69723510742188,9.54039478302002,97.82036590576172,8.480761528015137
213.0,0.0,10.258095741271973,204.06900024414062,9.535350799560547,97.986083984375,8.480761528015137
214.0,0.0,9.921411514282227,204.4159393310547,9.530685424804688,98.14088439941406,8.480761528015137
215.0,0.0,9.609267234802246,204.74061584472656,9.526361465454102,98.28591918945312,8.480761528015137
216.0,0.0,9.319239616394043,205.04525756835938,9.522342681884766,98.42217254638672,8.480761528015137
217.0,0.0,9.0406494140625,205.34030151367188,9.518482208251953,98.54948425292969,8.480761528015137
218.0,0.0,8.780566215515137,205.61856079101562,9.514878273010254,98.66939544677734,8.480761528015137
219.0,0.0,8.586623191833496,205.8328857421875,9.512191772460938,98.79035949707031,8.480761528015137
220.0,0.0,8.413407325744629,206.0283203125,9.509791374206543,98.90785217285156,8.480761528015137
221.0,0.0,8.249741554260254,206.21585083007812,9.507523536682129,99.02078247070312,8.480761528015137
222.0,0.0,8.101737976074219,206.38943481445312,9.505473136901855,99.13088989257812,8.480761528015137
223.0,0.0,7.966586112976074,206.5518341064453,9.503600120544434,99.23833465576172,8.480761528015137
224.0,0.0,7.838374614715576,206.70880126953125,9.501824378967285,99.34233093261719,8.480761528015137
225.0,0.0,7.705128192901611,206.87185668945312,9.499978065490723,99.44009399414062,8.480761528015137
226.0,0.0,7.522674083709717,207.083251953125,9.49744987487793,99.5191421508789,8.480761528015137
227.0,0.0,7.3510541915893555,207.28472900390625,9.495072364807129,99.59461212158203,8.480761528015137
228.0,0.0,7.20290470123291,207.4642791748047,9.493019104003906,99.67098236083984,8.480761528015137
229.0,0.0,7.09393310546875,207.60728454589844,9.491509437561035,99.75454711914062,8.480761528015137
230.0,0.0,6.997185707092285,207.73960876464844,9.490168571472168,99.83800506591797,8.480761528015137
231.0,0.0,6.905219078063965,207.86831665039062,9.48889446258545,99.91928100585938,8.480761528015137
232.0,0.0,6.817782878875732,207.99363708496094,9.487683296203613,99.9985122680664,8.480761528015137
233.0,0.0,6.7346882820129395,208.11573791503906,9.486532211303711,100.0758285522461,8.480761528015137
234.0,0.0,6.655693054199219,208.23484802246094,9.485437393188477,100.1513442993164,8.480761528015137
235.0,0.0,6.588100433349609,208.3443603515625,9.484500885009766,100.22835540771484,8.480761528015137
236.0,0.0,6.5347137451171875,208.44192504882812,9.483760833740234,100.30860900878906,8.480761528015137
237.0,0.0,6.484235763549805,208.53787231445312,9.483061790466309,100.38764190673828,8.480761528015137
238.0,0.0,6.4312968254089355,208.63694763183594,9.482328414916992,100.46305084228516,8.480761528015137
239.0,0.0,6.3737359046936035,208.7409210205078,9.481531143188477,100.53366088867188,8.480761528015137
240.0,0.0,6.319243907928467,208.84295654296875,9.480775833129883,100.60310363769531,8.480761528015137
241.0,0.0,6.267658233642578,208.94322204589844,9.480060577392578,100.67144775390625,8.480761528015137
242.0,0.0,6.218918800354004,209.04177856445312,9.479385375976562,100.73876953125,8.480761528015137
243.0,0.0,6.16994571685791,209.1412353515625,9.478707313537598,100.80352020263672,8.480761528015137
244.0,0.0,6.1256513595581055,209.23745727539062,9.478093147277832,100.8684310913086,8.480761528015137
245.0,0.0,6.08808708190918,209.328857421875,9.47757339477539,100.93489074707031,8.480761528015137
246.0,0.0,6.050325393676758,209.42117309570312,9.477049827575684,100.99908447265625,8.480761528015137
247.0,0.0,6.0143866539001465,209.5127410888672,9.47655200958252,101.06221771240234,8.480761528015137
248.0,0.0,5.980761528015137,209.60321044921875,9.476085662841797,101.12469482421875,8.480761528015137
249.0,0.0,5.949440956115723,209.69259643554688,9.475651741027832,101.18656921386719,8.480761528015137
250.0,0.0,5.915494918823242,209.78469848632812,9.475181579589844,101.2447509765625,8.480761528015137
251.0,0.0,5.861330032348633,209.89266967773438,9.474431037902832,101.28759765625,8.480761528015137
252.0,0.0,5.810013771057129,209.99862670898438,9.47372055053711,101.32975006103516,8.480761528015137
253.0,0.0,5.763035297393799,210.10153198242188,9.473069190979004,101.37235260009766,8.480761528015137
254.0,0.0,5.7328901290893555,210.1925048828125,9.472651481628418,101.42426300048828,8.480761528015137
255.0,0.0,5.704934120178223,210.28245544433594,9.472264289855957,101.47575378417969,8.480761528015137
256.0,0.0,5.685131072998047,210.36727905273438,9.471989631652832,101.53118896484375,8.480761528015137
257.0,0.0,5.688022136688232,210.43736267089844,9.472029685974121,101.60152435302734,8.480761528015137
258.0,0.0,5.6927690505981445,210.5074462890625,9.472095489501953,101.67202758789062,8.480761528015137
259.0,0.0,5.699376106262207,210.57760620117188,9.472187042236328,101.74276733398438,8.480761528015137
260.0,0.0,5.707866668701172,210.64785766601562,9.472304344177246,101.81378173828125,8.480761528015137
261.0,0.0,5.718239784240723,210.71827697753906,9.472448348999023,101.88512420654297,8.480761528015137
262.0,0.0,5.7295966148376465,210.78945922851562,9.47260570526123,101.95610809326172,8.480761528015137
263.0,0.0,5.7261152267456055,210.87094116210938,9.472557067871094,102.01409912109375,8.480761528015137
264.0,0.0,5.726154327392578,210.95132446289062,9.47255802154541,102.073486328125,8.480761528015137
265.0,0.0,5.73566198348999,211.0272979736328,9.472689628601074,102.13921356201172,8.480761528015137
266.0,0.0,5.747033596038818,211.103515625,9.472846984863281,102.20525360107422,8.480761528015137
267.0,0.0,5.760302543640137,211.17999267578125,9.473031044006348,102.27164459228516,8.480761528015137
268.0,0.0,5.775489807128906,211.25680541992188,9.473241806030273,102.33844757080078,8.480761528015137
269.0,0.0,5.792616844177246,211.33399963378906,9.473479270935059,102.40570068359375,8.480761528015137
270.0,0.0,5.811720848083496,211.41162109375,9.473743438720703,102.47345733642578,8.480761528015137
271.0,0.0,5.833161354064941,211.48959350585938,9.474040985107422,102.54206848144531,8.480761528015137
272.0,0.0,5.865276336669922,211.56405639648438,9.474485397338867,102.61890411376953,8.480761528015137
273.0,0.0,5.899669170379639,211.6393280029297,9.47496223449707,102.69672393798828,8.480761528015137
274.0,0.0,5.936384201049805,211.71546936035156,9.475470542907715,102.77557373046875,8.480761528015137
275.0,0.0,5.975495338439941,211.79254150390625,9.47601318359375,102.85552978515625,8.480761528015137
276.0,0.0,6.017088413238525,211.87060546875,9.47658920288086,102.93667602539062,8.480761528015137
277.0,0.0,6.061225891113281,211.9497528076172,9.477200508117676,103.01908111572266,8.480761528015137
278.0,0.0,6.108001708984375,212.03005981445312,9.477849006652832,103.10283660888672,8.480761528015137
279.0,0.0,6.156849384307861,212.11183166503906,9.478525161743164,103.18740844726562,8.480761528015137
280.0,0.0,6.183921813964844,212.20327758789062,9.478900909423828,103.2503662109375,8.480761528015137
281.0,0.0,6.213282585144043,212.29551696777344,9.479307174682617,103.31404113769531,8.480761528015137
282.0,0.0,6.250677108764648,212.38687133789062,9.479825973510742,103.38390350341797,8.480761528015137
283.0,0.0,6.291204929351807,212.47914123535156,9.480386734008789,103.45535278320312,8.480761528015137
284.0,0.0,6.334290504455566,212.57261657714844,9.48098373413086,103.52783966064453,8.480761528015137
285.0,0.0,6.380035400390625,212.66738891601562,9.48161792755127,103.60145568847656,8.480761528015137
286.0,0.0,6.428513050079346,212.76353454589844,9.48228931427002,103.67625427246094,8.480761528015137
287.0,0.0,6.492087364196777,212.85842895507812,9.483170509338379,103.76427459716797,8.480761528015137
288.0,0.0,6.569711208343506,212.95301818847656,9.484246253967285,103.86460876464844,8.480761528015137
289.0,0.0,6.651394367218018,213.04989624023438,9.485377311706543,103.967529296875,8.480761528015137
290.0,0.0,6.737342834472656,213.14923095703125,9.486568450927734,104.07320404052734,8.480761528015137
291.0,0.0,6.827795505523682,213.2511749267578,9.487821578979492,104.18182373046875,8.480761528015137
292.0,0.0,6.923005104064941,213.3558807373047,9.489141464233398,104.29358673095703,8.480761528015137
293.0,0.0,7.023224353790283,213.46360778808594,9.490530014038086,104.40869903564453,8.480761528015137
294.0,0.0,7.128739833831787,213.57449340820312,9.491991996765137,104.52737426757812,8.480761528015137
295.0,0.0,7.239887714385986,213.6887664794922,9.493532180786133,104.6498794555664,8.480761528015137
296.0,0.0,7.356993198394775,213.80670166015625,9.49515438079834,104.7764663696289,8.480761528015137
297.0,0.0,7.4908246994018555,213.92800903320312,9.497008323669434,104.91780090332031,8.480761528015137
298.0,0.0,7.643004894256592,214.05348205566406,9.499116897583008,105.07543182373047,8.480761528015137
299.0,0.0,7.804101943969727,214.18418884277344,9.501349449157715,105.23983001708984,8.480761528015137
300.0,0.0,7.974815845489502,214.32057189941406,9.503714561462402,105.41156005859375,8.480761528015137
301.0,0.0,8.150446891784668,214.4630126953125,9.506148338317871,105.58576965332031,8.480761528015137
302.0,0.0,8.25992202758789,214.60914611816406,9.507664680480957,105.69127655029297,8.480761528015137
303.0,0.0,8.375177383422852,214.75930786132812,9.509262084960938,105.7999038696289,8.480761528015137
304.0,0.0,8.496539115905762,214.91378784179688,9.510943412780762,105.91185760498047,8.480761528015137
305.0,0.0,8.644998550415039,215.07470703125,9.51300048828125,106.04792022705078,8.480761528015137
306.0,0.0,8.958904266357422,215.25802612304688,9.517349243164062,106.34540557861328,8.480761528015137
307.0,0.0,9.318819046020508,215.45761108398438,9.522336959838867,106.68467712402344,8.480761528015137
308.0,0.0,9.651823043823242,215.66554260253906,9.52695083618164,106.9929428100586,8.480761528015137
309.0,0.0,9.787652015686035,215.85350036621094,9.52883243560791,107.10197448730469,8.480761528015137
310.0,0.0,9.930866241455078,216.04696655273438,9.530817031860352,107.21458435058594,8.480761528015137
311.0,0.0,10.218496322631836,216.27252197265625,9.534802436828613,107.4650650024414,8.480761528015137
312.0,0.0,10.732269287109375,216.5546112060547,9.54192066192627,107.93168640136719,8.480761528015137
313.0,0.0,11.066460609436035,216.81297302246094,9.546550750732422,108.21644592285156,8.480761528015137
314.0,0.0,11.416356086730957,217.08572387695312,9.551399230957031,108.5105209350586,8.480761528015137
315.0,0.0,12.00086784362793,217.43048095703125,9.559497833251953,109.0247802734375,8.480761528015137
316.0,0.0,12.304239273071289,217.71617126464844,9.563701629638672,109.26007843017578,8.480761528015137
317.0,0.0,12.6282320022583,218.01705932617188,9.568190574645996,109.50855255126953,8.480761528015137
318.0,0.0,13.21490478515625,218.40907287597656,9.576318740844727,109.99974060058594,8.480761528015137
319.0,0.0,13.694300651550293,218.78428649902344,9.582961082458496,110.37936401367188,8.480761528015137
320.0,0.0,14.129968643188477,219.15892028808594,9.588997840881348,110.7085189819336,8.480761528015137
321.0,0.0,14.230782508850098,219.426025390625,9.590394973754883,110.7159652709961,8.480761528015137
322.0,0.0,14.337824821472168,219.69720458984375,9.591877937316895,110.72386932373047,8.480761528015137
323.0,0.0,14.530860900878906,220.00389099121094,9.594552040100098,110.80543518066406,8.480761528015137
324.0,0.0,14.746194839477539,220.32412719726562,9.597536087036133,110.90065002441406,8.480761528015137
325.0,0.0,14.680070877075195,220.5301513671875,9.596619606018066,110.73377990722656,8.480761528015137
326.0,0.0,14.585787773132324,220.71983337402344,9.59531307220459,110.53853607177734,8.480761528015137
327.0,0.0,14.641064643859863,220.97265625,9.596078872680664,110.47391510009766,8.480761528015137
328.0,0.0,14.908489227294922,221.32496643066406,9.599784851074219,110.59162902832031,8.480761528015137
329.0,0.0,14.84463882446289,221.52244567871094,9.598899841308594,110.41142272949219,8.480761528015137
330.0,0.0,14.382511138916016,221.5162811279297,9.592496871948242,109.88368225097656,8.480761528015137
331.0,0.0,13.759902000427246,221.41114807128906,9.583869934082031,109.22278594970703,8.480761528015137
332.0,0.0,13.535297393798828,221.49652099609375,9.580758094787598,108.9067611694336,8.480761528015137
333.0,0.0,13.701698303222656,221.786376953125,9.583064079284668,108.91905212402344,8.480761528015137
334.0,0.0,13.800701141357422,222.0410614013672,9.58443546295166,108.86885833740234,8.480761528015137
335.0,0.0,13.631208419799805,222.1420135498047,9.582087516784668,108.593505859375,8.480761528015137
336.0,0.0,13.400240898132324,222.19956970214844,9.578886985778809,108.2684555053711,8.480761528015137
337.0,0.0,13.103055953979492,222.20828247070312,9.574769020080566,107.89202880859375,8.480761528015137
338.0,0.0,13.13241195678711,222.4076385498047,9.575176239013672,107.77572631835938,8.480761528015137
339.0,0.0,13.026488304138184,222.52008056640625,9.573708534240723,107.55062103271484,8.480761528015137
340.0,0.0,12.685081481933594,222.47560119628906,9.568978309631348,107.14456176757812,8.480761528015137
341.0,0.0,12.52802848815918,222.5406036376953,9.566802024841309,106.8822021484375,8.480761528015137
342.0,0.0,12.372149467468262,222.59976196289062,9.564641952514648,106.62142944335938,8.480761528015137
343.0,0.0,12.179302215576172,222.62710571289062,9.561969757080078,106.33451080322266,8.480761528015137
344.0,0.0,12.003349304199219,222.65875244140625,9.559532165527344,106.06160736083984,8.480761528015137
345.0,0.0,11.777493476867676,222.6481170654297,9.556403160095215,105.75511169433594,8.480761528015137
346.0,0.0,11.565482139587402,222.6393585205078,9.553464889526367,105.46125030517578,8.480761528015137
347.0,0.0,11.558124542236328,222.77273559570312,9.553362846374512,105.30967712402344,8.480761528015137
348.0,0.0,11.567930221557617,222.91612243652344,9.553499221801758,105.16736602783203,8.480761528015137
349.0,0.0,11.355300903320312,222.88909912109375,9.550553321838379,104.87671661376953,8.480761528015137
350.0,0.0,11.24482536315918,222.93292236328125,9.549022674560547,104.65497589111328,8.480761528015137
351.0,0.0,11.095884323120117,222.9417266845703,9.546958923339844,104.40982055664062,8.480761528015137
352.0,0.0,10.935041427612305,222.9352569580078,9.544730186462402,104.15925598144531,8.480761528015137
353.0,0.0,10.78218936920166,222.9290771484375,9.542612075805664,103.91590118408203,8.480761528015137
354.0,0.0,10.63693618774414,222.92323303222656,9.540599822998047,103.67927551269531,8.480761528015137
355.0,0.0,10.498858451843262,222.91766357421875,9.538686752319336,103.448974609375,8.480761528015137
356.0,0.0,10.450021743774414,222.9807586669922,9.538009643554688,103.27059173583984,8.480761528015137
357.0,0.0,10.42774772644043,223.0625457763672,9.537701606750488,103.10629272460938,8.480761528015137
358.0,0.0,10.286983489990234,223.0406951904297,9.535751342773438,102.87825775146484,8.480761528015137
359.0,0.0,10.103086471557617,222.97659301757812,9.533203125,102.63056182861328,8.480761528015137
0.0,-5.625,11.883600234985352,224.60874938964844,10.138265609741211,103.32225036621094,8.480761528015137
1.0,-5.625,11.730854034423828,224.57623291015625,10.12868881225586,103.06831359863281,8.480761528015137
2.0,-5.625,11.646799087524414,224.59869384765625,10.123417854309082,102.84925842285156,8.480761528015137
3.0,-5.625,11.537123680114746,224.5938262939453,10.11654281616211,102.61963653564453,8.480761528015137
4.0,-5.625,11.400100708007812,224.5595245361328,10.107952117919922,102.37998962402344,8.480761528015137
5.0,-5.625,11.270294189453125,224.5265655517578,10.099814414978027,102.14615631103516,8.480761528015137
6.0,-5.625,11.151939392089844,224.4990692138672,10.09239387512207,101.91958618164062,8.480761528015137
7.0,-5.625,11.010431289672852,224.44549560546875,10.083521842956543,101.68649291992188,8.480761528015137
8.0,-5.625,10.878195762634277,224.39552307128906,10.075231552124023,101.46009063720703,8.480761528015137
9.0,-5.625,10.776811599731445,224.36956787109375,10.068875312805176,101.24764251708984,8.480761528015137
10.0,-5.625,10.696182250976562,224.35879516601562,10.063819885253906,101.04432678222656,8.480761528015137
11.0,-5.625,10.620476722717285,224.34866333007812,10.059073448181152,100.84414672851562,8.480761528015137
12.0,-5.625,10.525665283203125,224.31646728515625,10.053129196166992,100.63961029052734,8.480761528015137
13.0,-5.625,10.456730842590332,224.30494689941406,10.048807144165039,100.44468688964844,8.480761528015137
14.0,-5.625,10.392498016357422,224.29420471191406,10.044780731201172,100.25242614746094,8.480761528015137
15.0,-5.625,10.303582191467285,224.25599670410156,10.039204597473145,100.05517578125,8.480761528015137
16.0,-5.625,10.194513320922852,224.19442749023438,10.032366752624512,99.85536193847656,8.480761528015137
17.0,-5.625,10.089632034301758,224.13302612304688,10.02579116821289,99.65940856933594,8.480761528015137
18.0,-5.625,10.030285835266113,224.11231994628906,10.02207088470459,99.47560119628906,8.480761528015137
19.0,-5.625,9.989029884338379,224.10594177246094,10.019485473632812,99.29656982421875,8.480761528015137
20.0,-5.625,9.951712608337402,224.10018920898438,10.017145156860352,99.1190414428711,8.480761528015137
21.0,-5.625,9.902914047241211,224.0799102783203,10.014084815979004,98.94053649902344,8.480761528015137
22.0,-5.625,9.840246200561523,224.0426788330078,10.010156631469727,98.76139831542969,8.480761528015137
23.0,-5.625,9.788915634155273,224.013427734375,10.006938934326172,98.58534240722656,8.480761528015137
24.0,-5.625,9.763317108154297,224.00656127929688,10.00533390045166,98.41329193115234,8.480761528015137
25.0,-5.625,9.72486686706543,223.98387145996094,10.002922058105469,98.24076080322266,8.480761528015137
26.0,-5.625,9.690313339233398,223.96200561523438,10.00075626373291,98.06957244873047,8.480761528015137
27.0,-5.625,9.647614479064941,223.9290008544922,9.998079299926758,97.89900970458984,8.480761528015137
28.0,-5.625,9.63782787322998,223.9258270263672,9.997466087341309,97.73078918457031,8.480761528015137
29.0,-5.625,9.648783683776855,223.94041442871094,9.998152732849121,97.56310272216797,8.480761528015137
30.0,-5.625,9.663253784179688,223.95558166503906,9.999059677124023,97.39495849609375,8.480761528015137
31.0,-5.625,9.626749038696289,223.9169464111328,9.996770858764648,97.22745513916016,8.480761528015137
32.0,-5.625,9.60116958618164,223.8863067626953,9.99516773223877,97.06084442138672,8.480761528015137
33.0,-5.625,9.579030990600586,223.85621643066406,9.993779182434082,96.89505004882812,8.480761528015137
34.0,-5.625,9.55990982055664,223.82626342773438,9.99258041381836,96.72998046875,8.480761528015137
35.0,-5.625,9.539968490600586,223.7926483154297,9.99133014678955,96.56584930419922,8.480761528015137
36.0,-5.625,9.520013809204102,223.75619506835938,9.99007797241211,96.40267944335938,8.480761528015137
37.0,-5.625,9.503353118896484,223.72019958496094,9.989034652709961,96.24009704589844,8.480761528015137
38.0,-5.625,9.492777824401855,223.6874237060547,9.988371849060059,96.07759094238281,8.480761528015137
39.0,-5.625,9.51141357421875,223.6806182861328,9.989541053771973,95.91117095947266,8.480761528015137
40.0,-5.625,9.533401489257812,223.6741485595703,9.99091911315918,95.74398803710938,8.480761528015137
41.0,-5.625,9.558755874633789,223.66798400878906,9.992507934570312,95.5759048461914,8.480761528015137
42.0,-5.625,9.570075988769531,223.64511108398438,9.993217468261719,95.4104995727539,8.480761528015137
43.0,-5.625,9.591997146606445,223.62960815429688,9.994592666625977,95.2428970336914,8.480761528015137
44.0,-5.625,9.655632972717285,223.6514434814453,9.998580932617188,95.06497192382812,8.480761528015137
45.0,-5.625,9.717229843139648,223.6679229736328,10.00244426727295,94.88614654541016,8.480761528015137
46.0,-5.625,9.74990177154541,223.6532745361328,10.004491806030273,94.71411895751953,8.480761528015137
47.0,-5.625,9.761716842651367,223.61558532714844,10.005232810974121,94.54800415039062,8.480761528015137
48.0,-5.625,9.776928901672363,223.57815551757812,10.006186485290527,94.38130187988281,8.480761528015137
49.0,-5.625,9.803712844848633,223.54864501953125,10.007864952087402,94.21123504638672,8.480761528015137
50.0,-5.625,9.837080001831055,223.5221710205078,10.009958267211914,94.03897857666016,8.480761528015137
51.0,-5.625,9.884289741516113,223.50537109375,10.012917518615723,93.8616714477539,8.480761528015137
52.0,-5.625,9.926609992980957,223.48065185546875,10.015571594238281,93.68576049804688,8.480761528015137
53.0,-5.625,9.956955909729004,223.4416046142578,10.017474174499512,93.51435089111328,8.480761528015137
54.0,-5.625,9.990982055664062,223.4027099609375,10.019606590270996,93.34165954589844,8.480761528015137
55.0,-5.625,10.049797058105469,223.3829345703125,10.023294448852539,93.15858459472656,8.480761528015137
56.0,-5.625,10.132508277893066,223.3809051513672,10.028480529785156,92.96439361572266,8.480761528015137
57.0,-5.625,10.220332145690918,223.37937927246094,10.033985137939453,92.76665496826172,8.480761528015137
58.0,-5.625,10.313414573669434,223.37831115722656,10.03982162475586,92.56513214111328,8.480761528015137
59.0,-5.625,10.412025451660156,223.3777618408203,10.046004295349121,92.35954284667969,8.480761528015137
60.0,-5.625,10.516366958618164,223.37771606445312,10.052546501159668,92.14962768554688,8.480761528015137
61.0,-5.625,10.626725196838379,223.37820434570312,10.059465408325195,91.93505859375,8.480761528015137
62.0,-5.625,10.743352890014648,223.3792266845703,10.066777229309082,91.71553802490234,8.480761528015137
63.0,-5.625,10.881107330322266,223.39295959472656,10.075413703918457,91.48277282714844,8.480761528015137
64.0,-5.625,11.030035972595215,223.41050720214844,10.084750175476074,91.24152374267578,8.480761528015137
65.0,-5.625,11.168519020080566,223.41384887695312,10.093433380126953,91.00389099121094,8.480761528015137
66.0,-5.625,11.30124282836914,223.40699768066406,10.101755142211914,90.7676773071289,8.480761528015137
67.0,-5.625,11.485275268554688,223.43540954589844,10.11329174041748,90.498779296875,8.480761528015137
68.0,-5.625,11.622407913208008,223.42039489746094,10.1218900680542,90.255859375,8.480761528015137
69.0,-5.625,11.868213653564453,223.483642578125,10.137300491333008,89.94275665283203,8.480761528015137
70.0,-5.625,12.059773445129395,223.4973602294922,10.149310111999512,89.66029357910156,8.480761528015137
71.0,-5.625,12.271486282348633,223.51907348632812,10.16258430480957,89.36182403564453,8.480761528015137
72.0,-5.625,12.514663696289062,223.55638122558594,10.177830696105957,89.03917694091797,8.480761528015137
73.0,-5.625,12.661144256591797,223.51487731933594,10.187013626098633,88.7789306640625,8.480761528015137
74.0,-5.625,12.917585372924805,223.54568481445312,10.203091621398926,88.44103240966797,8.480761528015137
75.0,-5.625,13.224996566772461,223.60324096679688,10.222365379333496,88.0633316040039,8.480761528015137
76.0,-5.625,13.51990032196045,223.64175415039062,10.240853309631348,87.68998718261719,8.480761528015137
77.0,-5.625,13.789955139160156,223.6531524658203,10.257784843444824,87.33070373535156,8.480761528015137
78.0,-5.625,14.106679916381836,223.68582153320312,10.277642250061035,86.9333724975586,8.480761528015137
79.0,-5.625,14.44611930847168,223.72219848632812,10.298922538757324,86.51471710205078,8.480761528015137
80.0,-5.625,14.942269325256348,223.84674072265625,10.330029487609863,85.97140502929688,8.480761528015137
81.0,-5.625,15.2478666305542,223.83607482910156,10.349189758300781,85.5688705444336,8.480761528015137
82.0,-5.625,15.863632202148438,224.0037078857422,10.387794494628906,84.91851043701172,8.480761528015137
83.0,-5.625,16.483919143676758,224.15411376953125,10.426684379577637,84.25521087646484,8.480761528015137
84.0,-5.625,17.27035903930664,224.381103515625,10.475990295410156,83.44842529296875,8.480761528015137
85.0,-5.625,18.00995635986328,224.55613708496094,10.522358894348145,82.66830444335938,8.480761528015137
86.0,-5.625,19.114606857299805,224.90927124023438,10.591615676879883,81.5750503540039,8.480761528015137
87.0,-5.625,19.88800621032715,225.04835510253906,10.640104293823242,80.7433090209961,8.480761528015137
88.0,-5.625,21.244842529296875,225.46788024902344,10.72517204284668,79.40690612792969,8.480761528015137
89.0,-5.625,23.085546493530273,226.09072875976562,10.840575218200684,77.6361083984375,8.480761528015137
90.0,-5.625,25.973854064941406,227.1736297607422,11.021658897399902,74.93077850341797,8.480761528015137
174.0,-5.625,39.24093246459961,182.5260467529297,11.853443145751953,74.55767059326172,8.480761528015137
175.0,-5.625,36.7110481262207,184.2062225341797,11.694829940795898,76.55498504638672,8.480761528015137
176.0,-5.625,35.120079040527344,185.16664123535156,11.595085144042969,77.96566772460938,8.480761528015137
177.0,-5.625,33.7066650390625,186.01768493652344,11.5064697265625,79.2403335571289,8.480761528015137
178.0,-5.625,32.720916748046875,186.541015625,11.44466781616211,80.25455474853516,8.480761528015137
179.0,-5.625,31.892744064331055,186.95571899414062,11.392744064331055,81.1644058227539,8.480761528015137
180.0,-5.625,31.160789489746094,187.3101348876953,11.346855163574219,82.00676727294922,8.480761528015137
181.0,-5.625,30.255407333374023,187.83717346191406,11.290091514587402,82.9149398803711,8.480761528015137
182.0,-5.625,29.64626121520996,188.12579345703125,11.251900672912598,83.6622314453125,8.480761528015137
183.0,-5.625,29.067609786987305,188.40509033203125,11.215622901916504,84.38124084472656,8.480761528015137
184.0,-5.625,28.56009292602539,188.6374053955078,11.183804512023926,85.05538940429688,8.480761528015137
185.0,-5.625,27.97035026550293,188.95974731445312,11.146829605102539,85.75173950195312,8.480761528015137
186.0,-5.625,27.450489044189453,189.2345733642578,11.114236831665039,86.4049072265625,8.480761528015137
187.0,-5.625,26.984477996826172,189.47476196289062,11.0850191116333,87.02407836914062,8.480761528015137
188.0,-5.625,26.55318832397461,189.6966094970703,11.05798053741455,87.61860656738281,8.480761528015137
189.0,-5.625,26.205123901367188,189.85385131835938,11.036158561706543,88.17273712158203,8.480761528015137
190.0,-5.625,25.74757957458496,190.12567138671875,11.007472038269043,88.75528717041016,8.480761528015137
191.0,-5.625,25.307231903076172,190.3939971923828,10.979864120483398,89.31995391845703,8.480761528015137
192.0,-5.625,24.933828353881836,190.61090087890625,10.956453323364258,89.85220336914062,8.480761528015137
193.0,-5.625,24.578054428100586,190.8221435546875,10.934147834777832,90.36930847167969,8.480761528015137
194.0,-5.625,24.149301528930664,191.1142120361328,10.907268524169922,90.89645385742188,8.480761528015137
195.0,-5.625,23.69147300720215,191.44546508789062,10.87856388092041,91.41861724853516,8.480761528015137
196.0,-5.625,23.195499420166016,191.82472229003906,10.847468376159668,91.93622589111328,8.480761528015137
197.0,-5.625,22.851730346679688,192.0667724609375,10.825916290283203,92.40521240234375,8.480761528015137
198.0,-5.625,22.444862365722656,192.37989807128906,10.800406455993652,92.87687683105469,8.480761528015137
199.0,-5.625,22.00615119934082,192.7338104248047,10.77290153503418,93.34197235107422,8.480761528015137
200.0,-5.625,21.38753318786621,193.27410888671875,10.734116554260254,93.82371520996094,8.480761528015137
201.0,-5.625,20.90813446044922,193.6871337890625,10.704061508178711,94.26416778564453,8.480761528015137
202.0,-5.625,20.3253116607666,194.2112579345703,10.667520523071289,94.70301818847656,8.480761528015137
203.0,-5.625,19.681703567504883,194.8044891357422,10.627169609069824,95.12969207763672,8.480761528015137
204.0,-5.625,19.20939826965332,195.23619079589844,10.59755802154541,95.51768493652344,8.480761528015137
205.0,-5.625,18.910310745239258,195.50306701660156,10.57880687713623,95.87559509277344,8.480761528015137
206.0,-5.625,18.581096649169922,195.80653381347656,10.55816650390625,96.22555541992188,8.480761528015137
207.0,-5.625,18.096242904663086,196.27154541015625,10.527769088745117,96.57189178466797,8.480761528015137
208.0,-5.625,17.473926544189453,196.87998962402344,10.488752365112305,96.90579986572266,8.480761528015137
209.0,-5.625,16.944456100463867,197.40174865722656,10.455556869506836,97.21698760986328,8.480761528015137
210.0,-5.625,16.55998992919922,197.7841796875,10.431453704833984,97.51044464111328,8.480761528015137
211.0,-5.625,16.128761291503906,198.21824645996094,10.40441608428955,97.78945922851562,8.480761528015137
212.0,-5.625,15.534564018249512,198.8194122314453,10.367164611816406,98.04695892333984,8.480761528015137
213.0,-5.625,14.863365173339844,199.50120544433594,10.325082778930664,98.27922821044922,8.480761528015137
214.0,-5.625,14.318340301513672,200.06060791015625,10.290911674499512,98.49723815917969,8.480761528015137
215.0,-5.625,14.054067611694336,200.3439178466797,10.274343490600586,98.72164154052734,8.480761528015137
216.0,-5.625,13.45766544342041,200.96014404296875,10.236950874328613,98.90038299560547,8.480761528015137
217.0,-5.625,13.117941856384277,201.3240509033203,10.215652465820312,99.09037780761719,8.480761528015137
218.0,-5.625,12.78474235534668,201.68397521972656,10.19476318359375,99.26905059814453,8.480761528015137
219.0,-5.625,12.399587631225586,202.09725952148438,10.170615196228027,99.4273452758789,8.480761528015137
220.0,-5.625,12.062461853027344,202.46493530273438,10.149478912353516,99.58031463623047,8.480761528015137
221.0,-5.625,11.747888565063477,202.8120574951172,10.129756927490234,99.72547912597656,8.480761528015137
222.0,-5.625,11.369235038757324,203.22303771972656,10.106017112731934,99.84561157226562,8.480761528015137
223.0,-5.625,10.912313461303711,203.71063232421875,10.077370643615723,99.9342269897461,8.480761528015137
224.0,-5.625,10.635368347167969,204.02371215820312,10.060006141662598,100.0508041381836,8.480761528015137
225.0,-5.625,10.454692840576172,204.24485778808594,10.048680305480957,100.1825180053711,8.480761528015137
226.0,-5.625,10.254495620727539,204.48611450195312,10.036128044128418,100.30186462402344,8.480761528015137
227.0,-5.625,9.928277969360352,204.84852600097656,10.01567554473877,100.37633514404297,8.480761528015137
228.0,-5.625,9.62575912475586,205.18798828125,9.996708869934082,100.44647216796875,8.480761528015137
229.0,-5.625,9.423161506652832,205.4327850341797,9.984006881713867,100.53857421875,8.480761528015137
230.0,-5.625,9.251648902893066,205.6488494873047,9.973255157470703,100.63379669189453,8.480761528015137
231.0,-5.625,9.089774131774902,205.8565216064453,9.963105201721191,100.72593688964844,8.480761528015137
232.0,-5.625,8.947224617004395,206.046875,9.954169273376465,100.81912231445312,8.480761528015137
233.0,-5.625,8.828679084777832,206.21585083007812,9.946736335754395,100.91613006591797,8.480761528015137
234.0,-5.625,8.716638565063477,206.37974548339844,9.939711570739746,101.01095581054688,8.480761528015137
235.0,-5.625,8.610756874084473,206.5388946533203,9.933073997497559,101.103759765625,8.480761528015137
236.0,-5.625,8.505331993103027,206.69842529296875,9.92646312713623,101.19230651855469,8.480761528015137
237.0,-5.625,8.395295143127441,206.8627471923828,9.919565200805664,101.2743148803711,8.480761528015137
238.0,-5.625,8.26380729675293,207.0464324951172,9.911320686340332,101.34159851074219,8.480761528015137
239.0,-5.625,8.132346153259277,207.2301483154297,9.90307903289795,101.4036865234375,8.480761528015137
240.0,-5.625,8.003761291503906,207.4113006591797,9.895017623901367,101.4620132446289,8.480761528015137
241.0,-5.625,7.908079147338867,207.56422424316406,9.889018058776855,101.53227996826172,8.480761528015137
242.0,-5.625,7.808588981628418,207.72068786621094,9.882781028747559,101.59642028808594,8.480761528015137
243.0,-5.625,7.710512161254883,207.87612915039062,9.876631736755371,101.65713500976562,8.480761528015137
244.0,-5.625,7.62364387512207,208.0224151611328,9.871185302734375,101.72000885009766,8.480761528015137
245.0,-5.625,7.578878402709961,208.1345977783203,9.868379592895508,101.80332946777344,8.480761528015137
246.0,-5.625,7.53759765625,208.2449493408203,9.865790367126465,101.88609313964844,8.480761528015137
247.0,-5.625,7.497652053833008,208.35525512695312,9.863286972045898,101.96717071533203,8.480761528015137
248.0,-5.625,7.452333450317383,208.47073364257812,9.860445022583008,102.04242706298828,8.480761528015137
249.0,-5.625,7.410374641418457,208.58441162109375,9.85781478881836,102.11715698242188,8.480761528015137
250.0,-5.625,7.356963157653809,208.7076416015625,9.854466438293457,102.18195343017578,8.480761528015137
251.0,-5.625,7.305853843688965,208.8296356201172,9.851261138916016,102.2453842163086,8.480761528015137
252.0,-5.625,7.258327484130859,208.94949340820312,9.848281860351562,102.30843353271484,8.480761528015137
253.0,-5.625,7.220649719238281,209.06271362304688,9.84592056274414,102.3755111694336,8.480761528015137
254.0,-5.625,7.186066627502441,209.17440795898438,9.843750953674316,102.44226837158203,8.480761528015137
255.0,-5.625,7.175492763519287,209.2699737548828,9.84308910369873,102.52367401123047,8.480761528015137
256.0,-5.625,7.175846099853516,209.3592529296875,9.843111038208008,102.61112976074219,8.480761528015137
257.0,-5.625,7.180513381958008,209.4471435546875,9.843402862548828,102.7001953125,8.480761528015137
258.0,-5.625,7.187836170196533,209.5348663330078,9.843862533569336,102.78974151611328,8.480761528015137
259.0,-5.625,7.197863578796387,209.62246704101562,9.844491004943848,102.87986755371094,8.480761528015137
260.0,-5.625,7.2105865478515625,209.71005249023438,9.845288276672363,102.97064208984375,8.480761528015137
261.0,-5.625,7.222312927246094,209.79998779296875,9.846023559570312,103.0592269897461,8.480761528015137
262.0,-5.625,7.228328704833984,209.89511108398438,9.84640121459961,103.14185333251953,8.480761528015137
263.0,-5.625,7.23001766204834,209.99432373046875,9.846506118774414,103.21940612792969,8.480761528015137
264.0,-5.625,7.234367847442627,210.09335327148438,9.846779823303223,103.29739379882812,8.480761528015137
265.0,-5.625,7.241400718688965,210.19227600097656,9.847221374511719,103.37589263916016,8.480761528015137
266.0,-5.625,7.25114631652832,210.2911376953125,9.847831726074219,103.45496368408203,8.480761528015137
267.0,-5.625,7.263596534729004,210.39004516601562,9.848612785339355,103.53466033935547,8.480761528015137
268.0,-5.625,7.278791904449463,210.48907470703125,9.849565505981445,103.61506652832031,8.480761528015137
269.0,-5.625,7.296777248382568,210.58828735351562,9.850691795349121,103.69625854492188,8.480761528015137
270.0,-5.625,7.325564384460449,210.683837890625,9.852498054504395,103.78523254394531,8.480761528015137
271.0,-5.625,7.359160423278809,210.77903747558594,9.85460376739502,103.87696838378906,8.480761528015137
272.0,-5.625,7.395861625671387,210.87490844726562,9.856904983520508,103.97005462646484,8.480761528015137
273.0,-5.625,7.435760021209717,210.97152709960938,9.859406471252441,104.0645980834961,8.480761528015137
274.0,-5.625,7.478937149047852,211.0689697265625,9.862112998962402,104.16069030761719,8.480761528015137
275.0,-5.625,7.525489807128906,211.16734313964844,9.865032196044922,104.2584457397461,8.480761528015137
276.0,-5.625,7.5755109786987305,211.2667694091797,9.868167877197266,104.35797882080078,8.480761528015137
277.0,-5.625,7.6291327476501465,211.3673095703125,9.871529579162598,104.45941162109375,8.480761528015137
278.0,-5.625,7.686450004577637,211.4691162109375,9.875123023986816,104.56285858154297,8.480761528015137
279.0,-5.625,7.753509998321533,211.5701904296875,9.879327774047852,104.67396545410156,8.480761528015137
280.0,-5.625,7.831460952758789,211.67062377929688,9.884215354919434,104.79393005371094,8.480761528015137
281.0,-5.625,7.933412551879883,211.76670837402344,9.890606880187988,104.93524932861328,8.480761528015137
282.0,-5.625,8.09432601928711,211.84898376464844,9.900694847106934,105.1314697265625,8.480761528015137
283.0,-5.625,8.298751831054688,211.9248504638672,9.913511276245117,105.36864471435547,8.480761528015137
284.0,-5.625,8.448517799377441,212.02308654785156,9.922901153564453,105.5529556274414,8.480761528015137
285.0,-5.625,8.546040534973145,212.14027404785156,9.92901611328125,105.68577575683594,8.480761528015137
286.0,-5.625,8.663043022155762,212.25680541992188,9.93635082244873,105.8358383178711,8.480761528015137
287.0,-5.625,8.786856651306152,212.37643432617188,9.944113731384277,105.9909439086914,8.480761528015137
288.0,-5.625,8.904508590698242,212.50210571289062,9.95149040222168,106.13837432861328,8.480761528015137
289.0,-5.625,9.01975154876709,212.63278198242188,9.958714485168457,106.28162384033203,8.480761528015137
290.0,-5.625,9.151515007019043,212.76512145996094,9.966976165771484,106.43917846679688,8.480761528015137
291.0,-5.625,9.299948692321777,212.89993286132812,9.976282119750977,106.61121368408203,8.480761528015137
292.0,-5.625,9.516647338867188,213.0310821533203,9.9898681640625,106.84874725341797,8.480761528015137
293.0,-5.625,9.760588645935059,213.16693115234375,10.005162239074707,107.11143493652344,8.480761528015137
294.0,-5.625,9.987876892089844,213.31321716308594,10.01941204071045,107.35563659667969,8.480761528015137
295.0,-5.625,10.186884880065918,213.4700164794922,10.031888961791992,107.5694808959961,8.480761528015137
296.0,-5.625,10.398386001586914,213.63319396972656,10.045148849487305,107.79325866699219,8.480761528015137
297.0,-5.625,10.753353118896484,213.7970428466797,10.067403793334961,108.15737915039062,8.480761528015137
298.0,-5.625,11.085025787353516,213.97412109375,10.088197708129883,108.49559020996094,8.480761528015137
299.0,-5.625,11.366527557373047,214.1634979248047,10.105846405029297,108.78071594238281,8.480761528015137
300.0,-5.625,12.184350967407227,214.36509704589844,10.157120704650879,109.5977783203125,8.480761528015137
301.0,-5.625,12.532719612121582,214.5849151611328,10.178961753845215,109.94258880615234,8.480761528015137
302.0,-5.625,13.067266464233398,214.8240966796875,10.212474822998047,110.468994140625,8.480761528015137
303.0,-5.625,13.564977645874023,215.07962036132812,10.24367904663086,110.95399475097656,8.480761528015137
304.0,-5.625,13.891230583190918,215.33953857421875,10.26413345336914,111.26324462890625,8.480761528015137
305.0,-5.625,14.701103210449219,215.65467834472656,10.314908981323242,112.04808044433594,8.480761528015137
306.0,-5.625,15.099665641784668,215.95278930664062,10.339897155761719,112.4178237915039,8.480761528015137
307.0,-5.625,16.140579223632812,216.3451385498047,10.405157089233398,113.41744995117188,8.480761528015137
308.0,-5.625,16.75716781616211,216.71205139160156,10.443815231323242,113.988525390625,8.480761528015137
309.0,-5.625,17.80691909790039,217.1689910888672,10.509629249572754,114.97816467285156,8.480761528015137
310.0,-5.625,19.060230255126953,217.69732666015625,10.58820629119873,116.156494140625,8.480761528015137
311.0,-5.625,20.116230010986328,218.22915649414062,10.654413223266602,117.12821197509766,8.480761528015137
312.0,-5.625,21.45148468017578,218.85504150390625,10.738126754760742,118.3591079711914,8.480761528015137
313.0,-5.625,22.370220184326172,219.42967224121094,10.795726776123047,119.16913604736328,8.480761528015137
314.0,-5.625,24.47940444946289,220.32643127441406,10.927963256835938,121.11673736572266,8.480761528015137
315.0,-5.625,25.162506103515625,220.91812133789062,10.97079086303711,121.66590118408203,8.480761528015137
316.0,-5.625,27.258480072021484,221.9254150390625,11.102198600769043,123.55516052246094,8.480761528015137
317.0,-5.625,28.094621658325195,222.62757873535156,11.154620170593262,124.21524810791016,8.480761528015137
318.0,-5.625,31.011417388916016,224.00543212890625,11.33749008178711,126.83061218261719,8.480761528015137
319.0,-5.625,32.99118423461914,225.16844177246094,11.4616117477417,128.52232360839844,8.480761528015137
320.0,-5.625,34.69078826904297,226.29647827148438,11.568168640136719,129.91949462890625,8.480761528015137
326.0,-5.625,29.12023162841797,227.1669158935547,11.218921661376953,123.50264739990234,8.480761528015137
327.0,-5.625,27.262250900268555,226.77073669433594,11.102434158325195,121.6258316040039,8.480761528015137
328.0,-5.625,26.10553741455078,226.64451599121094,11.029913902282715,120.3877944946289,8.480761528015137
329.0,-5.625,24.829662322998047,226.42092895507812,10.949922561645508,119.0580825805664,8.480761528015137
330.0,-5.625,23.873973846435547,226.3158721923828,10.890005111694336,118.01953887939453,8.480761528015137
331.0,-5.625,22.673704147338867,226.05174255371094,10.814754486083984,116.78282928466797,8.480761528015137
332.0,-5.625,21.59678077697754,225.8140106201172,10.747236251831055,115.666015625,8.480761528015137
333.0,-5.625,21.432369232177734,226.0404052734375,10.736928939819336,115.32527923583984,8.480761528015137
334.0,-5.625,20.789356231689453,225.98960876464844,10.696614265441895,114.58740234375,8.480761528015137
335.0,-5.625,19.851943969726562,225.74713134765625,10.637843132019043,113.61698913574219,8.480761528015137
336.0,-5.625,19.33220672607422,225.72103881835938,10.605257034301758,112.99662780761719,8.480761528015137
337.0,-5.625,18.85674285888672,225.70358276367188,10.575448036193848,112.41743469238281,8.480761528015137
338.0,-5.625,18.478981018066406,225.7298583984375,10.551764488220215,111.9202651977539,8.480761528015137
339.0,-5.625,17.884347915649414,225.60537719726562,10.514483451843262,111.25921630859375,8.480761528015137
340.0,-5.625,17.540708541870117,225.62326049804688,10.492938995361328,110.79826354980469,8.480761528015137
341.0,-5.625,16.876541137695312,225.41763305664062,10.451299667358398,110.10047149658203,8.480761528015137
342.0,-5.625,16.459945678710938,225.3573760986328,10.425180435180664,109.59695434570312,8.480761528015137
343.0,-5.625,16.079328536987305,225.3076171875,10.401317596435547,109.12564849853516,8.480761528015137
344.0,-5.625,15.760350227355957,225.2877655029297,10.381319046020508,108.70394134521484,8.480761528015137
345.0,-5.625,15.371307373046875,225.2069549560547,10.356927871704102,108.2373275756836,8.480761528015137
346.0,-5.625,15.10372543334961,225.20086669921875,10.3401517868042,107.86085510253906,8.480761528015137
347.0,-5.625,14.851381301879883,225.19618225097656,10.324331283569336,107.4982681274414,8.480761528015137
348.0,-5.625,14.495052337646484,225.10476684570312,10.30199146270752,107.06999206542969,8.480761528015137
349.0,-5.625,14.166836738586426,225.0230712890625,10.281414031982422,106.66633605957031,8.480761528015137
350.0,-5.625,13.900830268859863,224.97837829589844,10.26473617553711,106.30824279785156,8.480761528015137
351.0,-5.625,13.674869537353516,224.9556884765625,10.250569343566895,105.97957611083984,8.480761528015137
352.0,-5.625,13.550786972045898,225.00521850585938,10.242790222167969,105.71670532226562,8.480761528015137
353.0,-5.625,13.393484115600586,225.0222930908203,10.232927322387695,105.43487548828125,8.480761528015137
354.0,-5.625,13.058642387390137,224.88900756835938,10.211934089660645,105.05149841308594,8.480761528015137
355.0,-5.625,12.850042343139648,224.84921264648438,10.198856353759766,104.74707794189453,8.480761528015137
356.0,-5.625,12.675230979919434,224.83010864257812,10.187896728515625,104.46513366699219,8.480761528015137
357.0,-5.625,12.459126472473145,224.76976013183594,10.174347877502441,104.16381072998047,8.480761528015137
358.0,-5.625,12.241676330566406,224.7010040283203,10.160715103149414,103.86607360839844,8.480761528015137
359.0,-5.625,12.067500114440918,224.66221618652344,10.149795532226562,103.59490203857422,8.480761528015137
0.0,-11.25,13.860039710998535,226.3213653564453,10.930730819702148,104.18275451660156,8.480761528015137
1.0,-11.25,13.736242294311523,226.32894897460938,10.916997909545898,103.91375732421875,8.480761528015137
2.0,-11.25,13.51396369934082,226.24388122558594,10.892339706420898,103.60164642333984,8.480761528015137
3.0,-11.25,13.324682235717773,226.1810302734375,10.871341705322266,103.30905151367188,8.480761528015137
4.0,-11.25,13.124356269836426,226.1017303466797,10.849120140075684,103.01586151123047,8.480761528015137
5.0,-11.25,12.904550552368164,225.99822998046875,10.824736595153809,102.71926879882812,8.480761528015137
6.0,-11.25,12.720703125,225.92083740234375,10.804342269897461,102.44218444824219,8.480761528015137
7.0,-11.25,12.585615158081055,225.88221740722656,10.78935718536377,102.18782043457031,8.480761528015137
8.0,-11.25,12.454740524291992,225.84219360351562,10.774840354919434,101.93787384033203,8.480761528015137
9.0,-11.25,12.27735424041748,225.753662109375,10.75516128540039,101.67472076416016,8.480761528015137
10.0,-11.25,12.117828369140625,225.67625427246094,10.737465858459473,101.42192840576172,8.480761528015137
11.0,-11.25,12.003533363342285,225.63623046875,10.724786758422852,101.18727111816406,8.480761528015137
12.0,-11.25,11.896106719970703,225.5980224609375,10.712869644165039,100.957275390625,8.480761528015137
13.0,-11.25,11.792000770568848,225.55844116210938,10.70132064819336,100.73068237304688,8.480761528015137
14.0,-11.25,11.655743598937988,225.4835968017578,10.686205863952637,100.49811553955078,8.480761528015137
15.0,-11.25,11.526837348937988,225.4111785888672,10.671905517578125,100.27098846435547,8.480761528015137
16.0,-11.25,11.40492057800293,225.34103393554688,10.658382415771484,100.04891967773438,8.480761528015137
17.0,-11.25,11.320815086364746,225.3032684326172,10.649051666259766,99.83819580078125,8.480761528015137
18.0,-11.25,11.30171012878418,225.3248748779297,10.646931648254395,99.64226531982422,8.480761528015137
19.0,-11.25,11.257954597473145,225.3188934326172,10.642080307006836,99.44193267822266,8.480761528015137
20.0,-11.25,11.18842601776123,225.2840118408203,10.634366035461426,99.23832702636719,8.480761528015137
21.0,-11.25,11.096903800964355,225.22377014160156,10.624213218688965,99.03338623046875,8.480761528015137
22.0,-11.25,11.03668212890625,225.1905975341797,10.617532730102539,98.83507537841797,8.480761528015137
23.0,-11.25,10.982555389404297,225.1598663330078,10.611526489257812,98.63906860351562,8.480761528015137
24.0,-11.25,10.941694259643555,225.1387481689453,10.60699462890625,98.44580078125,8.480761528015137
25.0,-11.25,10.895222663879395,225.108642578125,10.601839065551758,98.2531967163086,8.480761528015137
26.0,-11.25,10.852694511413574,225.07904052734375,10.597121238708496,98.06218719482422,8.480761528015137
27.0,-11.25,10.81263542175293,225.04852294921875,10.592679977416992,97.87256622314453,8.480761528015137
28.0,-11.25,10.768369674682617,225.010498046875,10.5877685546875,97.68409729003906,8.480761528015137
29.0,-11.25,10.728460311889648,224.9735107421875,10.583342552185059,97.49710845947266,8.480761528015137
30.0,-11.25,10.692873001098633,224.93756103515625,10.579392433166504,97.31143951416016,8.480761528015137
31.0,-11.25,10.688775062561035,224.92967224121094,10.578939437866211,97.12612915039062,8.480761528015137
32.0,-11.25,10.678033828735352,224.91195678710938,10.577747344970703,96.94136047363281,8.480761528015137
33.0,-11.25,10.67114543914795,224.8948516845703,10.576982498168945,96.75687408447266,8.480761528015137
34.0,-11.25,10.662598609924316,224.87289428710938,10.576035499572754,96.57295989990234,8.480761528015137
35.0,-11.25,10.661444664001465,224.8550567626953,10.575905799865723,96.38888549804688,8.480761528015137
36.0,-11.25,10.66525650024414,224.8389129638672,10.576330184936523,96.20458984375,8.480761528015137
37.0,-11.25,10.65737533569336,224.8080291748047,10.575454711914062,96.02210235595703,8.480761528015137
38.0,-11.25,10.632614135742188,224.7574005126953,10.572709083557129,95.84282684326172,8.480761528015137
39.0,-11.25,10.671445846557617,224.76602172851562,10.577016830444336,95.65428161621094,8.480761528015137
40.0,-11.25,10.707755088806152,224.76876831054688,10.581045150756836,95.46540832519531,8.480761528015137
41.0,-11.25,10.724813461303711,224.74935913085938,10.58293628692627,95.27976989746094,8.480761528015137
42.0,-11.25,10.735437393188477,224.7204132080078,10.584114074707031,95.09561920166016,8.480761528015137
43.0,-11.25,10.751011848449707,224.6929931640625,10.585843086242676,94.91064453125,8.480761528015137
44.0,-11.25,10.811714172363281,224.70567321777344,10.59257698059082,94.71456909179688,8.480761528015137
45.0,-11.25,10.839895248413086,224.68353271484375,10.595702171325684,94.52600860595703,8.480761528015137
46.0,-11.25,10.845963478088379,224.6369171142578,10.596375465393066,94.34369659423828,8.480761528015137
47.0,-11.25,10.89309310913086,224.6259765625,10.601602554321289,94.14974212646484,8.480761528015137
48.0,-11.25,10.946260452270508,224.61708068847656,10.607503890991211,93.95330047607422,8.480761528015137
49.0,-11.25,11.073692321777344,224.6739501953125,10.621638298034668,93.7313232421875,8.480761528015137
50.0,-11.25,11.133612632751465,224.6634063720703,10.628284454345703,93.53001403808594,8.480761528015137
51.0,-11.25,11.193350791931152,224.6488037109375,10.634912490844727,93.32801055908203,8.480761528015137
52.0,-11.25,11.243179321289062,224.62120056152344,10.6404390335083,93.1291275024414,8.480761528015137
53.0,-11.25,11.266899108886719,224.56602478027344,10.643070220947266,92.94038391113281,8.480761528015137
54.0,-11.25,11.294915199279785,224.5112762451172,10.64617919921875,92.75047302246094,8.480761528015137
55.0,-11.25,11.367084503173828,224.49256896972656,10.654183387756348,92.54210662841797,8.480761528015137
56.0,-11.25,11.584762573242188,224.598876953125,10.678332328796387,92.26802062988281,8.480761528015137
57.0,-11.25,11.784294128417969,224.6826934814453,10.70046615600586,91.99714660644531,8.480761528015137
58.0,-11.25,11.890323638916016,224.67861938476562,10.712227821350098,91.76641082763672,8.480761528015137
59.0,-11.25,11.990662574768066,224.66470336914062,10.723359107971191,91.5369644165039,8.480761528015137
60.0,-11.25,12.116827964782715,224.66798400878906,10.737353324890137,91.29319763183594,8.480761528015137
61.0,-11.25,12.275018692016602,224.69296264648438,10.754902839660645,91.03082275390625,8.480761528015137
62.0,-11.25,12.411949157714844,224.69410705566406,10.770092964172363,90.77713012695312,8.480761528015137
63.0,-11.25,12.575845718383789,224.7118377685547,10.788274765014648,90.50662231445312,8.480761528015137
64.0,-11.25,12.773481369018555,224.7508087158203,10.810197830200195,90.21440124511719,8.480761528015137
65.0,-11.25,12.960034370422363,224.7737579345703,10.830894470214844,89.9251708984375,8.480761528015137
66.0,-11.25,13.109851837158203,224.76046752929688,10.847511291503906,89.65478515625,8.480761528015137
67.0,-11.25,13.367120742797852,224.82540893554688,10.87605094909668,89.31732940673828,8.480761528015137
68.0,-11.25,13.701147079467773,224.9412384033203,10.913105964660645,88.92760467529297,8.480761528015137
69.0,-11.25,13.998489379882812,225.01852416992188,10.946090698242188,88.55469512939453,8.480761528015137
70.0,-11.25,14.211363792419434,225.02230834960938,10.969704627990723,88.23128509521484,8.480761528015137
71.0,-11.25,14.414770126342773,225.010986328125,10.992267608642578,87.91133117675781,8.480761528015137
72.0,-11.25,14.719612121582031,225.06582641601562,11.026084899902344,87.52067565917969,8.480761528015137
73.0,-11.25,15.068819046020508,225.14210510253906,11.064823150634766,87.09481048583984,8.480761528015137
74.0,-11.25,15.423896789550781,225.21087646484375,11.104212760925293,86.65924072265625,8.480761528015137
75.0,-11.25,15.735088348388672,225.2371826171875,11.138731956481934,86.2493896484375,8.480761528015137
76.0,-11.25,16.187183380126953,225.3485107421875,11.188884735107422,85.73352813720703,8.480761528015137
77.0,-11.25,16.702224731445312,225.48719787597656,11.246017456054688,85.16422271728516,8.480761528015137
78.0,-11.25,17.21888542175293,225.61032104492188,11.303333282470703,84.58541107177734,8.480761528015137
79.0,-11.25,18.01042366027832,225.89332580566406,11.391138076782227,83.79041290283203,8.480761528015137
80.0,-11.25,18.655593872070312,226.05966186523438,11.462708473205566,83.09431457519531,8.480761528015137
81.0,-11.25,19.658031463623047,226.42529296875,11.573909759521484,82.10985565185547,8.480761528015137
82.0,-11.25,20.422653198242188,226.61663818359375,11.658730506896973,81.29644775390625,8.480761528015137
83.0,-11.25,21.652883529663086,227.05723571777344,11.795202255249023,80.09905242919922,8.480761528015137
84.0,-11.25,23.232295989990234,227.66018676757812,11.970407485961914,78.59850311279297,8.480761528015137
85.0,-11.25,25.52993392944336,228.6168212890625,12.225287437438965,76.48249816894531,8.480761528015137
86.0,-11.25,28.970848083496094,230.12741088867188,12.606993675231934,73.37849426269531,8.480761528015137
179.0,-11.25,40.60478210449219,179.4770050048828,13.897560119628906,77.0654296875,8.480761528015137
180.0,-11.25,38.18376541137695,181.224609375,13.62899398803711,78.8547134399414,8.480761528015137
181.0,-11.25,36.66106033325195,182.23751831054688,13.460078239440918,80.15289306640625,8.480761528015137
182.0,-11.25,35.47489929199219,182.98809814453125,13.328495025634766,81.25633239746094,8.480761528015137
183.0,-11.25,34.465484619140625,183.60964965820312,13.21651840209961,82.2502670288086,8.480761528015137
184.0,-11.25,33.44847106933594,184.26290893554688,13.1037015914917,83.22066497802734,8.480761528015137
185.0,-11.25,32.78867721557617,184.6168975830078,13.030509948730469,84.01730346679688,8.480761528015137
186.0,-11.25,31.995527267456055,185.11106872558594,12.942523956298828,84.84962463378906,8.480761528015137
187.0,-11.25,31.52311897277832,185.33013916015625,12.890118598937988,85.53947448730469,8.480761528015137
188.0,-11.25,30.8640193939209,185.7371063232422,12.817005157470703,86.28523254394531,8.480761528015137
189.0,-11.25,30.377037048339844,186.0006866455078,12.762984275817871,86.95368194580078,8.480761528015137
190.0,-11.25,29.918184280395508,186.2523651123047,12.712081909179688,87.60025787353516,8.480761528015137
191.0,-11.25,29.496429443359375,186.4828643798828,12.66529655456543,88.22319793701172,8.480761528015137
192.0,-11.25,28.90353012084961,186.88880920410156,12.599523544311523,88.88570404052734,8.480761528015137
193.0,-11.25,28.560361862182617,187.071044921875,12.561457633972168,89.46143341064453,8.480761528015137
194.0,-11.25,28.15361213684082,187.32586669921875,12.516335487365723,90.04486083984375,8.480761528015137
195.0,-11.25,27.59609031677246,187.73782348632812,12.454488754272461,90.65399932861328,8.480761528015137
196.0,-11.25,27.229164123535156,187.97833251953125,12.413785934448242,91.20281982421875,8.480761528015137
197.0,-11.25,26.82139015197754,188.2694549560547,12.368551254272461,91.74982452392578,8.480761528015137
198.0,-11.25,26.430932998657227,188.55465698242188,12.325236320495605,92.2813491821289,8.480761528015137
199.0,-11.25,26.031803131103516,188.8588409423828,12.280961036682129,92.80271911621094,8.480761528015137
200.0,-11.25,25.565889358520508,189.23875427246094,12.229276657104492,93.32262420654297,8.480761528015137
201.0,-11.25,25.186189651489258,189.5441436767578,12.187155723571777,93.8154296875,8.480761528015137
202.0,-11.25,24.712268829345703,189.9518585205078,12.13458251953125,94.3082504272461,8.480761528015137
203.0,-11.25,24.222461700439453,190.38478088378906,12.080245971679688,94.78744506835938,8.480761528015137
204.0,-11.25,23.836711883544922,190.72389221191406,12.037456512451172,95.240966796875,8.480761528015137
205.0,-11.25,23.4303035736084,191.09190368652344,11.992372512817383,95.68338775634766,8.480761528015137
206.0,-11.25,22.83774185180664,191.65274047851562,11.926639556884766,96.12299346923828,8.480761528015137
207.0,-11.25,22.413816452026367,192.05421447753906,11.879612922668457,96.53570556640625,8.480761528015137
208.0,-11.25,21.96395492553711,192.48883056640625,11.82970905303955,96.93458557128906,8.480761528015137
209.0,-11.25,21.412302017211914,193.0316162109375,11.768514633178711,97.31858825683594,8.480761528015137
210.0,-11.25,20.81369400024414,193.62765502929688,11.702110290527344,97.68292999267578,8.480761528015137
211.0,-11.25,20.363521575927734,194.08229064941406,11.65217113494873,98.03075408935547,8.480761528015137
212.0,-11.25,19.98549461364746,194.47100830078125,11.610235214233398,98.36614990234375,8.480761528015137
213.0,-11.25,19.231739044189453,195.23779296875,11.526619911193848,98.66419219970703,8.480761528015137
214.0,-11.25,18.92799186706543,195.56297302246094,11.492925643920898,98.97225952148438,8.480761528015137
215.0,-11.25,18.41510009765625,196.09983825683594,11.436029434204102,99.24878692626953,8.480761528015137
216.0,-11.25,17.831520080566406,196.71026611328125,11.371293067932129,99.4988784790039,8.480761528015137
217.0,-11.25,17.426410675048828,197.14791870117188,11.326353073120117,99.75194549560547,8.480761528015137
218.0,-11.25,17.089975357055664,197.52145385742188,11.289031982421875,100.00067901611328,8.480761528015137
219.0,-11.25,16.432514190673828,198.2128448486328,11.216097831726074,100.1834487915039,8.480761528015137
220.0,-11.25,15.99705982208252,198.68849182128906,11.167793273925781,100.3837890625,8.480761528015137
221.0,-11.25,15.519046783447266,199.20751953125,11.114767074584961,100.5598373413086,8.480761528015137
222.0,-11.25,15.14802074432373,199.62405395507812,11.073609352111816,100.74201965332031,8.480761528015137
223.0,-11.25,14.714578628540039,200.10250854492188,11.025527000427246,100.89596557617188,8.480761528015137
224.0,-11.25,14.330554008483887,200.5342254638672,10.982924461364746,101.04669952392578,8.480761528015137
225.0,-11.25,14.074454307556152,200.8443603515625,10.95451545715332,101.21780395507812,8.480761528015137
226.0,-11.25,13.739667892456055,201.23110961914062,10.917379379272461,101.35677337646484,8.480761528015137
227.0,-11.25,13.370741844177246,201.6508331298828,10.87645149230957,101.47310638427734,8.480761528015137
228.0,-11.25,13.042433738708496,202.03228759765625,10.840034484863281,101.58895111083984,8.480761528015137
229.0,-11.25,12.730025291442871,202.39895629882812,10.805377960205078,101.69806671142578,8.480761528015137
230.0,-11.25,12.35843276977539,202.8206329345703,10.764156341552734,101.77490234375,8.480761528015137
231.0,-11.25,12.055869102478027,203.17750549316406,10.730592727661133,101.86370086669922,8.480761528015137
232.0,-11.25,11.806255340576172,203.48533630371094,10.702902793884277,101.96167755126953,8.480761528015137
233.0,-11.25,11.541315078735352,203.8070831298828,10.67351245880127,102.044189453125,8.480761528015137
234.0,-11.25,11.358112335205078,204.0545196533203,10.653188705444336,102.15078735351562,8.480761528015137
235.0,-11.25,11.190835952758789,204.2881622314453,10.63463306427002,102.25703430175781,8.480761528015137
236.0,-11.25,11.000163078308105,204.54312133789062,10.613481521606445,102.34614562988281,8.480761528015137
237.0,-11.25,10.782068252563477,204.8222198486328,10.589286804199219,102.41519165039062,8.480761528015137
238.0,-11.25,10.577836990356445,205.08860778808594,10.566631317138672,102.48263549804688,8.480761528015137
239.0,-11.25,10.388506889343262,205.34153747558594,10.545628547668457,102.5496597290039,8.480761528015137
240.0,-11.25,10.222583770751953,205.57394409179688,10.527223587036133,102.62129211425781,8.480761528015137
241.0,-11.25,10.09050178527832,205.77745056152344,10.51257038116455,102.70405578613281,8.480761528015137
242.0,-11.25,9.991903305053711,205.95314025878906,10.501633644104004,102.79927825927734,8.480761528015137
243.0,-11.25,9.911273002624512,206.1146697998047,10.492688179016113,102.89989471435547,8.480761528015137
244.0,-11.25,9.833208084106445,206.27505493164062,10.484029769897461,102.99797821044922,8.480761528015137
245.0,-11.25,9.743800163269043,206.44549560546875,10.47411060333252,103.08555603027344,8.480761528015137
246.0,-11.25,9.666640281677246,206.6067657470703,10.465551376342773,103.1761703491211,8.480761528015137
247.0,-11.25,9.60022258758545,206.7603302001953,10.458184242248535,103.2694091796875,8.480761528015137
248.0,-11.25,9.51369857788086,206.93038940429688,10.448585510253906,103.34656524658203,8.480761528015137
249.0,-11.25,9.408440589904785,207.1151580810547,10.436909675598145,103.40769958496094,8.480761528015137
250.0,-11.25,9.239042282104492,207.34811401367188,10.41811752319336,103.42263793945312,8.480761528015137
251.0,-11.25,9.160829544067383,207.51168823242188,10.409440994262695,103.49156951904297,8.480761528015137
252.0,-11.25,9.127667427062988,207.64260864257812,10.40576171875,103.58697509765625,8.480761528015137
253.0,-11.25,9.099263191223145,207.7713623046875,10.40261173248291,103.68292999267578,8.480761528015137
254.0,-11.25,9.089601516723633,207.88818359375,10.40153980255127,103.78936767578125,8.480761528015137
255.0,-11.25,9.090463638305664,207.99942016601562,10.40163516998291,103.90111541748047,8.480761528015137
256.0,-11.25,9.096099853515625,208.10934448242188,10.402261734008789,104.01436614990234,8.480761528015137
257.0,-11.25,9.106552124023438,208.21807861328125,10.403420448303223,104.12928771972656,8.480761528015137
258.0,-11.25,9.121831893920898,208.3257598876953,10.405115127563477,104.24600982666016,8.480761528015137
259.0,-11.25,9.113436698913574,208.45089721679688,10.404184341430664,104.34307861328125,8.480761528015137
260.0,-11.25,9.087907791137695,208.58837890625,10.401350975036621,104.42467498779297,8.480761528015137
261.0,-11.25,9.097709655761719,208.7051544189453,10.402440071105957,104.53113555908203,8.480761528015137
262.0,-11.25,9.112785339355469,208.82073974609375,10.404111862182617,104.63982391357422,8.480761528015137
263.0,-11.25,9.13187026977539,208.93603515625,10.406229972839355,104.74983215332031,8.480761528015137
264.0,-11.25,9.155031204223633,209.05116271972656,10.408797264099121,104.86131286621094,8.480761528015137
265.0,-11.25,9.17227840423584,209.17185974121094,10.410711288452148,104.96614074707031,8.480761528015137
266.0,-11.25,9.202905654907227,209.28732299804688,10.41411018371582,105.08013153076172,8.480761528015137
267.0,-11.25,9.238443374633789,209.40257263183594,10.418050765991211,105.19648742675781,8.480761528015137
268.0,-11.25,9.27812385559082,209.5182342529297,10.422451972961426,105.31466674804688,8.480761528015137
269.0,-11.25,9.322052001953125,209.63441467285156,10.427326202392578,105.434814453125,8.480761528015137
270.0,-11.25,9.408754348754883,209.7324981689453,10.436944007873535,105.59034729003906,8.480761528015137
271.0,-11.25,9.483996391296387,209.83999633789062,10.445290565490723,105.7348403930664,8.480761528015137
272.0,-11.25,9.54650592803955,209.95697021484375,10.452224731445312,105.86680603027344,8.480761528015137
273.0,-11.25,9.614736557006836,210.07469177246094,10.459794044494629,106.00230407714844,8.480761528015137
274.0,-11.25,9.688894271850586,210.19329833984375,10.46802043914795,106.14156341552734,8.480761528015137
275.0,-11.25,9.769229888916016,210.3129425048828,10.47693157196045,106.28485870361328,8.480761528015137
276.0,-11.25,9.870684623718262,210.42803955078125,10.488186836242676,106.44588470458984,8.480761528015137
277.0,-11.25,9.986435890197754,210.5421600341797,10.501026153564453,106.61870574951172,8.480761528015137
278.0,-11.25,10.14465045928955,210.6457977294922,10.518577575683594,106.8295669555664,8.480761528015137
279.0,-11.25,10.314414978027344,210.75169372558594,10.537410736083984,107.05033111572266,8.480761528015137
280.0,-11.25,10.460273742675781,210.87203979492188,10.553590774536133,107.24778747558594,8.480761528015137
281.0,-11.25,10.591692924499512,211.00271606445312,10.568168640136719,107.43030548095703,8.480761528015137
282.0,-11.25,10.73127269744873,211.13632202148438,10.58365249633789,107.61895751953125,8.480761528015137
283.0,-11.25,10.880111694335938,211.27293395996094,10.600162506103516,107.81478118896484,8.480761528015137
284.0,-11.25,11.110762596130371,211.39393615722656,10.625750541687012,108.08731079101562,8.480761528015137
285.0,-11.25,11.357227325439453,211.51966857910156,10.653090476989746,108.37393951416016,8.480761528015137
286.0,-11.25,11.758103370666504,211.61915588378906,10.69756031036377,108.80867767333984,8.480761528015137
287.0,-11.25,12.08692741394043,211.748291015625,10.734036445617676,109.17320251464844,8.480761528015137
288.0,-11.25,12.39889907836914,211.8926544189453,10.768645286560059,109.5201644897461,8.480761528015137
289.0,-11.25,12.62649154663086,212.06336975097656,10.793890953063965,109.78306579589844,8.480761528015137
290.0,-11.25,12.917943000793457,212.2322540283203,10.82622241973877,110.10624694824219,8.480761528015137
291.0,-11.25,13.61982250213623,212.3527374267578,10.904083251953125,110.830810546875,8.480761528015137
292.0,-11.25,13.957518577575684,212.5440216064453,10.941543579101562,111.19583129882812,8.480761528015137
293.0,-11.25,14.387897491455078,212.73731994628906,10.989286422729492,111.64970397949219,8.480761528015137
294.0,-11.25,14.971851348876953,212.93177795410156,11.054065704345703,112.25286102294922,8.480761528015137
295.0,-11.25,15.501654624938965,213.15089416503906,11.112836837768555,112.79972076416016,8.480761528015137
296.0,-11.25,16.429292678833008,213.3657684326172,11.215741157531738,113.73799896240234,8.480761528015137
297.0,-11.25,17.003095626831055,213.62730407714844,11.279394149780273,114.32181549072266,8.480761528015137
298.0,-11.25,18.12399673461914,213.89642333984375,11.40373706817627,115.44486999511719,8.480761528015137
299.0,-11.25,18.577363967895508,214.20823669433594,11.454029083251953,115.89993286132812,8.480761528015137
300.0,-11.25,19.10955238342285,214.5367431640625,11.513066291809082,116.42778778076172,8.480761528015137
301.0,-11.25,20.323652267456055,214.90350341796875,11.647747993469238,117.6270523071289,8.480761528015137
302.0,-11.25,21.516504287719727,215.3112030029297,11.780072212219238,118.79783630371094,8.480761528015137
303.0,-11.25,23.0538272857666,215.78189086914062,11.95060920715332,120.30181884765625,8.480761528015137
304.0,-11.25,24.665529251098633,216.3114013671875,12.129398345947266,121.86908721923828,8.480761528015137
305.0,-11.25,26.28205108642578,216.89646911621094,12.308721542358398,123.42912292480469,8.480761528015137
306.0,-11.25,29.109804153442383,217.6765899658203,12.622406959533691,126.17127227783203,8.480761528015137
336.0,-11.25,32.440250396728516,233.56976318359375,12.991857528686523,123.29358673095703,8.480761528015137
337.0,-11.25,28.73418426513672,231.7667236328125,12.580739974975586,120.03852844238281,8.480761528015137
338.0,-11.25,26.630084991455078,230.8516387939453,12.347328186035156,118.09801483154297,8.480761528015137
339.0,-11.25,24.87081527709961,230.0933380126953,12.152170181274414,116.46057891845703,8.480761528015137
340.0,-11.25,23.54175567626953,229.56195068359375,12.00473690032959,115.1805648803711,8.480761528015137
341.0,-11.25,22.7802791595459,229.36605834960938,11.920265197753906,114.34648895263672,8.480761528015137
342.0,-11.25,21.70623016357422,228.93527221679688,11.801118850708008,113.29644775390625,8.480761528015137
343.0,-11.25,20.717805862426758,228.53140258789062,11.691471099853516,112.32838439941406,8.480761528015137
344.0,-11.25,20.296262741088867,228.49453735351562,11.644708633422852,111.78005981445312,8.480761528015137
345.0,-11.25,19.559131622314453,228.21856689453125,11.56293773651123,111.01851654052734,8.480761528015137
346.0,-11.25,19.00043487548828,228.0495147705078,11.500961303710938,110.39278411865234,8.480761528015137
347.0,-11.25,18.327037811279297,227.7786865234375,11.426259994506836,109.70046997070312,8.480761528015137
348.0,-11.25,17.760835647583008,227.5680389404297,11.36345100402832,109.09203338623047,8.480761528015137
349.0,-11.25,17.24333953857422,227.37728881835938,11.306045532226562,108.526123046875,8.480761528015137
350.0,-11.25,16.86748504638672,227.2798614501953,11.264349937438965,108.05970001220703,8.480761528015137
351.0,-11.25,16.456642150878906,227.14292907714844,11.218774795532227,107.57857513427734,8.480761528015137
352.0,-11.25,16.06868553161621,227.01133728027344,11.175737380981445,107.11933898925781,8.480761528015137
353.0,-11.25,15.781972885131836,226.94879150390625,11.143932342529297,106.72744750976562,8.480761528015137
354.0,-11.25,15.410524368286133,226.8077850341797,11.102728843688965,106.29206085205078,8.480761528015137
355.0,-11.25,15.096855163574219,226.7029571533203,11.067931175231934,105.89685821533203,8.480761528015137
356.0,-11.25,14.885427474975586,226.67312622070312,11.044479370117188,105.56388092041016,8.480761528015137
357.0,-11.25,14.612993240356445,226.58425903320312,11.014257431030273,105.2021484375,8.480761528015137
358.0,-11.25,14.281947135925293,226.4368438720703,10.977533340454102,104.81575012207031,8.480761528015137
359.0,-11.25,14.000550270080566,226.32235717773438,10.946319580078125,104.46183013916016,8.480761528015137
0.0,-16.875,15.737869262695312,227.9485321044922,11.88135814666748,104.88863372802734,8.480761528015137
1.0,-16.875,15.356680870056152,227.7430877685547,11.821094512939453,104.47482299804688,8.480761528015137
2.0,-16.875,14.992046356201172,227.5420684814453,11.763445854187012,104.07782745361328,8.480761528015137
3.0,-16.875,14.666903495788574,227.3665313720703,11.71203899383545,103.70692443847656,8.480761528015137
4.0,-16.875,14.593478202819824,227.40806579589844,11.700432777404785,103.44788360595703,8.480761528015137
5.0,-16.875,14.505928039550781,227.43177795410156,11.686589241027832,103.18372344970703,8.480761528015137
6.0,-16.875,14.25937271118164,227.30538940429688,11.647610664367676,102.860107421875,8.480761528015137
7.0,-16.875,14.024835586547852,227.18280029296875,11.610529899597168,102.54705810546875,8.480761528015137
8.0,-16.875,13.833839416503906,227.09353637695312,11.580334663391113,102.25513458251953,8.480761528015137
9.0,-16.875,13.730549812316895,227.07962036132812,11.564004898071289,101.99701690673828,8.480761528015137
10.0,-16.875,13.521430969238281,226.96160888671875,11.5309419631958,101.70744323730469,8.480761528015137
11.0,-16.875,13.300424575805664,226.8262481689453,11.496001243591309,101.41984558105469,8.480761528015137
12.0,-16.875,13.180098533630371,226.78001403808594,11.476978302001953,101.16677856445312,8.480761528015137
13.0,-16.875,13.089638710021973,226.75718688964844,11.462677001953125,100.92451477050781,8.480761528015137
14.0,-16.875,12.986885070800781,226.71798706054688,11.446432113647461,100.68110656738281,8.480761528015137
15.0,-16.875,12.847420692443848,226.63888549804688,11.424383163452148,100.43158721923828,8.480761528015137
16.0,-16.875,12.715596199035645,226.562255859375,11.40354061126709,100.1874771118164,8.480761528015137
17.0,-16.875,12.591059684753418,226.48794555664062,11.383852005004883,99.94842529296875,8.480761528015137
18.0,-16.875,12.517464637756348,226.45849609375,11.37221622467041,99.72209167480469,8.480761528015137
19.0,-16.875,12.456618309020996,226.43728637695312,11.36259651184082,99.49967956542969,8.480761528015137
20.0,-16.875,12.401102066040039,226.417236328125,11.35382080078125,99.27948760986328,8.480761528015137
21.0,-16.875,12.350833892822266,226.39834594726562,11.345871925354004,99.06132507324219,8.480761528015137
22.0,-16.875,12.29638957977295,226.37144470214844,11.337265968322754,98.84391021728516,8.480761528015137
23.0,-16.875,12.245186805725098,226.34384155273438,11.329168319702148,98.62824249267578,8.480761528015137
24.0,-16.875,12.18198013305664,226.3005828857422,11.319177627563477,98.41300201416016,8.480761528015137
25.0,-16.875,12.113350868225098,226.24815368652344,11.308326721191406,98.19929504394531,8.480761528015137
26.0,-16.875,12.050015449523926,226.19715881347656,11.298312187194824,97.98796081542969,8.480761528015137
27.0,-16.875,11.99174976348877,226.14744567871094,11.289100646972656,97.7787857055664,8.480761528015137
28.0,-16.875,11.953295707702637,226.11363220214844,11.283021926879883,97.57173919677734,8.480761528015137
29.0,-16.875,11.920153617858887,226.08145141601562,11.27778148651123,97.36593627929688,8.480761528015137
30.0,-16.875,11.908673286437988,226.06707763671875,11.275965690612793,97.16080474853516,8.480761528015137
31.0,-16.875,11.859704971313477,226.01214599609375,11.268223762512207,96.9576644897461,8.480761528015137
32.0,-16.875,11.815723419189453,225.95863342285156,11.261273384094238,96.75606536865234,8.480761528015137
33.0,-16.875,11.804730415344238,225.93414306640625,11.259532928466797,96.55371856689453,8.480761528015137
34.0,-16.875,11.820822715759277,225.93276977539062,11.262077331542969,96.34952545166016,8.480761528015137
35.0,-16.875,11.848443031311035,225.93911743164062,11.266444206237793,96.14385986328125,8.480761528015137
36.0,-16.875,11.844029426574707,225.9104461669922,11.265748023986816,95.94168090820312,8.480761528015137
37.0,-16.875,11.843976020812988,225.8825225830078,11.265739440917969,95.73948669433594,8.480761528015137
38.0,-16.875,11.872989654541016,225.87939453125,11.27032470703125,95.53314971923828,8.480761528015137
39.0,-16.875,11.907119750976562,225.87754821777344,11.27572250366211,95.32549285888672,8.480761528015137
40.0,-16.875,11.929423332214355,225.8605194091797,11.279248237609863,95.11962890625,8.480761528015137
41.0,-16.875,11.93760871887207,225.82620239257812,11.28054428100586,94.91668701171875,8.480761528015137
42.0,-16.875,11.987035751342773,225.82794189453125,11.288357734680176,94.70484924316406,8.480761528015137
43.0,-16.875,12.041719436645508,225.830810546875,11.29699993133545,94.49089813232422,8.480761528015137
44.0,-16.875,12.09085750579834,225.8244171142578,11.304771423339844,94.27745819091797,8.480761528015137
45.0,-16.875,12.117498397827148,225.79275512695312,11.308982849121094,94.0696029663086,8.480761528015137
46.0,-16.875,12.149064064025879,225.76197814941406,11.313974380493164,93.86044311523438,8.480761528015137
47.0,-16.875,12.218509674072266,225.7628936767578,11.324952125549316,93.63956451416016,8.480761528015137
48.0,-16.875,12.330738067626953,225.79942321777344,11.342696189880371,93.40357208251953,8.480761528015137
49.0,-16.875,12.409690856933594,225.8003692626953,11.355177879333496,93.17658996582031,8.480761528015137
50.0,-16.875,12.467934608459473,225.77781677246094,11.364387512207031,92.9557876586914,8.480761528015137
51.0,-16.875,12.539851188659668,225.76353454589844,11.375755310058594,92.72935485839844,8.480761528015137
52.0,-16.875,12.7142972946167,225.8377685546875,11.403334617614746,92.4619369506836,8.480761528015137
53.0,-16.875,12.834572792053223,225.8573760986328,11.42235279083252,92.21257019042969,8.480761528015137
54.0,-16.875,12.901029586791992,225.82373046875,11.432857513427734,91.9837646484375,8.480761528015137
55.0,-16.875,13.030028343200684,225.8409423828125,11.453251838684082,91.7271499633789,8.480761528015137
56.0,-16.875,13.200360298156738,225.888916015625,11.480182647705078,91.44953155517578,8.480761528015137
57.0,-16.875,13.3553466796875,225.91732788085938,11.50468635559082,91.17571258544922,8.480761528015137
58.0,-16.875,13.513178825378418,225.94212341308594,11.529637336730957,90.89773559570312,8.480761528015137
59.0,-16.875,13.66551685333252,225.95602416992188,11.553723335266113,90.61974334716797,8.480761528015137
60.0,-16.875,13.821372985839844,225.96670532226562,11.578362464904785,90.33750915527344,8.480761528015137
61.0,-16.875,13.986709594726562,225.9789276123047,11.604503631591797,90.04780578613281,8.480761528015137
62.0,-16.875,14.162063598632812,225.99282836914062,11.632226943969727,89.75012969970703,8.480761528015137
63.0,-16.875,14.419576644897461,226.0668182373047,11.67293930053711,89.40396118164062,8.480761528015137
64.0,-16.875,14.687484741210938,226.14059448242188,11.71529483795166,89.04698181152344,8.480761528015137
65.0,-16.875,14.918245315551758,226.17587280273438,11.751779556274414,88.70674896240234,8.480761528015137
66.0,-16.875,15.24140739440918,226.27537536621094,11.802867889404297,88.30744934082031,8.480761528015137
67.0,-16.875,15.570911407470703,226.36936950683594,11.854965209960938,87.89816284179688,8.480761528015137
68.0,-16.875,15.760272979736328,226.34564208984375,11.88490104675293,87.57062530517578,8.480761528015137
69.0,-16.875,16.09563446044922,226.42398071289062,11.937921524047852,87.14771270751953,8.480761528015137
70.0,-16.875,16.563871383666992,226.5896453857422,12.011947631835938,86.6324462890625,8.480761528015137
71.0,-16.875,17.070295333862305,226.76876831054688,12.09201431274414,86.08294677734375,8.480761528015137
72.0,-16.875,17.54488754272461,226.90948486328125,12.167045593261719,85.54558563232422,8.480761528015137
73.0,-16.875,17.86494255065918,226.926025390625,12.217645645141602,85.10662841796875,8.480761528015137
74.0,-16.875,18.562305450439453,227.1928253173828,12.327901840209961,84.39847564697266,8.480761528015137
75.0,-16.875,19.130210876464844,227.3503875732422,12.417684555053711,83.7699203491211,8.480761528015137
76.0,-16.875,19.9615478515625,227.66604614257812,12.549118041992188,82.94068908691406,8.480761528015137
77.0,-16.875,20.73189926147461,227.9165496826172,12.67090892791748,82.14146423339844,8.480761528015137
78.0,-16.875,21.743022918701172,228.29794311523438,12.830766677856445,81.14887237548828,8.480761528015137
79.0,-16.875,23.00019073486328,228.8036651611328,13.029525756835938,79.95148468017578,8.480761528015137
80.0,-16.875,24.52874755859375,229.43898010253906,13.271188735961914,78.52249145507812,8.480761528015137
81.0,-16.875,26.705078125,230.41928100585938,13.615262031555176,76.55995178222656,8.480761528015137
82.0,-16.875,30.11804962158203,232.06419372558594,14.154850006103516,73.57827758789062,8.480761528015137
183.0,-16.875,43.35286331176758,175.7227783203125,16.24726104736328,78.9062271118164,8.480761528015137
184.0,-16.875,40.38802719116211,178.06597900390625,15.778522491455078,80.8035888671875,8.480761528015137
185.0,-16.875,38.736900329589844,179.2746124267578,15.517480850219727,82.0927505493164,8.480761528015137
186.0,-16.875,37.6359977722168,180.01535034179688,15.343429565429688,83.12521362304688,8.480761528015137
187.0,-16.875,36.50397491455078,180.80970764160156,15.164456367492676,84.13836669921875,8.480761528015137
188.0,-16.875,35.745906829833984,181.28314208984375,15.044610023498535,84.98907470703125,8.480761528015137
189.0,-16.875,34.99253463745117,181.771484375,14.925500869750977,85.81756591796875,8.480761528015137
190.0,-16.875,34.360164642333984,182.16526794433594,14.82552433013916,86.58692932128906,8.480761528015137
191.0,-16.875,33.674129486083984,182.62631225585938,14.717062950134277,87.35501098632812,8.480761528015137
192.0,-16.875,33.21369934082031,182.8907470703125,14.644269943237305,88.03981018066406,8.480761528015137
193.0,-16.875,32.714630126953125,183.20603942871094,14.565366744995117,88.7225570678711,8.480761528015137
194.0,-16.875,32.251312255859375,183.5012969970703,14.492116928100586,89.38246154785156,8.480761528015137
195.0,-16.875,31.688705444335938,183.90524291992188,14.403167724609375,90.05252075195312,8.480761528015137
196.0,-16.875,31.264127731323242,184.19004821777344,14.336042404174805,90.6761245727539,8.480761528015137
197.0,-16.875,30.73877716064453,184.58468627929688,14.252986907958984,91.3076171875,8.480761528015137
198.0,-16.875,30.420549392700195,184.79104614257812,14.20267391204834,91.88542938232422,8.480761528015137
199.0,-16.875,30.112947463989258,184.99807739257812,14.154043197631836,92.45240020751953,8.480761528015137
200.0,-16.875,29.492595672607422,185.5211181640625,14.055967330932617,93.05689239501953,8.480761528015137
201.0,-16.875,29.080547332763672,185.852294921875,13.99082088470459,93.61418914794922,8.480761528015137
202.0,-16.875,28.52713966369629,186.33267211914062,13.903329849243164,94.17475128173828,8.480761528015137
203.0,-16.875,28.110715866088867,186.68917846679688,13.837491035461426,94.70403289794922,8.480761528015137
204.0,-16.875,27.671485900878906,187.0779571533203,13.768049240112305,95.2217025756836,8.480761528015137
205.0,-16.875,27.15252685546875,187.55482482910156,13.686004638671875,95.72996520996094,8.480761528015137
206.0,-16.875,26.734785079956055,187.94114685058594,13.619958877563477,96.21627044677734,8.480761528015137
207.0,-16.875,26.308340072631836,188.34475708007812,13.55254077911377,96.68882751464844,8.480761528015137
208.0,-16.875,25.84732437133789,188.79083251953125,13.479650497436523,97.14729309082031,8.480761528015137
209.0,-16.875,25.357074737548828,189.2737274169922,13.402146339416504,97.58979034423828,8.480761528015137
210.0,-16.875,24.781164169311523,189.8487091064453,13.31109619140625,98.01335144042969,8.480761528015137
211.0,-16.875,24.291690826416016,190.34539794921875,13.233711242675781,98.4203872680664,8.480761528015137
212.0,-16.875,23.762542724609375,190.88780212402344,13.150050163269043,98.80799102783203,8.480761528015137
213.0,-16.875,23.236492156982422,191.4332275390625,13.066883087158203,99.17719268798828,8.480761528015137
214.0,-16.875,22.752185821533203,191.94320678710938,12.990316390991211,99.5316390991211,8.480761528015137
215.0,-16.875,22.319028854370117,192.4082489013672,12.921833038330078,99.87440490722656,8.480761528015137
216.0,-16.875,21.784622192382812,192.9774627685547,12.837343215942383,100.18879699707031,8.480761528015137
217.0,-16.875,21.212305068969727,193.58786010742188,12.74686050415039,100.4786605834961,8.480761528015137
218.0,-16.875,20.613536834716797,194.22747802734375,12.652195930480957,100.74383544921875,8.480761528015137
219.0,-16.875,20.149412155151367,194.73907470703125,12.578821182250977,101.01152038574219,8.480761528015137
220.0,-16.875,19.765830993652344,195.17578125,12.518177032470703,101.27803039550781,8.480761528015137
221.0,-16.875,19.314693450927734,195.68087768554688,12.44685173034668,101.5161361694336,8.480761528015137
222.0,-16.875,18.905202865600586,196.1483154296875,12.382109642028809,101.74732208251953,8.480761528015137
223.0,-16.875,18.44993019104004,196.6618194580078,12.310132026672363,101.95223999023438,8.480761528015137
224.0,-16.875,18.005409240722656,197.1665802001953,12.239856719970703,102.1434097290039,8.480761528015137
225.0,-16.875,17.614660263061523,197.62155151367188,12.17807674407959,102.33329772949219,8.480761528015137
226.0,-16.875,17.284687042236328,198.02053833007812,12.125908851623535,102.52667999267578,8.480761528015137
227.0,-16.875,16.883956909179688,198.48741149902344,12.062554359436035,102.68566131591797,8.480761528015137
228.0,-16.875,16.5654239654541,198.878173828125,12.01219367980957,102.8568115234375,8.480761528015137
229.0,-16.875,16.220476150512695,199.29446411132812,11.957660675048828,103.00691223144531,8.480761528015137
230.0,-16.875,15.735597610473633,199.83987426757812,11.880998611450195,103.09384155273438,8.480761528015137
231.0,-16.875,15.408987045288086,200.23907470703125,11.829361915588379,103.22291564941406,8.480761528015137
232.0,-16.875,15.149677276611328,200.5772705078125,11.78836727142334,103.36615753173828,8.480761528015137
233.0,-16.875,14.867124557495117,200.93701171875,11.743695259094238,103.48991394042969,8.480761528015137
234.0,-16.875,14.558141708374023,201.32040405273438,11.694846153259277,103.591796875,8.480761528015137
235.0,-16.875,14.275463104248047,201.67991638183594,11.650154113769531,103.6937026977539,8.480761528015137
236.0,-16.875,13.968926429748535,202.05987548828125,11.601691246032715,103.7741470336914,8.480761528015137
237.0,-16.875,13.739285469055176,202.37188720703125,11.565384864807129,103.87932586669922,8.480761528015137
238.0,-16.875,13.458487510681152,202.72781372070312,11.520991325378418,103.9508285522461,8.480761528015137
239.0,-16.875,13.29526424407959,202.98233032226562,11.495183944702148,104.070556640625,8.480761528015137
240.0,-16.875,13.144739151000977,203.2267608642578,11.47138786315918,104.18995666503906,8.480761528015137
241.0,-16.875,12.94972038269043,203.50897216796875,11.440553665161133,104.27933502197266,8.480761528015137
242.0,-16.875,12.710978507995605,203.8269500732422,11.402811050415039,104.33723449707031,8.480761528015137
243.0,-16.875,12.557504653930664,204.07408142089844,11.378546714782715,104.43366241455078,8.480761528015137
244.0,-16.875,12.3832426071167,204.3380889892578,11.350996971130371,104.51171112060547,8.480761528015137
245.0,-16.875,12.270103454589844,204.5530548095703,11.333108901977539,104.61848449707031,8.480761528015137
246.0,-16.875,12.238953590393066,204.70431518554688,11.328185081481934,104.76903533935547,8.480761528015137
247.0,-16.875,12.199911117553711,204.86395263671875,11.322010040283203,104.91165161132812,8.480761528015137
248.0,-16.875,12.124324798583984,205.05355834960938,11.310062408447266,105.02808380126953,8.480761528015137
249.0,-16.875,12.055049896240234,205.2395782470703,11.299110412597656,105.14421844482422,8.480761528015137
250.0,-16.875,11.991912841796875,205.42225646972656,11.289127349853516,105.26017761230469,8.480761528015137
251.0,-16.875,11.89575481414795,205.63031005859375,11.273926734924316,105.35016632080078,8.480761528015137
252.0,-16.875,11.767955780029297,205.8614959716797,11.2537202835083,105.41384887695312,8.480761528015137
253.0,-16.875,11.658939361572266,206.07896423339844,11.23648452758789,105.48485565185547,8.480761528015137
254.0,-16.875,11.588203430175781,206.26974487304688,11.225300788879395,105.5776138305664,8.480761528015137
255.0,-16.875,11.493431091308594,206.47763061523438,11.210318565368652,105.64900970458984,8.480761528015137
256.0,-16.875,11.459846496582031,206.6446075439453,11.205007553100586,105.76009368896484,8.480761528015137
257.0,-16.875,11.431729316711426,206.80947875976562,11.200563430786133,105.87188720703125,8.480761528015137
258.0,-16.875,11.433836936950684,206.95645141601562,11.200895309448242,106.00309753417969,8.480761528015137
259.0,-16.875,11.438645362854004,207.10403442382812,11.201656341552734,106.1338119506836,8.480761528015137
260.0,-16.875,11.44405746459961,207.25357055664062,11.20251178741455,106.262451171875,8.480761528015137
261.0,-16.875,11.454465866088867,207.4023895263672,11.204156875610352,106.39242553710938,8.480761528015137
262.0,-16.875,11.469891548156738,207.55062866210938,11.206596374511719,106.52385711669922,8.480761528015137
263.0,-16.875,11.504570007324219,207.69027709960938,11.212078094482422,106.66828918457031,8.480761528015137
264.0,-16.875,11.64923095703125,207.7711639404297,11.234949111938477,106.89994049072266,8.480761528015137
265.0,-16.875,11.816728591918945,207.8456573486328,11.261430740356445,107.15032196044922,8.480761528015137
266.0,-16.875,11.92116641998291,207.96051025390625,11.277941703796387,107.3485107421875,8.480761528015137
267.0,-16.875,12.006577491760254,208.09019470214844,11.2914457321167,107.52963256835938,8.480761528015137
268.0,-16.875,12.10436725616455,208.21804809570312,11.306905746459961,107.71974182128906,8.480761528015137
269.0,-16.875,12.199139595031738,208.35214233398438,11.32188892364502,107.90585327148438,8.480761528015137
270.0,-16.875,12.291391372680664,208.4920654296875,11.336475372314453,108.08819580078125,8.480761528015137
271.0,-16.875,12.390851974487305,208.6332550048828,11.35219955444336,108.27513122558594,8.480761528015137
272.0,-16.875,12.505716323852539,208.77236938476562,11.370359420776367,108.47393798828125,8.480761528015137
273.0,-16.875,12.643610954284668,208.90689086914062,11.392159461975098,108.6916732788086,8.480761528015137
274.0,-16.875,12.783852577209473,209.04635620117188,11.41433048248291,108.9101333618164,8.480761528015137
275.0,-16.875,12.9957275390625,209.16346740722656,11.447829246520996,109.1919174194336,8.480761528015137
276.0,-16.875,13.207555770874023,209.28883361816406,11.481318473815918,109.4729995727539,8.480761528015137
277.0,-16.875,13.396174430847168,209.43092346191406,11.511138916015625,109.73192596435547,8.480761528015137
278.0,-16.875,13.578741073608398,209.58265686035156,11.540002822875977,109.98391723632812,8.480761528015137
279.0,-16.875,13.880721092224121,209.7020721435547,11.587745666503906,110.34535217285156,8.480761528015137
280.0,-16.875,14.336309432983398,209.78416442871094,11.659772872924805,110.85005950927734,8.480761528015137
281.0,-16.875,14.494857788085938,209.9714813232422,11.68484115600586,111.07621765136719,8.480761528015137
282.0,-16.875,14.66435432434082,210.16220092773438,11.71163558959961,111.31022644042969,8.480761528015137
283.0,-16.875,15.289510726928711,210.2384033203125,11.810473442077637,111.97492980957031,8.480761528015137
284.0,-16.875,15.554771423339844,210.42649841308594,11.852410316467285,112.29721069335938,8.480761528015137
285.0,-16.875,15.93891716003418,210.59689331054688,11.913143157958984,112.7313461303711,8.480761528015137
286.0,-16.875,16.494434356689453,210.74423217773438,12.000970840454102,113.32905578613281,8.480761528015137
287.0,-16.875,16.842037200927734,210.9528045654297,12.055927276611328,113.72505187988281,8.480761528015137
288.0,-16.875,17.525455474853516,211.1128387451172,12.163972854614258,114.44438171386719,8.480761528015137
289.0,-16.875,18.04100227355957,211.32479858398438,12.245481491088867,114.99947357177734,8.480761528015137
290.0,-16.875,19.052349090576172,211.4815216064453,12.405374526977539,116.03618621826172,8.480761528015137
291.0,-16.875,19.467435836791992,211.75198364257812,12.470999717712402,116.48896026611328,8.480761528015137
292.0,-16.875,20.337553024291992,211.98533630371094,12.608563423156738,117.38411712646484,8.480761528015137
293.0,-16.875,21.241365432739258,212.24594116210938,12.75145435333252,118.30978393554688,8.480761528015137
294.0,-16.875,22.50235366821289,212.50953674316406,12.950815200805664,119.58367919921875,8.480761528015137
295.0,-16.875,23.602943420410156,212.8271026611328,13.124818801879883,120.69629669189453,8.480761528015137
296.0,-16.875,24.768484115600586,213.1800079345703,13.309088706970215,121.8683090209961,8.480761528015137
297.0,-16.875,26.910720825195312,213.54559326171875,13.647773742675781,123.99874877929688,8.480761528015137
298.0,-16.875,29.01784324645996,213.98561096191406,13.980908393859863,126.08855438232422,8.480761528015137
341.0,-16.875,32.67379379272461,236.04490661621094,14.558910369873047,121.28176879882812,8.480761528015137
342.0,-16.875,29.420223236083984,234.25247192382812,14.044525146484375,118.56261444091797,8.480761528015137
343.0,-16.875,27.625995635986328,233.3796844482422,13.760859489440918,116.94446563720703,8.480761528015137
344.0,-16.875,25.76634979248047,232.41091918945312,13.466850280761719,115.31819915771484,8.480761528015137
345.0,-16.875,24.549808502197266,231.85105895996094,13.274517059326172,114.17041778564453,8.480761528015137
346.0,-16.875,23.23438835144043,231.18511962890625,13.066551208496094,112.9817123413086,8.480761528015137
347.0,-16.875,22.036989212036133,230.5703887939453,12.877243041992188,111.89907836914062,8.480761528015137
348.0,-16.875,21.346221923828125,230.3028106689453,12.768033981323242,111.16877746582031,8.480761528015137
349.0,-16.875,20.558956146240234,229.94149780273438,12.64356803894043,110.39154815673828,8.480761528015137
350.0,-16.875,19.720779418945312,229.5188446044922,12.511053085327148,109.59986877441406,8.480761528015137
351.0,-16.875,19.310483932495117,229.4080352783203,12.446185111999512,109.08512115478516,8.480761528015137
352.0,-16.875,18.649152755737305,229.08511352539062,12.341629028320312,108.43006134033203,8.480761528015137
353.0,-16.875,18.197879791259766,228.91262817382812,12.270283699035645,107.91083526611328,8.480761528015137
354.0,-16.875,17.67724609375,228.6702880859375,12.187972068786621,107.36211395263672,8.480761528015137
355.0,-16.875,17.31320571899414,228.54208374023438,12.13041877746582,106.91081237792969,8.480761528015137
356.0,-16.875,16.980667114257812,228.4287872314453,12.07784366607666,106.48384857177734,8.480761528015137
357.0,-16.875,16.64376449584961,228.30133056640625,12.024580955505371,106.0615234375,8.480761528015137
358.0,-16.875,16.35693359375,228.2060546875,11.979232788085938,105.67166900634766,8.480761528015137
359.0,-16.875,16.026050567626953,228.06370544433594,11.926918983459473,105.26628112792969,8.480761528015137
0.0,-22.5,17.414583206176758,229.40142822265625,12.941335678100586,105.37291717529297,8.480761528015137
1.0,-22.5,17.018007278442383,229.19088745117188,12.86053466796875,104.93365478515625,8.480761528015137
2.0,-22.5,16.746084213256836,229.0796356201172,12.805133819580078,104.5572280883789,8.480761528015137
3.0,-22.5,16.45526695251465,228.94305419921875,12.745882034301758,104.17926025390625,8.480761528015137
4.0,-22.5,16.077163696289062,228.71963500976562,12.668845176696777,103.77384948730469,8.480761528015137
5.0,-22.5,15.804048538208008,228.5814208984375,12.613199234008789,103.41807556152344,8.480761528015137
6.0,-22.5,15.576626777648926,228.476806640625,12.56686019897461,103.08565521240234,8.480761528015137
7.0,-22.5,15.447273254394531,228.4547882080078,12.540507316589355,102.792724609375,8.480761528015137
8.0,-22.5,15.307390213012695,228.4171905517578,12.512005805969238,102.49883270263672,8.480761528015137
9.0,-22.5,15.038788795471191,228.2543487548828,12.457279205322266,102.16739654541016,8.480761528015137
10.0,-22.5,14.799623489379883,228.11175537109375,12.408553123474121,101.85200500488281,8.480761528015137
11.0,-22.5,14.60096263885498,228.0004425048828,12.36807632446289,101.5544662475586,8.480761528015137
12.0,-22.5,14.42487621307373,227.90428161621094,12.332198143005371,101.2681655883789,8.480761528015137
13.0,-22.5,14.279306411743164,227.83123779296875,12.302538871765137,100.99410247802734,8.480761528015137
14.0,-22.5,14.145222663879395,227.76373291015625,12.27522087097168,100.72643280029297,8.480761528015137
15.0,-22.5,14.040390968322754,227.71897888183594,12.253862380981445,100.46852111816406,8.480761528015137
16.0,-22.5,13.954879760742188,227.6878662109375,12.236438751220703,100.217041015625,8.480761528015137
17.0,-22.5,13.837827682495117,227.6217498779297,12.212593078613281,99.96180725097656,8.480761528015137
18.0,-22.5,13.72481918334961,227.5547332763672,12.189568519592285,99.71041107177734,8.480761528015137
19.0,-22.5,13.658157348632812,227.5278778076172,12.175985336303711,99.46902465820312,8.480761528015137
20.0,-22.5,13.624251365661621,227.52842712402344,12.169076919555664,99.23358917236328,8.480761528015137
21.0,-22.5,13.551850318908691,227.48736572265625,12.154329299926758,98.99433898925781,8.480761528015137
22.0,-22.5,13.48898696899414,227.4512939453125,12.141515731811523,98.75798797607422,8.480761528015137
23.0,-22.5,13.43187141418457,227.41661071777344,12.1298828125,98.52384948730469,8.480761528015137
24.0,-22.5,13.361730575561523,227.36505126953125,12.115591049194336,98.29048919677734,8.480761528015137
25.0,-22.5,13.262518882751465,227.2809295654297,12.095377922058105,98.05789947509766,8.480761528015137
26.0,-22.5,13.163999557495117,227.19337463378906,12.07530403137207,97.82852935791016,8.480761528015137
27.0,-22.5,13.112756729125977,227.1480712890625,12.064863204956055,97.6030044555664,8.480761528015137
28.0,-22.5,13.040575981140137,227.07833862304688,12.05015754699707,97.3792724609375,8.480761528015137
29.0,-22.5,13.008618354797363,227.04409790039062,12.043646812438965,97.15715026855469,8.480761528015137
30.0,-22.5,13.014791488647461,227.04330444335938,12.044904708862305,96.93473815917969,8.480761528015137
31.0,-22.5,13.007893562316895,227.02584838867188,12.043500900268555,96.71299743652344,8.480761528015137
32.0,-22.5,12.970783233642578,226.97503662109375,12.03593635559082,96.49391174316406,8.480761528015137
33.0,-22.5,12.93277645111084,226.91958618164062,12.028194427490234,96.27645874023438,8.480761528015137
34.0,-22.5,12.929606437683105,226.89431762695312,12.027549743652344,96.05693054199219,8.480761528015137
35.0,-22.5,12.966225624084473,226.90386962890625,12.035009384155273,95.83300018310547,8.480761528015137
36.0,-22.5,13.002714157104492,226.9093017578125,12.04244613647461,95.60835266113281,8.480761528015137
37.0,-22.5,13.03281021118164,226.904541015625,12.048576354980469,95.38401794433594,8.480761528015137
38.0,-22.5,13.073491096496582,226.90597534179688,12.056863784790039,95.15746307373047,8.480761528015137
39.0,-22.5,13.11976146697998,226.90869140625,12.066291809082031,94.92915344238281,8.480761528015137
40.0,-22.5,13.149356842041016,226.8913116455078,12.072320938110352,94.70353698730469,8.480761528015137
41.0,-22.5,13.183697700500488,226.87440490722656,12.079316139221191,94.47669219970703,8.480761528015137
42.0,-22.5,13.227243423461914,226.8621368408203,12.088188171386719,94.24739074707031,8.480761528015137
43.0,-22.5,13.296293258666992,226.86976623535156,12.102258682250977,94.01103210449219,8.480761528015137
44.0,-22.5,13.376745223999023,226.8836669921875,12.118651390075684,93.77033233642578,8.480761528015137
45.0,-22.5,13.426324844360352,226.86410522460938,12.12874984741211,93.53707122802734,8.480761528015137
46.0,-22.5,13.477590560913086,226.84178161621094,12.139195442199707,93.3028564453125,8.480761528015137
47.0,-22.5,13.578303337097168,226.8607940673828,12.159714698791504,93.05227661132812,8.480761528015137
48.0,-22.5,13.701826095581055,226.8957977294922,12.184885025024414,92.79204559326172,8.480761528015137
49.0,-22.5,13.817922592163086,226.91873168945312,12.208538055419922,92.53191375732422,8.480761528015137
50.0,-22.5,13.988614082336426,226.98585510253906,12.243314743041992,92.24932861328125,8.480761528015137
51.0,-22.5,14.116214752197266,227.00814819335938,12.269311904907227,91.97958374023438,8.480761528015137
52.0,-22.5,14.220845222473145,227.0043487548828,12.290630340576172,91.71673583984375,8.480761528015137
53.0,-22.5,14.356646537780762,227.02281188964844,12.318299293518066,91.43934631347656,8.480761528015137
54.0,-22.5,14.494261741638184,227.03701782226562,12.346335411071777,91.15880584716797,8.480761528015137
55.0,-22.5,14.672285079956055,227.08042907714844,12.382608413696289,90.85783386230469,8.480761528015137
56.0,-22.5,14.801109313964844,227.07473754882812,12.408857345581055,90.57626342773438,8.480761528015137
57.0,-22.5,14.914822578430176,227.0501708984375,12.432024002075195,90.30014038085938,8.480761528015137
58.0,-22.5,15.108644485473633,227.0875701904297,12.471512794494629,89.98328399658203,8.480761528015137
59.0,-22.5,15.408276557922363,227.20628356933594,12.532563209533691,89.60921478271484,8.480761528015137
60.0,-22.5,15.668048858642578,227.2827606201172,12.585489273071289,89.2496109008789,8.480761528015137
61.0,-22.5,15.936429977416992,227.3575897216797,12.64017105102539,88.88036346435547,8.480761528015137
62.0,-22.5,16.223831176757812,227.43881225585938,12.698726654052734,88.4955825805664,8.480761528015137
63.0,-22.5,16.478185653686523,227.4840850830078,12.75054931640625,88.12407684326172,8.480761528015137
64.0,-22.5,16.81409454345703,227.58470153808594,12.818989753723145,87.70108032226562,8.480761528015137
65.0,-22.5,17.27510643005371,227.77197265625,12.91291618347168,87.19764709472656,8.480761528015137
66.0,-22.5,17.722421646118164,227.93507385253906,13.004055976867676,86.69309997558594,8.480761528015137
67.0,-22.5,18.165855407714844,228.0816192626953,13.094403266906738,86.1822280883789,8.480761528015137
68.0,-22.5,18.506755828857422,228.1377716064453,13.163859367370605,85.72792053222656,8.480761528015137
69.0,-22.5,19.02450942993164,228.31234741210938,13.26934814453125,85.15411376953125,8.480761528015137
70.0,-22.5,19.6160945892334,228.52447509765625,13.389880180358887,84.52212524414062,8.480761528015137
71.0,-22.5,20.28571319580078,228.77432250976562,13.526309967041016,83.82676696777344,8.480761528015137
72.0,-22.5,21.106277465820312,229.1099090576172,13.693496704101562,83.01573944091797,8.480761528015137
73.0,-22.5,21.90383529663086,229.4055633544922,13.855995178222656,82.20502471923828,8.480761528015137
74.0,-22.5,22.87230682373047,229.79295349121094,14.053314208984375,81.25887298583984,8.480761528015137
75.0,-22.5,24.060077667236328,230.29739379882812,14.295315742492676,80.1370620727539,8.480761528015137
76.0,-22.5,25.530742645263672,230.95156860351562,14.594954490661621,78.78633117675781,8.480761528015137
77.0,-22.5,27.35891342163086,231.7915802001953,14.967435836791992,77.14262390136719,8.480761528015137
78.0,-22.5,30.023109436035156,233.10218811035156,15.510246276855469,74.8349380493164,8.480761528015137
187.0,-22.5,44.1685676574707,173.8711700439453,18.39229965209961,82.12528991699219,8.480761528015137
188.0,-22.5,41.772945404052734,175.81765747070312,17.904205322265625,83.6255111694336,8.480761528015137
189.0,-22.5,40.41645431518555,176.84011840820312,17.627826690673828,84.72604370117188,8.480761528015137
190.0,-22.5,39.350730895996094,177.61773681640625,17.41069221496582,85.69984436035156,8.480761528015137
191.0,-22.5,38.42210006713867,178.2891082763672,17.22149085998535,86.6038589477539,8.480761528015137
192.0,-22.5,37.63180160522461,178.85023498535156,17.060474395751953,87.44405364990234,8.480761528015137
193.0,-22.5,36.92158126831055,179.35366821289062,16.915769577026367,88.2413558959961,8.480761528015137
194.0,-22.5,36.42346954345703,179.67221069335938,16.814285278320312,88.96866607666016,8.480761528015137
195.0,-22.5,35.74515151977539,180.17742919921875,16.67608070373535,89.72093963623047,8.480761528015137
196.0,-22.5,35.2529411315918,180.51976013183594,16.57579231262207,90.4158706665039,8.480761528015137
197.0,-22.5,34.684017181396484,180.94960021972656,16.45987892150879,91.1104736328125,8.480761528015137
198.0,-22.5,34.16080093383789,181.34912109375,16.3532772064209,91.78031921386719,8.480761528015137
199.0,-22.5,33.654090881347656,181.7457275390625,16.250036239624023,92.43181610107422,8.480761528015137
200.0,-22.5,33.20370864868164,182.10025024414062,16.15827751159668,93.060302734375,8.480761528015137
201.0,-22.5,32.602481842041016,182.61331176757812,16.035778045654297,93.69220733642578,8.480761528015137
202.0,-22.5,32.08497619628906,183.056884765625,15.930339813232422,94.2966537475586,8.480761528015137
203.0,-22.5,31.503082275390625,183.57456970214844,15.811782836914062,94.88965606689453,8.480761528015137
204.0,-22.5,31.19922637939453,183.83163452148438,15.749876022338867,95.44586181640625,8.480761528015137
205.0,-22.5,30.722091674804688,184.2681121826172,15.652658462524414,96.00043487548828,8.480761528015137
206.0,-22.5,30.293006896972656,184.66749572753906,15.565237045288086,96.53772735595703,8.480761528015137
207.0,-22.5,29.665861129760742,185.27024841308594,15.437460899353027,97.06314849853516,8.480761528015137
208.0,-22.5,29.101459503173828,185.82069396972656,15.322465896606445,97.56752014160156,8.480761528015137
209.0,-22.5,28.697601318359375,186.22259521484375,15.24018669128418,98.0560302734375,8.480761528015137
210.0,-22.5,28.11117935180664,186.81134033203125,15.120706558227539,98.52349090576172,8.480761528015137
211.0,-22.5,27.702165603637695,187.23426818847656,15.037369728088379,98.98048400878906,8.480761528015137
212.0,-22.5,27.11930274963379,187.83438110351562,14.918614387512207,99.41041564941406,8.480761528015137
213.0,-22.5,26.589675903320312,188.38917541503906,14.810708999633789,99.82464599609375,8.480761528015137
214.0,-22.5,26.091644287109375,188.91946411132812,14.709238052368164,100.22351837158203,8.480761528015137
215.0,-22.5,25.68269920349121,189.36911010742188,14.625916481018066,100.61563873291016,8.480761528015137
216.0,-22.5,25.153823852539062,189.94078063964844,14.518159866333008,100.9760513305664,8.480761528015137
217.0,-22.5,24.646909713745117,190.49606323242188,14.414877891540527,101.32097625732422,8.480761528015137
218.0,-22.5,24.14301109313965,191.0529022216797,14.312211036682129,101.64813232421875,8.480761528015137
219.0,-22.5,23.74066734313965,191.51625061035156,14.230239868164062,101.97648620605469,8.480761528015137
220.0,-22.5,23.082176208496094,192.22891235351562,14.096075057983398,102.2367172241211,8.480761528015137
221.0,-22.5,22.664188385009766,192.71434020996094,14.010910034179688,102.52750396728516,8.480761528015137
222.0,-22.5,22.117347717285156,193.32533264160156,13.899496078491211,102.77175903320312,8.480761528015137
223.0,-22.5,21.734638214111328,193.78309631347656,13.821523666381836,103.03858947753906,8.480761528015137
224.0,-22.5,21.159927368164062,194.4241180419922,13.704425811767578,103.23844146728516,8.480761528015137
225.0,-22.5,20.721294403076172,194.9384765625,13.615055084228516,103.45720672607422,8.480761528015137
226.0,-22.5,20.369590759277344,195.37347412109375,13.543399810791016,103.68650817871094,8.480761528015137
227.0,-22.5,20.038108825683594,195.79177856445312,13.475861549377441,103.90901184082031,8.480761528015137
228.0,-22.5,19.700531005859375,196.21759033203125,13.407083511352539,104.11679077148438,8.480761528015137
229.0,-22.5,19.3418025970459,196.66421508789062,13.333993911743164,104.30419921875,8.480761528015137
230.0,-22.5,19.00600814819336,197.0909881591797,13.26557731628418,104.4865951538086,8.480761528015137
231.0,-22.5,18.696067810058594,197.4954071044922,13.202430725097656,104.66622161865234,8.480761528015137
232.0,-22.5,18.18042755126953,198.08436584472656,13.097370147705078,104.75116729736328,8.480761528015137
233.0,-22.5,17.957799911499023,198.41159057617188,13.05201244354248,104.94023895263672,8.480761528015137
234.0,-22.5,17.689844131469727,198.78021240234375,12.997418403625488,105.10051727294922,8.480761528015137
235.0,-22.5,17.342023849487305,199.21902465820312,12.926553726196289,105.21443939208984,8.480761528015137
236.0,-22.5,17.075456619262695,199.5869140625,12.872241973876953,105.35308074951172,8.480761528015137
237.0,-22.5,16.812191009521484,199.9521484375,12.818599700927734,105.48285675048828,8.480761528015137
238.0,-22.5,16.568431854248047,200.30087280273438,12.768935203552246,105.61196899414062,8.480761528015137
239.0,-22.5,16.181045532226562,200.76986694335938,12.690010070800781,105.65843200683594,8.480761528015137
240.0,-22.5,15.926885604858398,201.12582397460938,12.638226509094238,105.76069641113281,8.480761528015137
241.0,-22.5,15.768543243408203,201.4027099609375,12.605963706970215,105.9045181274414,8.480761528015137
242.0,-22.5,15.592584609985352,201.69482421875,12.570113182067871,106.03153991699219,8.480761528015137
243.0,-22.5,15.408323287963867,201.99403381347656,12.532571792602539,106.14627838134766,8.480761528015137
244.0,-22.5,15.236674308776855,202.2834014892578,12.497600555419922,106.26052856445312,8.480761528015137
245.0,-22.5,15.006897926330566,202.61825561523438,12.450784683227539,106.33290100097656,8.480761528015137
246.0,-22.5,14.794864654541016,202.9382781982422,12.407583236694336,106.40707397460938,8.480761528015137
247.0,-22.5,14.643235206604004,203.21148681640625,12.376689910888672,106.51024627685547,8.480761528015137
248.0,-22.5,14.553348541259766,203.4386749267578,12.358377456665039,106.64571380615234,8.480761528015137
249.0,-22.5,14.486879348754883,203.64996337890625,12.34483528137207,106.7911605834961,8.480761528015137
250.0,-22.5,14.428268432617188,203.85728454589844,12.332890510559082,106.93720245361328,8.480761528015137
251.0,-22.5,14.377318382263184,204.0609893798828,12.322509765625,107.08401489257812,8.480761528015137
252.0,-22.5,14.334464073181152,204.26095581054688,12.313776969909668,107.23216247558594,8.480761528015137
253.0,-22.5,14.314273834228516,204.4473419189453,12.309666633605957,107.39203643798828,8.480761528015137
254.0,-22.5,14.267030715942383,204.65455627441406,12.300040245056152,107.52925872802734,8.480761528015137
255.0,-22.5,14.21688461303711,204.86546325683594,12.289823532104492,107.66019439697266,8.480761528015137
256.0,-22.5,14.176368713378906,205.07171630859375,12.28156852722168,107.79389190673828,8.480761528015137
257.0,-22.5,14.179826736450195,205.2516632080078,12.282273292541504,107.95613861083984,8.480761528015137
258.0,-22.5,14.195775032043457,205.4266357421875,12.285523414611816,108.1246566772461,8.480761528015137
259.0,-22.5,14.219626426696777,205.5998992919922,12.29038143157959,108.29631042480469,8.480761528015137
260.0,-22.5,14.25790786743164,205.76779174804688,12.29818058013916,108.47632598876953,8.480761528015137
261.0,-22.5,14.296287536621094,205.93927001953125,12.306001663208008,108.65386199951172,8.480761528015137
262.0,-22.5,14.3419189453125,206.11019897460938,12.315298080444336,108.83452606201172,8.480761528015137
263.0,-22.5,14.41011905670166,206.27230834960938,12.329195022583008,109.03079223632812,8.480761528015137
264.0,-22.5,14.555200576782227,206.39698791503906,12.358755111694336,109.2874526977539,8.480761528015137
265.0,-22.5,14.711153030395508,206.52243041992188,12.390527725219727,109.55220031738281,8.480761528015137
266.0,-22.5,14.828313827514648,206.67469787597656,12.414399147033691,109.7838363647461,8.480761528015137
267.0,-22.5,14.9512357711792,206.82981872558594,12.43944263458252,110.01866912841797,8.480761528015137
268.0,-22.5,15.125667572021484,206.9658203125,12.474981307983398,110.29560852050781,8.480761528015137
269.0,-22.5,15.370784759521484,207.0759735107422,12.524922370910645,110.63227081298828,8.480761528015137
270.0,-22.5,15.542509078979492,207.22909545898438,12.55990982055664,110.90533447265625,8.480761528015137
271.0,-22.5,15.683380126953125,207.40316772460938,12.588611602783203,111.15005493164062,8.480761528015137
272.0,-22.5,15.855865478515625,207.57020568847656,12.623754501342773,111.42064666748047,8.480761528015137
273.0,-22.5,16.12689208984375,207.70423889160156,12.678976058959961,111.77716064453125,8.480761528015137
274.0,-22.5,16.38203239440918,207.85494995117188,12.730957984924316,112.11894226074219,8.480761528015137
275.0,-22.5,16.639198303222656,208.0148468017578,12.783355712890625,112.46159362792969,8.480761528015137
276.0,-22.5,17.249969482421875,208.05653381347656,12.907794952392578,113.12462615966797,8.480761528015137
277.0,-22.5,17.44493865966797,208.263671875,12.947519302368164,113.409912109375,8.480761528015137
278.0,-22.5,17.685503005981445,208.4638214111328,12.996533393859863,113.73471069335938,8.480761528015137
279.0,-22.5,18.237777709960938,208.575439453125,13.10905647277832,114.3463134765625,8.480761528015137
280.0,-22.5,18.61545181274414,208.7587432861328,13.186005592346191,114.79601287841797,8.480761528015137
281.0,-22.5,19.20903968811035,208.89517211914062,13.306943893432617,115.44679260253906,8.480761528015137
282.0,-22.5,19.532028198242188,209.12452697753906,13.372751235961914,115.84293365478516,8.480761528015137
283.0,-22.5,20.283096313476562,209.2594757080078,13.525775909423828,116.64177703857422,8.480761528015137
284.0,-22.5,20.827558517456055,209.46881103515625,13.636707305908203,117.24481201171875,8.480761528015137
285.0,-22.5,21.571853637695312,209.654541015625,13.788352966308594,118.03705596923828,8.480761528015137
286.0,-22.5,22.300418853759766,209.86965942382812,13.936796188354492,118.81356048583984,8.480761528015137
287.0,-22.5,23.599428176879883,210.00643920898438,14.201459884643555,120.13731384277344,8.480761528015137
288.0,-22.5,24.482402801513672,210.25701904296875,14.381361961364746,121.06098175048828,8.480761528015137
289.0,-22.5,25.570619583129883,210.50807189941406,14.603078842163086,122.18116760253906,8.480761528015137
290.0,-22.5,26.998577117919922,210.7522430419922,14.894014358520508,123.6290512084961,8.480761528015137
291.0,-22.5,29.540863037109375,210.91783142089844,15.411992073059082,126.15894317626953,8.480761528015137
344.0,-22.5,34.03533935546875,238.38621520996094,16.327714920043945,120.47492218017578,8.480761528015137
345.0,-22.5,31.149438858032227,236.70948791503906,15.739728927612305,118.13380432128906,8.480761528015137
346.0,-22.5,28.663021087646484,235.25086975097656,15.233135223388672,116.1191635131836,8.480761528015137
347.0,-22.5,27.282991409301758,234.5500030517578,14.95196533203125,114.86915588378906,8.480761528015137
348.0,-22.5,25.674968719482422,233.64056396484375,14.624337196350098,113.50686645507812,8.480761528015137
349.0,-22.5,24.299474716186523,232.86767578125,14.344088554382324,112.32439422607422,8.480761528015137
350.0,-22.5,23.300121307373047,232.35093688964844,14.14047622680664,111.39944458007812,8.480761528015137
351.0,-22.5,22.514211654663086,231.9752655029297,13.980351448059082,110.62223815917969,8.480761528015137
352.0,-22.5,21.6844425201416,231.5432891845703,13.811290740966797,109.83746337890625,8.480761528015137
353.0,-22.5,20.714107513427734,230.97640991210938,13.613593101501465,108.99351501464844,8.480761528015137
354.0,-22.5,20.14919662475586,230.71563720703125,13.498496055603027,108.39373779296875,8.480761528015137
355.0,-22.5,19.5723876953125,230.42935180664062,13.380974769592285,107.80037689208984,8.480761528015137
356.0,-22.5,19.115407943725586,230.22726440429688,13.287867546081543,107.28215026855469,8.480761528015137
357.0,-22.5,18.59498405456543,229.95872497558594,13.181836128234863,106.74246215820312,8.480761528015137
358.0,-22.5,18.209108352661133,229.79071044921875,13.103217124938965,106.28056335449219,8.480761528015137
359.0,-22.5,17.8444881439209,229.6296844482422,13.028924942016602,105.8374252319336,8.480761528015137
