angle,vert_angle,dist,x,y,z,height
0.0,22.5,11.677373886108398,119.14111328125,8.002197265625,293.8927307128906,7.987695693969727
1.0,22.5,11.677364349365234,119.18346405029297,8.002197265625,293.6941833496094,7.987695693969727
2.0,22.5,11.677375793457031,119.22235107421875,8.002197265625,293.4949951171875,7.987695693969727
3.0,22.5,11.67737102508545,119.25774383544922,8.002197265625,293.2951354980469,7.987695693969727
4.0,22.5,11.677362442016602,119.28964233398438,8.002197265625,293.09466552734375,7.987695693969727
5.0,22.5,11.677362442016602,119.31804656982422,8.002197265625,292.8936767578125,7.987695693969727
6.0,22.5,11.6773681640625,119.34294128417969,8.002197265625,292.6922302246094,7.987695693969727
7.0,22.5,11.67736530303955,119.36431121826172,8.002197265625,292.4903564453125,7.987695693969727
8.0,22.5,11.677366256713867,119.38215637207031,8.002197265625,292.2881774902344,7.987695693969727
9.0,22.5,11.677366256713867,119.39646911621094,8.002197265625,292.085693359375,7.987695693969727
10.0,22.5,11.677369117736816,119.4072494506836,8.002197265625,291.88299560546875,7.987695693969727
11.0,22.5,11.677364349365234,119.41448211669922,8.002197265625,291.68017578125,7.987695693969727
12.0,22.5,11.6773681640625,119.41818237304688,8.002197265625,291.4772033691406,7.987695693969727
13.0,22.5,11.677366256713867,119.4183349609375,8.002197265625,291.27423095703125,7.987695693969727
14.0,22.5,11.677367210388184,119.41494750976562,8.002197265625,291.0712585449219,7.987695693969727
15.0,22.5,11.677370071411133,119.40802001953125,8.002197265625,290.868408203125,7.987695693969727
16.0,22.5,11.67737102508545,119.39755249023438,8.002197265625,290.66571044921875,7.987695693969727
17.0,22.5,11.677362442016602,119.38353729248047,8.002197265625,290.46319580078125,7.987695693969727
18.0,22.5,11.677366256713867,119.36600494384766,8.002197265625,290.260986328125,7.987695693969727
19.0,22.5,11.677367210388184,119.34494018554688,8.002197265625,290.05908203125,7.987695693969727
20.0,22.5,11.677369117736816,119.32035827636719,8.002197265625,289.85760498046875,7.987695693969727
21.0,22.5,11.677371978759766,119.29226684570312,8.002197265625,289.6565856933594,7.987695693969727
22.0,22.5,11.677364349365234,119.26065826416016,8.002197265625,289.4560852050781,7.987695693969727
23.0,22.5,11.677371978759766,119.22557067871094,8.002197265625,289.25616455078125,7.987695693969727
24.0,22.5,11.677360534667969,119.18698120117188,8.002197265625,289.056884765625,7.987695693969727
25.0,22.5,11.677373886108398,119.14494323730469,8.002197265625,288.8583068847656,7.987695693969727
26.0,22.5,11.6773681640625,119.09942626953125,8.002197265625,288.6604919433594,7.987695693969727
27.0,22.5,11.677372932434082,119.05047607421875,8.002197265625,288.4635009765625,7.987695693969727
28.0,22.5,11.677361488342285,118.99807739257812,8.002197265625,288.26739501953125,7.987695693969727
29.0,22.5,11.6773681640625,118.9422836303711,8.002197265625,288.0722351074219,7.987695693969727
30.0,22.5,11.677369117736816,118.88308715820312,8.002197265625,287.8780822753906,7.987695693969727
31.0,22.5,11.677376747131348,118.82051086425781,8.002197265625,287.6849670410156,7.987695693969727
32.0,22.5,11.677369117736816,118.75457000732422,8.002197265625,287.4930114746094,7.987695693969727
33.0,22.5,11.677367210388184,118.68528747558594,8.002197265625,287.3022155761719,7.987695693969727
34.0,22.5,11.677367210388184,118.6126937866211,8.002197265625,287.1126708984375,7.987695693969727
35.0,22.5,11.677367210388184,118.53679656982422,8.002197265625,286.9244079589844,7.987695693969727
36.0,22.5,11.677371978759766,118.45762634277344,8.002197265625,286.73748779296875,7.987695693969727
37.0,22.5,11.677366256713867,118.37520599365234,8.002197265625,286.552001953125,7.987695693969727
38.0,22.5,11.677366256713867,118.28956604003906,8.002197265625,286.36798095703125,7.987695693969727
39.0,22.5,11.677360534667969,118.20072174072266,8.002197265625,286.18548583984375,7.987695693969727
40.0,22.5,11.6773681640625,118.10871124267578,8.002197265625,286.0045471191406,7.987695693969727
41.0,22.5,11.677364349365234,118.0135498046875,8.002197265625,285.82525634765625,7.987695693969727
42.0,22.5,11.677371978759766,117.915283203125,8.002197265625,285.64764404296875,7.987695693969727
43.0,22.5,11.677370071411133,117.81391906738281,8.002197265625,285.4717712402344,7.987695693969727
44.0,22.5,11.67735767364502,117.70951080322266,8.002197265625,285.2977294921875,7.987695693969727
45.0,22.5,11.677371978759766,117.60208129882812,8.002197265625,285.12548828125,7.987695693969727
46.0,22.5,11.6773681640625,117.49165344238281,8.002197265625,284.9551696777344,7.987695693969727
47.0,22.5,11.677366256713867,117.3782730102539,8.002197265625,284.78680419921875,7.987695693969727
48.0,22.5,11.677370071411133,117.2619857788086,8.002197265625,284.6204528808594,7.987695693969727
49.0,22.5,11.677369117736816,117.1427993774414,8.002197265625,284.4561462402344,7.987695693969727
50.0,22.5,11.67737102508545,117.02076721191406,8.002197265625,284.2939453125,7.987695693969727
51.0,22.5,11.67738151550293,116.89591979980469,8.002197265625,284.1338806152344,7.987695693969727
52.0,22.5,11.677373886108398,116.76829528808594,8.002197265625,283.9760437011719,7.987695693969727
53.0,22.5,11.677366256713867,116.637939453125,8.002197265625,283.8204650878906,7.987695693969727
54.0,22.5,11.67737102508545,116.50489807128906,8.002197265625,283.66717529296875,7.987695693969727
55.0,22.5,11.677362442016602,116.36918640136719,8.002197265625,283.5162353515625,7.987695693969727
56.0,22.5,11.677363395690918,116.23086547851562,8.002197265625,283.36767578125,7.987695693969727
57.0,22.5,11.677361488342285,116.08997344970703,8.002197265625,283.2215576171875,7.987695693969727
58.0,22.5,11.677369117736816,115.9465560913086,8.002197265625,283.0779113769531,7.987695693969727
59.0,22.5,11.677370071411133,115.80065155029297,8.002197265625,282.9367980957031,7.987695693969727
60.0,22.5,11.677372932434082,115.65230560302734,8.002197265625,282.7982482910156,7.987695693969727
61.0,22.5,11.677364349365234,115.5015640258789,8.002197265625,282.6623229980469,7.987695693969727
62.0,22.5,11.677353858947754,115.34847259521484,8.002197265625,282.529052734375,7.987695693969727
63.0,22.5,11.677374839782715,115.19308471679688,8.002197265625,282.3984375,7.987695693969727
64.0,22.5,11.677377700805664,115.03543090820312,8.002197265625,282.27056884765625,7.987695693969727
65.0,22.5,11.677359580993652,114.87557983398438,8.002197265625,282.1455078125,7.987695693969727
66.0,22.5,11.677356719970703,114.71355438232422,8.002197265625,282.0232238769531,7.987695693969727
67.0,22.5,11.677370071411133,114.5494384765625,8.002197265625,281.9037780761719,7.987695693969727
68.0,22.5,11.677361488342285,114.38324737548828,8.002197265625,281.7872314453125,7.987695693969727
69.0,22.5,11.677375793457031,114.21505737304688,8.002197265625,281.673583984375,7.987695693969727
70.0,22.5,11.67735481262207,114.04490661621094,8.002197265625,281.56292724609375,7.987695693969727
71.0,22.5,11.677359580993652,113.87285614013672,8.002197265625,281.4552307128906,7.987695693969727
72.0,22.5,11.67735767364502,113.69894409179688,8.002197265625,281.3505554199219,7.987695693969727
73.0,22.5,11.677359580993652,113.52323913574219,8.002197265625,281.2489318847656,7.987695693969727
74.0,22.5,11.677356719970703,113.34577941894531,8.002197265625,281.150390625,7.987695693969727
75.0,22.5,11.677352905273438,113.1666259765625,8.002197265625,281.0549621582031,7.987695693969727
76.0,22.5,11.67735481262207,112.98584747314453,8.002197265625,280.9626770019531,7.987695693969727
77.0,22.5,11.677372932434082,112.80347442626953,8.002197265625,280.87353515625,7.987695693969727
78.0,22.5,11.677360534667969,112.61958312988281,8.002197265625,280.7876281738281,7.987695693969727
79.0,22.5,11.677358627319336,112.4342041015625,8.002197265625,280.7049255371094,7.987695693969727
80.0,22.5,11.677348136901855,112.24742889404297,8.002197265625,280.62548828125,7.987695693969727
81.0,22.5,11.677366256713867,112.05928039550781,8.002197265625,280.5492858886719,7.987695693969727
82.0,22.5,11.677358627319336,111.86984252929688,8.002197265625,280.4764099121094,7.987695693969727
83.0,22.5,11.6773681640625,111.67915344238281,8.002197265625,280.4068298339844,7.987695693969727
84.0,22.5,11.677361488342285,111.4872817993164,8.002197265625,280.3406066894531,7.987695693969727
85.0,22.5,11.677355766296387,111.29428100585938,8.002197265625,280.2777404785156,7.987695693969727
86.0,22.5,11.677371978759766,111.1002197265625,8.002197265625,280.2182312011719,7.987695693969727
87.0,22.5,11.677366256713867,110.90514373779297,8.002197265625,280.1621398925781,7.987695693969727
88.0,22.5,11.677353858947754,110.70911407470703,8.002197265625,280.1094665527344,7.987695693969727
89.0,22.5,11.677353858947754,110.51219940185547,8.002197265625,280.0602111816406,7.987695693969727
90.0,22.5,11.677349090576172,110.314453125,8.002197265625,280.014404296875,7.987695693969727
91.0,22.5,11.677355766296387,110.1159439086914,8.002197265625,279.9720458984375,7.987695693969727
92.0,22.5,11.677352905273438,109.91671752929688,8.002197265625,279.93316650390625,7.987695693969727
93.0,22.5,11.677353858947754,109.71685028076172,8.002197265625,279.89776611328125,7.987695693969727
94.0,22.5,11.6773681640625,109.51638793945312,8.002197265625,279.8658447265625,7.987695693969727
95.0,22.5,11.677349090576172,109.31541442871094,8.002197265625,279.83746337890625,7.987695693969727
96.0,22.5,11.677360534667969,109.11396026611328,8.002197265625,279.81256103515625,7.987695693969727
97.0,22.5,11.677352905273438,108.912109375,8.002197265625,279.79119873046875,7.987695693969727
98.0,22.5,11.677359580993652,108.70991516113281,8.002197265625,279.7733459472656,7.987695693969727
99.0,22.5,11.677360534667969,108.5074462890625,8.002197265625,279.759033203125,7.987695693969727
100.0,22.5,11.67735481262207,108.30474853515625,8.002197265625,279.7482604980469,7.987695693969727
101.0,22.5,11.677349090576172,108.10189056396484,8.002197265625,279.74102783203125,7.987695693969727
102.0,22.5,11.677345275878906,107.8989486694336,8.002197265625,279.7373352050781,7.987695693969727
103.0,22.5,11.677373886108398,107.69596862792969,8.002197265625,279.7371520996094,7.987695693969727
104.0,22.5,11.67734432220459,107.49301147460938,8.002197265625,279.7405700683594,7.987695693969727
105.0,22.5,11.677377700805664,107.29014587402344,8.002197265625,279.7474670410156,7.987695693969727
106.0,22.5,11.677349090576172,107.08743286132812,8.002197265625,279.7579650878906,7.987695693969727
107.0,22.5,11.677346229553223,106.88494110107422,8.002197265625,279.77197265625,7.987695693969727
108.0,22.5,11.677367210388184,106.6827163696289,8.002197265625,279.78948974609375,7.987695693969727
109.0,22.5,11.677342414855957,106.4808349609375,8.002197265625,279.8105773925781,7.987695693969727
110.0,22.5,11.677358627319336,106.27935028076172,8.002197265625,279.83514404296875,7.987695693969727
111.0,22.5,11.677349090576172,106.07832336425781,8.002197265625,279.8632507324219,7.987695693969727
112.0,22.5,11.677363395690918,105.87782287597656,8.002197265625,279.89483642578125,7.987695693969727
113.0,22.5,11.677366256713867,105.67788696289062,8.002197265625,279.929931640625,7.987695693969727
114.0,22.5,11.6773681640625,105.4786148071289,8.002197265625,279.968505859375,7.987695693969727
115.0,22.5,11.677367210388184,105.28003692626953,8.002197265625,280.01055908203125,7.987695693969727
116.0,22.5,11.677343368530273,105.08222961425781,8.002197265625,280.05609130859375,7.987695693969727
117.0,22.5,11.677350044250488,104.88523864746094,8.002197265625,280.10504150390625,7.987695693969727
118.0,22.5,11.6773681640625,104.68913269042969,8.002197265625,280.15740966796875,7.987695693969727
119.0,22.5,11.677351951599121,104.49397277832031,8.002197265625,280.2132263183594,7.987695693969727
120.0,22.5,11.677345275878906,104.29981994628906,8.002197265625,280.2724304199219,7.987695693969727
121.0,22.5,11.677360534667969,104.10672760009766,8.002197265625,280.3349914550781,7.987695693969727
122.0,22.5,11.677352905273438,103.91474914550781,8.002197265625,280.40093994140625,7.987695693969727
123.0,22.5,11.67735767364502,103.72395324707031,8.002197265625,280.47021484375,7.987695693969727
124.0,22.5,11.677353858947754,103.5344009399414,8.002197265625,280.5428161621094,7.987695693969727
125.0,22.5,11.677352905273438,103.34613800048828,8.002197265625,280.61871337890625,7.987695693969727
126.0,22.5,11.67735481262207,103.15924072265625,8.002197265625,280.6978759765625,7.987695693969727
127.0,22.5,11.677350997924805,102.97373962402344,8.002197265625,280.7803039550781,7.987695693969727
128.0,22.5,11.677356719970703,102.78971862792969,8.002197265625,280.8659362792969,7.987695693969727
129.0,22.5,11.677364349365234,102.60720825195312,8.002197265625,280.95477294921875,7.987695693969727
130.0,22.5,11.677366256713867,102.42628479003906,8.002197265625,281.0467834472656,7.987695693969727
131.0,22.5,11.67737102508545,102.24698638916016,8.002197265625,281.1419372558594,7.987695693969727
132.0,22.5,11.677375793457031,102.06938171386719,8.002197265625,281.2402038574219,7.987695693969727
133.0,22.5,11.677356719970703,101.89351654052734,8.002197265625,281.3415832519531,7.987695693969727
134.0,22.5,11.677363395690918,101.71945190429688,8.002197265625,281.44598388671875,7.987695693969727
135.0,22.5,11.677345275878906,101.54723358154297,8.002197265625,281.5534362792969,7.987695693969727
136.0,22.5,11.677353858947754,101.37691497802734,8.002197265625,281.6638488769531,7.987695693969727
137.0,22.5,11.67735767364502,101.20854949951172,8.002197265625,281.7772216796875,7.987695693969727
138.0,22.5,11.677353858947754,101.04219055175781,8.002197265625,281.8935241699219,7.987695693969727
139.0,22.5,11.67736530303955,100.87788391113281,8.002197265625,282.0126953125,7.987695693969727
140.0,22.5,11.67735481262207,100.71569061279297,8.002197265625,282.1347351074219,7.987695693969727
141.0,22.5,11.677356719970703,100.5556411743164,8.002197265625,282.25958251953125,7.987695693969727
142.0,22.5,11.677349090576172,100.3978042602539,8.002197265625,282.38720703125,7.987695693969727
143.0,22.5,11.677366256713867,100.24220275878906,8.002197265625,282.5175476074219,7.987695693969727
144.0,22.5,11.677360534667969,100.08891296386719,8.002197265625,282.6506042480469,7.987695693969727
145.0,22.5,11.677350997924805,99.93797302246094,8.002197265625,282.78631591796875,7.987695693969727
146.0,22.5,11.677363395690918,99.78941345214844,8.002197265625,282.92462158203125,7.987695693969727
147.0,22.5,11.677356719970703,99.64329528808594,8.002197265625,283.0655212402344,7.987695693969727
148.0,22.5,11.677347183227539,99.4996566772461,8.002197265625,283.2089538574219,7.987695693969727
149.0,22.5,11.677347183227539,99.3585433959961,8.002197265625,283.3548583984375,7.987695693969727
150.0,22.5,11.677345275878906,99.22000122070312,8.002197265625,283.5032043457031,7.987695693969727
151.0,22.5,11.677358627319336,99.08406066894531,8.002197265625,283.6539306640625,7.987695693969727
152.0,22.5,11.677369117736816,98.95077514648438,8.002197265625,283.8070068359375,7.987695693969727
153.0,22.5,11.6773681640625,98.82018280029297,8.002197265625,283.96240234375,7.987695693969727
154.0,22.5,11.677358627319336,98.69232940673828,8.002197265625,284.12005615234375,7.987695693969727
155.0,22.5,11.677351951599121,98.56723022460938,8.002197265625,284.2799377441406,7.987695693969727
156.0,22.5,11.677366256713867,98.44495391845703,8.002197265625,284.4419250488281,7.987695693969727
157.0,22.5,11.677350997924805,98.32551574707031,8.002197265625,284.6060791015625,7.987695693969727
158.0,22.5,11.677350044250488,98.20897674560547,8.002197265625,284.7722473144531,7.987695693969727
159.0,22.5,11.677360534667969,98.0953369140625,8.002197265625,284.9404296875,7.987695693969727
160.0,22.5,11.677350044250488,97.98465728759766,8.002197265625,285.110595703125,7.987695693969727
161.0,22.5,11.677351951599121,97.87696075439453,8.002197265625,285.28265380859375,7.987695693969727
162.0,22.5,11.677346229553223,97.77228546142578,8.002197265625,285.4565734863281,7.987695693969727
163.0,22.5,11.677355766296387,97.67066192626953,8.002197265625,285.63226318359375,7.987695693969727
164.0,22.5,11.677352905273438,97.5721206665039,8.002197265625,285.8097229003906,7.987695693969727
165.0,22.5,11.677350997924805,97.47669982910156,8.002197265625,285.9888610839844,7.987695693969727
166.0,22.5,11.677360534667969,97.3843994140625,8.002197265625,286.1696472167969,7.987695693969727
167.0,22.5,11.677358627319336,97.29528045654297,8.002197265625,286.3520202636719,7.987695693969727
168.0,22.5,11.677364349365234,97.2093505859375,8.002197265625,286.5359191894531,7.987695693969727
169.0,22.5,11.677353858947754,97.12666320800781,8.002197265625,286.7212829589844,7.987695693969727
170.0,22.5,11.677355766296387,97.04720306396484,8.002197265625,286.9080810546875,7.987695693969727
171.0,22.5,11.677348136901855,96.97103118896484,8.002197265625,287.0962219238281,7.987695693969727
172.0,22.5,11.677343368530273,96.89814758300781,8.002197265625,287.2856750488281,7.987695693969727
173.0,22.5,11.67735767364502,96.82856750488281,8.002197265625,287.4763488769531,7.987695693969727
174.0,22.5,11.677353858947754,96.76234436035156,8.002197265625,287.668212890625,7.987695693969727
175.0,22.5,11.677358627319336,96.69947052001953,8.002197265625,287.8612060546875,7.987695693969727
176.0,22.5,11.677343368530273,96.63998413085938,8.002197265625,288.0552978515625,7.987695693969727
177.0,22.5,11.67735481262207,96.58387756347656,8.002197265625,288.2503662109375,7.987695693969727
178.0,22.5,11.677361488342285,96.53118896484375,8.002197265625,288.4463806152344,7.987695693969727
179.0,22.5,11.677350044250488,96.48194885253906,8.002197265625,288.6432800292969,7.987695693969727
180.0,22.5,11.67735767364502,96.43612670898438,8.002197265625,288.8410339355469,7.987695693969727
181.0,22.5,11.677348136901855,96.39378356933594,8.002197265625,289.03955078125,7.987695693969727
182.0,22.5,11.677360534667969,96.35488891601562,8.002197265625,289.23876953125,7.987695693969727
183.0,22.5,11.677356719970703,96.31949615478516,8.002197265625,289.4386291503906,7.987695693969727
184.0,22.5,11.67735481262207,96.28759002685547,8.002197265625,289.63909912109375,7.987695693969727
185.0,22.5,11.677355766296387,96.25918579101562,8.002197265625,289.840087890625,7.987695693969727
186.0,22.5,11.677352905273438,96.23429870605469,8.002197265625,290.0415344238281,7.987695693969727
187.0,22.5,11.677349090576172,96.21292877197266,8.002197265625,290.243408203125,7.987695693969727
188.0,22.5,11.677351951599121,96.19508361816406,8.002197265625,290.4455871582031,7.987695693969727
189.0,22.5,11.677350997924805,96.18077087402344,8.002197265625,290.6480712890625,7.987695693969727
190.0,22.5,11.677355766296387,96.16999053955078,8.002197265625,290.8507385253906,7.987695693969727
191.0,22.5,11.677349090576172,96.16275787353516,8.002197265625,291.0535888671875,7.987695693969727
192.0,22.5,11.677360534667969,96.15904998779297,8.002197265625,291.2565612792969,7.987695693969727
193.0,22.5,11.677358627319336,96.15889739990234,8.002197265625,291.45953369140625,7.987695693969727
194.0,22.5,11.677350997924805,96.16229248046875,8.002197265625,291.6624755859375,7.987695693969727
195.0,22.5,11.67735481262207,96.16921997070312,8.002197265625,291.8653564453125,7.987695693969727
196.0,22.5,11.677355766296387,96.1796875,8.002197265625,292.06805419921875,7.987695693969727
197.0,22.5,11.677351951599121,96.19369506835938,8.002197265625,292.2705383300781,7.987695693969727
198.0,22.5,11.677358627319336,96.21122741699219,8.002197265625,292.4727783203125,7.987695693969727
199.0,22.5,11.677355766296387,96.23229217529297,8.002197265625,292.6746520996094,7.987695693969727
200.0,22.5,11.677352905273438,96.25688171386719,8.002197265625,292.87615966796875,7.987695693969727
201.0,22.5,11.677350044250488,96.28498077392578,8.002197265625,293.0771789550781,7.987695693969727
202.0,22.5,11.677349090576172,96.31658172607422,8.002197265625,293.2776794433594,7.987695693969727
203.0,22.5,11.677356719970703,96.35166931152344,8.002197265625,293.47760009765625,7.987695693969727
204.0,22.5,11.677352905273438,96.39025115966797,8.002197265625,293.6768798828125,7.987695693969727
205.0,22.5,11.677350997924805,96.43230438232422,8.002197265625,293.8754577636719,7.987695693969727
206.0,22.5,11.677352905273438,96.47781372070312,8.002197265625,294.0732727050781,7.987695693969727
207.0,22.5,11.677359580993652,96.52676391601562,8.002197265625,294.270263671875,7.987695693969727
208.0,22.5,11.67735481262207,96.57915496826172,8.002197265625,294.46636962890625,7.987695693969727
209.0,22.5,11.67735481262207,96.63495635986328,8.002197265625,294.6615295410156,7.987695693969727
210.0,22.5,11.67735481262207,96.69415283203125,8.002197265625,294.8556823730469,7.987695693969727
211.0,22.5,11.677355766296387,96.7567367553711,8.002197265625,295.0487976074219,7.987695693969727
212.0,22.5,11.677347183227539,96.82267761230469,8.002197265625,295.2407531738281,7.987695693969727
213.0,22.5,11.677360534667969,96.8919448852539,8.002197265625,295.4315490722656,7.987695693969727
214.0,22.5,11.677353858947754,96.96454620361328,8.002197265625,295.62109375,7.987695693969727
215.0,22.5,11.677352905273438,97.04044342041016,8.002197265625,295.8093566894531,7.987695693969727
216.0,22.5,11.67735767364502,97.11961364746094,8.002197265625,295.99627685546875,7.987695693969727
217.0,22.5,11.677359580993652,97.2020263671875,8.002197265625,296.1817626953125,7.987695693969727
218.0,22.5,11.677352905273438,97.28767395019531,8.002197265625,296.36578369140625,7.987695693969727
219.0,22.5,11.677347183227539,97.37651824951172,8.002197265625,296.54827880859375,7.987695693969727
220.0,22.5,11.677355766296387,97.4685287475586,8.002197265625,296.7292175292969,7.987695693969727
221.0,22.5,11.677350997924805,97.56369018554688,8.002197265625,296.90850830078125,7.987695693969727
222.0,22.5,11.677358627319336,97.66195678710938,8.002197265625,297.08612060546875,7.987695693969727
223.0,22.5,11.677356719970703,97.76332092285156,8.002197265625,297.2619934082031,7.987695693969727
224.0,22.5,11.677345275878906,97.86772918701172,8.002197265625,297.43603515625,7.987695693969727
225.0,22.5,11.677359580993652,97.97515869140625,8.002197265625,297.6082763671875,7.987695693969727
226.0,22.5,11.677355766296387,98.08558654785156,8.002197265625,297.7785949707031,7.987695693969727
227.0,22.5,11.677360534667969,98.19895935058594,8.002197265625,297.94696044921875,7.987695693969727
228.0,22.5,11.677358627319336,98.31525421142578,8.002197265625,298.1133117675781,7.987695693969727
229.0,22.5,11.677356719970703,98.43444061279297,8.002197265625,298.2776184082031,7.987695693969727
230.0,22.5,11.677358627319336,98.55647277832031,8.002197265625,298.4398193359375,7.987695693969727
231.0,22.5,11.6773681640625,98.68132019042969,8.002197265625,298.5998840332031,7.987695693969727
232.0,22.5,11.677362442016602,98.80894470214844,8.002197265625,298.7577209472656,7.987695693969727
233.0,22.5,11.677360534667969,98.93929290771484,8.002197265625,298.9132995605469,7.987695693969727
234.0,22.5,11.677359580993652,99.07234191894531,8.002197265625,299.06658935546875,7.987695693969727
235.0,22.5,11.677350997924805,99.20805358886719,8.002197265625,299.217529296875,7.987695693969727
236.0,22.5,11.677351951599121,99.34637451171875,8.002197265625,299.3660888671875,7.987695693969727
237.0,22.5,11.677350997924805,99.48726654052734,8.002197265625,299.51220703125,7.987695693969727
238.0,22.5,11.677358627319336,99.63068389892578,8.002197265625,299.6558532714844,7.987695693969727
239.0,22.5,11.677364349365234,99.77658081054688,8.002197265625,299.7969665527344,7.987695693969727
240.0,22.5,11.677362442016602,99.92493438720703,8.002197265625,299.9355163574219,7.987695693969727
325.0,22.5,11.677366256713867,115.63927459716797,8.002197265625,299.94744873046875,7.987695693969727
326.0,22.5,11.677373886108398,115.78782653808594,8.002197265625,299.80914306640625,7.987695693969727
327.0,22.5,11.677371978759766,115.93395233154297,8.002197265625,299.6682434082031,7.987695693969727
328.0,22.5,11.677358627319336,116.07758331298828,8.002197265625,299.5248107910156,7.987695693969727
329.0,22.5,11.677364349365234,116.21870422363281,8.002197265625,299.37890625,7.987695693969727
330.0,22.5,11.677362442016602,116.35724639892578,8.002197265625,299.2305603027344,7.987695693969727
331.0,22.5,11.677375793457031,116.4931869506836,8.002197265625,299.079833984375,7.987695693969727
332.0,22.5,11.677360534667969,116.62646484375,8.002197265625,298.9267272949219,7.987695693969727
333.0,22.5,11.677359580993652,116.7570571899414,8.002197265625,298.7713317871094,7.987695693969727
334.0,22.5,11.677350997924805,116.8849105834961,8.002197265625,298.6136779785156,7.987695693969727
335.0,22.5,11.677356719970703,117.01000213623047,8.002197265625,298.4538269042969,7.987695693969727
336.0,22.5,11.677383422851562,117.13229370117188,8.002197265625,298.2918395996094,7.987695693969727
337.0,22.5,11.677363395690918,117.25172424316406,8.002197265625,298.127685546875,7.987695693969727
338.0,22.5,11.6773681640625,117.36827087402344,8.002197265625,297.9615173339844,7.987695693969727
339.0,22.5,11.677372932434082,117.48190307617188,8.002197265625,297.7933349609375,7.987695693969727
340.0,22.5,11.677362442016602,117.59258270263672,8.002197265625,297.6231689453125,7.987695693969727
341.0,22.5,11.677364349365234,117.70027923583984,8.002197265625,297.45111083984375,7.987695693969727
342.0,22.5,11.677359580993652,117.8049545288086,8.002197265625,297.2771911621094,7.987695693969727
343.0,22.5,11.677362442016602,117.90657043457031,8.002197265625,297.10150146484375,7.987695693969727
344.0,22.5,11.677366256713867,118.00511932373047,8.002197265625,296.9240417480469,7.987695693969727
345.0,22.5,11.677370071411133,118.10054779052734,8.002197265625,296.7449035644531,7.987695693969727
346.0,22.5,11.677367210388184,118.19283294677734,8.002197265625,296.5641174316406,7.987695693969727
347.0,22.5,11.677372932434082,118.2819595336914,8.002197265625,296.3817443847656,7.987695693969727
348.0,22.5,11.677364349365234,118.36787414550781,8.002197265625,296.1978454589844,7.987695693969727
349.0,22.5,11.6773681640625,118.45057678222656,8.002197265625,296.0124816894531,7.987695693969727
350.0,22.5,11.677370071411133,118.53003692626953,8.002197265625,295.82568359375,7.987695693969727
351.0,22.5,11.677362442016602,118.60620880126953,8.002197265625,295.6375427246094,7.987695693969727
352.0,22.5,11.677364349365234,118.6791000366211,8.002197265625,295.4480895996094,7.987695693969727
353.0,22.5,11.677371978759766,118.74867248535156,8.002197265625,295.2574157714844,7.987695693969727
354.0,22.5,11.677374839782715,118.81490325927734,8.002197265625,295.0655517578125,7.987695693969727
355.0,22.5,11.67736530303955,118.87776184082031,8.002197265625,294.87255859375,7.987695693969727
356.0,22.5,11.67736530303955,118.93726348876953,8.002197265625,294.678466796875,7.987695693969727
357.0,22.5,11.677370071411133,118.99336242675781,8.002197265625,294.4833984375,7.987695693969727
358.0,22.5,11.677375793457031,119.04605102539062,8.002197265625,294.2873840332031,7.987695693969727
359.0,22.5,11.67736530303955,119.09529876708984,8.002197265625,294.0904541015625,7.987695693969727
0.0,16.875,15.378508567810059,122.7392807006836,8.002197265625,294.8127746582031,7.987695693969727
1.0,16.875,15.37850284576416,122.7971420288086,8.002197265625,294.5513000488281,7.987695693969727
2.0,16.875,15.378509521484375,122.85043334960938,8.002197265625,294.2889099121094,7.987695693969727
3.0,16.875,15.378500938415527,122.89913177490234,8.002197265625,294.02557373046875,7.987695693969727
4.0,16.875,15.378511428833008,122.9432373046875,8.002197265625,293.761474609375,7.987695693969727
5.0,16.875,15.378508567810059,122.98271942138672,8.002197265625,293.4966125488281,7.987695693969727
6.0,16.875,15.378503799438477,123.01757049560547,8.002197265625,293.2311096191406,7.987695693969727
7.0,16.875,15.378509521484375,123.04779052734375,8.002197265625,292.9650573730469,7.987695693969727
8.0,16.875,15.37850570678711,123.07335662841797,8.002197265625,292.698486328125,7.987695693969727
9.0,16.875,15.378507614135742,123.09426879882812,8.002197265625,292.4315490722656,7.987695693969727
10.0,16.875,15.378500938415527,123.11051177978516,8.002197265625,292.1642761230469,7.987695693969727
11.0,16.875,15.378506660461426,123.12210083007812,8.002197265625,291.896728515625,7.987695693969727
12.0,16.875,15.378507614135742,123.12901306152344,8.002197265625,291.6290283203125,7.987695693969727
13.0,16.875,15.378503799438477,123.1312484741211,8.002197265625,291.3612976074219,7.987695693969727
14.0,16.875,15.378504753112793,123.12881469726562,8.002197265625,291.093505859375,7.987695693969727
15.0,16.875,15.378509521484375,123.12171173095703,8.002197265625,290.8258361816406,7.987695693969727
16.0,16.875,15.37850570678711,123.10993194580078,8.002197265625,290.5583190917969,7.987695693969727
17.0,16.875,15.37850284576416,123.0934829711914,8.002197265625,290.2910461425781,7.987695693969727
18.0,16.875,15.378499031066895,123.07237243652344,8.002197265625,290.02410888671875,7.987695693969727
19.0,16.875,15.378504753112793,123.04661560058594,8.002197265625,289.757568359375,7.987695693969727
20.0,16.875,15.37850570678711,123.01620483398438,8.002197265625,289.49151611328125,7.987695693969727
21.0,16.875,15.378512382507324,122.98116302490234,8.002197265625,289.2260437011719,7.987695693969727
22.0,16.875,15.378510475158691,122.94148254394531,8.002197265625,288.9612121582031,7.987695693969727
23.0,16.875,15.378503799438477,122.89718627929688,8.002197265625,288.6971435546875,7.987695693969727
24.0,16.875,15.378501892089844,122.8482894897461,8.002197265625,288.4338684082031,7.987695693969727
25.0,16.875,15.378496170043945,122.79480743408203,8.002197265625,288.1715087890625,7.987695693969727
26.0,16.875,15.378498077392578,122.73675537109375,8.002197265625,287.91009521484375,7.987695693969727
27.0,16.875,15.378510475158691,122.67415618896484,8.002197265625,287.64971923828125,7.987695693969727
28.0,16.875,15.378503799438477,122.60700988769531,8.002197265625,287.3905029296875,7.987695693969727
29.0,16.875,15.378504753112793,122.53536224365234,8.002197265625,287.13250732421875,7.987695693969727
30.0,16.875,15.378509521484375,122.45921325683594,8.002197265625,286.8757629394531,7.987695693969727
31.0,16.875,15.378500938415527,122.37859344482422,8.002197265625,286.62042236328125,7.987695693969727
32.0,16.875,15.378506660461426,122.29354095458984,8.002197265625,286.36651611328125,7.987695693969727
33.0,16.875,15.37850570678711,122.20406341552734,8.002197265625,286.1141357421875,7.987695693969727
34.0,16.875,15.378506660461426,122.11019134521484,8.002197265625,285.86334228515625,7.987695693969727
35.0,16.875,15.378511428833008,122.011962890625,8.002197265625,285.6142272949219,7.987695693969727
36.0,16.875,15.378501892089844,121.90939331054688,8.002197265625,285.36688232421875,7.987695693969727
37.0,16.875,15.378497123718262,121.80252838134766,8.002197265625,285.1213684082031,7.987695693969727
38.0,16.875,15.378503799438477,121.69139099121094,8.002197265625,284.8777160644531,7.987695693969727
39.0,16.875,15.378497123718262,121.57601928710938,8.002197265625,284.6360778808594,7.987695693969727
40.0,16.875,15.37850284576416,121.45645904541016,8.002197265625,284.396484375,7.987695693969727
41.0,16.875,15.378507614135742,121.33272552490234,8.002197265625,284.15899658203125,7.987695693969727
42.0,16.875,15.378494262695312,121.20486450195312,8.002197265625,283.9237365722656,7.987695693969727
43.0,16.875,15.378497123718262,121.07292938232422,8.002197265625,283.69073486328125,7.987695693969727
44.0,16.875,15.378515243530273,120.93693542480469,8.002197265625,283.46002197265625,7.987695693969727
45.0,16.875,15.378499984741211,120.79693603515625,8.002197265625,283.2317810058594,7.987695693969727
46.0,16.875,15.378510475158691,120.65298461914062,8.002197265625,283.0059814453125,7.987695693969727
47.0,16.875,15.378506660461426,120.5051040649414,8.002197265625,282.7827453613281,7.987695693969727
48.0,16.875,15.378498077392578,120.35335540771484,8.002197265625,282.5621337890625,7.987695693969727
49.0,16.875,15.37850570678711,120.1977767944336,8.002197265625,282.34417724609375,7.987695693969727
50.0,16.875,15.378515243530273,120.03842163085938,8.002197265625,282.12896728515625,7.987695693969727
51.0,16.875,15.378500938415527,119.87532043457031,8.002197265625,281.9165954589844,7.987695693969727
52.0,16.875,15.378501892089844,119.70854949951172,8.002197265625,281.70709228515625,7.987695693969727
53.0,16.875,15.378496170043945,119.53815460205078,8.002197265625,281.50054931640625,7.987695693969727
54.0,16.875,15.378514289855957,119.36417388916016,8.002197265625,281.2969665527344,7.987695693969727
55.0,16.875,15.378503799438477,119.1866683959961,8.002197265625,281.09649658203125,7.987695693969727
56.0,16.875,15.378503799438477,119.00569152832031,8.002197265625,280.8991394042969,7.987695693969727
57.0,16.875,15.37851333618164,118.82129669189453,8.002197265625,280.7049560546875,7.987695693969727
58.0,16.875,15.378501892089844,118.63352966308594,8.002197265625,280.5140380859375,7.987695693969727
59.0,16.875,15.378514289855957,118.4424819946289,8.002197265625,280.326416015625,7.987695693969727
60.0,16.875,15.378494262695312,118.2481689453125,8.002197265625,280.1421813964844,7.987695693969727
61.0,16.875,15.378506660461426,118.0506820678711,8.002197265625,279.9613342285156,7.987695693969727
62.0,16.875,15.378509521484375,117.85005950927734,8.002197265625,279.7839660644531,7.987695693969727
63.0,16.875,15.37850570678711,117.64637756347656,8.002197265625,279.6101379394531,7.987695693969727
64.0,16.875,15.37851333618164,117.439697265625,8.002197265625,279.43988037109375,7.987695693969727
65.0,16.875,15.378490447998047,117.23006439208984,8.002197265625,279.2732849121094,7.987695693969727
66.0,16.875,15.378493309020996,117.01757049560547,8.002197265625,279.1103515625,7.987695693969727
67.0,16.875,15.378503799438477,116.80226135253906,8.002197265625,278.9511413574219,7.987695693969727
68.0,16.875,15.37850570678711,116.58419799804688,8.002197265625,278.79571533203125,7.987695693969727
69.0,16.875,15.378499984741211,116.36346435546875,8.002197265625,278.6441345214844,7.987695693969727
70.0,16.875,15.378517150878906,116.1401138305664,8.002197265625,278.49639892578125,7.987695693969727
71.0,16.875,15.378499984741211,115.91423034667969,8.002197265625,278.3526306152344,7.987695693969727
72.0,16.875,15.378501892089844,115.68585968017578,8.002197265625,278.2127990722656,7.987695693969727
73.0,16.875,15.378483772277832,115.45508575439453,8.002197265625,278.0769958496094,7.987695693969727
74.0,16.875,15.378511428833008,115.22197723388672,8.002197265625,277.9451904296875,7.987695693969727
75.0,16.875,15.378482818603516,114.98660278320312,8.002197265625,277.8175354003906,7.987695693969727
76.0,16.875,15.378485679626465,114.74903106689453,8.002197265625,277.6939697265625,7.987695693969727
77.0,16.875,15.378509521484375,114.50935363769531,8.002197265625,277.5745544433594,7.987695693969727
78.0,16.875,15.378520011901855,114.26762390136719,8.002197265625,277.4593505859375,7.987695693969727
79.0,16.875,15.378498077392578,114.02391815185547,8.002197265625,277.3484191894531,7.987695693969727
80.0,16.875,15.378498077392578,113.77830505371094,8.002197265625,277.2417297363281,7.987695693969727
81.0,16.875,15.378499984741211,113.53086853027344,8.002197265625,277.13934326171875,7.987695693969727
82.0,16.875,15.378503799438477,113.28169250488281,8.002197265625,277.0412902832031,7.987695693969727
83.0,16.875,15.378508567810059,113.03084564208984,8.002197265625,276.9476013183594,7.987695693969727
84.0,16.875,15.378510475158691,112.77839660644531,8.002197265625,276.8583068847656,7.987695693969727
85.0,16.875,15.378506660461426,112.52442932128906,8.002197265625,276.7734375,7.987695693969727
86.0,16.875,15.378488540649414,112.26900482177734,8.002197265625,276.6930236816406,7.987695693969727
87.0,16.875,15.378491401672363,112.01223754882812,8.002197265625,276.6170654296875,7.987695693969727
88.0,16.875,15.378496170043945,111.7541732788086,8.002197265625,276.54559326171875,7.987695693969727
89.0,16.875,15.378500938415527,111.49490356445312,8.002197265625,276.4786376953125,7.987695693969727
90.0,16.875,15.378491401672363,111.2344970703125,8.002197265625,276.4162292480469,7.987695693969727
91.0,16.875,15.378522872924805,110.97305297851562,8.002197265625,276.35833740234375,7.987695693969727
92.0,16.875,15.37851619720459,110.71063232421875,8.002197265625,276.3050537109375,7.987695693969727
93.0,16.875,15.37848949432373,110.44732666015625,8.002197265625,276.2563781738281,7.987695693969727
94.0,16.875,15.378488540649414,110.1832046508789,8.002197265625,276.2122802734375,7.987695693969727
95.0,16.875,15.378495216369629,109.9183578491211,8.002197265625,276.17279052734375,7.987695693969727
96.0,16.875,15.378490447998047,109.6528549194336,8.002197265625,276.137939453125,7.987695693969727
97.0,16.875,15.378518104553223,109.38678741455078,8.002197265625,276.1076965332031,7.987695693969727
98.0,16.875,15.37849235534668,109.1202392578125,8.002197265625,276.0821533203125,7.987695693969727
99.0,16.875,15.378515243530273,108.85327911376953,8.002197265625,276.06121826171875,7.987695693969727
100.0,16.875,15.378501892089844,108.58599853515625,8.002197265625,276.04498291015625,7.987695693969727
101.0,16.875,15.378484725952148,108.31847381591797,8.002197265625,276.0334167480469,7.987695693969727
102.0,16.875,15.378500938415527,108.05078887939453,8.002197265625,276.0264892578125,7.987695693969727
103.0,16.875,15.37848949432373,107.78301239013672,8.002197265625,276.0242614746094,7.987695693969727
104.0,16.875,15.378511428833008,107.51525115966797,8.002197265625,276.02667236328125,7.987695693969727
105.0,16.875,15.378507614135742,107.24757385253906,8.002197265625,276.0337829589844,7.987695693969727
106.0,16.875,15.3784761428833,106.98004913330078,8.002197265625,276.04559326171875,7.987695693969727
107.0,16.875,15.37850284576416,106.71278381347656,8.002197265625,276.06201171875,7.987695693969727
108.0,16.875,15.378491401672363,106.44584655761719,8.002197265625,276.0831298828125,7.987695693969727
109.0,16.875,15.378497123718262,106.17930603027344,8.002197265625,276.10888671875,7.987695693969727
110.0,16.875,15.378480911254883,105.91326141357422,8.002197265625,276.1393127441406,7.987695693969727
111.0,16.875,15.378495216369629,105.64778900146484,8.002197265625,276.1743469238281,7.987695693969727
112.0,16.875,15.378498077392578,105.38297271728516,8.002197265625,276.2140197753906,7.987695693969727
113.0,16.875,15.378479957580566,105.11888122558594,8.002197265625,276.2583312988281,7.987695693969727
114.0,16.875,15.378485679626465,104.85560607910156,8.002197265625,276.3072204589844,7.987695693969727
115.0,16.875,15.378499984741211,104.59322357177734,8.002197265625,276.3606872558594,7.987695693969727
116.0,16.875,15.378507614135742,104.33181762695312,8.002197265625,276.4187316894531,7.987695693969727
117.0,16.875,15.378491401672363,104.07146453857422,8.002197265625,276.4813537597656,7.987695693969727
118.0,16.875,15.37849235534668,103.81224822998047,8.002197265625,276.5484924316406,7.987695693969727
119.0,16.875,15.378490447998047,103.55423736572266,8.002197265625,276.6201477050781,7.987695693969727
120.0,16.875,15.378497123718262,103.2975082397461,8.002197265625,276.6962890625,7.987695693969727
121.0,16.875,15.37851619720459,103.04215240478516,8.002197265625,276.7768859863281,7.987695693969727
122.0,16.875,15.37849235534668,102.78824615478516,8.002197265625,276.8619689941406,7.987695693969727
123.0,16.875,15.378494262695312,102.53585815429688,8.002197265625,276.9514465332031,7.987695693969727
124.0,16.875,15.378485679626465,102.28508758544922,8.002197265625,277.0453186035156,7.987695693969727
125.0,16.875,15.378509521484375,102.03598022460938,8.002197265625,277.1435241699219,7.987695693969727
126.0,16.875,15.378506660461426,101.78861999511719,8.002197265625,277.24609375,7.987695693969727
127.0,16.875,15.378497123718262,101.54309844970703,8.002197265625,277.35296630859375,7.987695693969727
128.0,16.875,15.378491401672363,101.2994613647461,8.002197265625,277.464111328125,7.987695693969727
129.0,16.875,15.378497123718262,101.05782318115234,8.002197265625,277.5794677734375,7.987695693969727
130.0,16.875,15.378498077392578,100.81822204589844,8.002197265625,277.69903564453125,7.987695693969727
131.0,16.875,15.378510475158691,100.58074951171875,8.002197265625,277.82275390625,7.987695693969727
132.0,16.875,15.37850570678711,100.345458984375,8.002197265625,277.95062255859375,7.987695693969727
133.0,16.875,15.37849235534668,100.1124496459961,8.002197265625,278.08258056640625,7.987695693969727
134.0,16.875,15.37849235534668,99.88178253173828,8.002197265625,278.21856689453125,7.987695693969727
135.0,16.875,15.378501892089844,99.65351867675781,8.002197265625,278.3585510253906,7.987695693969727
136.0,16.875,15.378484725952148,99.42772674560547,8.002197265625,278.5025329589844,7.987695693969727
137.0,16.875,15.378501892089844,99.20448303222656,8.002197265625,278.650390625,7.987695693969727
138.0,16.875,15.37849235534668,98.98385620117188,8.002197265625,278.8021545410156,7.987695693969727
139.0,16.875,15.378490447998047,98.76591491699219,8.002197265625,278.9577331542969,7.987695693969727
140.0,16.875,15.37851333618164,98.55071258544922,8.002197265625,279.1170654296875,7.987695693969727
141.0,16.875,15.378486633300781,98.33834075927734,8.002197265625,279.2801818847656,7.987695693969727
142.0,16.875,15.378484725952148,98.12882995605469,8.002197265625,279.44696044921875,7.987695693969727
143.0,16.875,15.378501892089844,97.92227172851562,8.002197265625,279.6173400878906,7.987695693969727
144.0,16.875,15.378499031066895,97.71871948242188,8.002197265625,279.79132080078125,7.987695693969727
145.0,16.875,15.378486633300781,97.51823425292969,8.002197265625,279.9688415527344,7.987695693969727
146.0,16.875,15.37849235534668,97.32087707519531,8.002197265625,280.1498107910156,7.987695693969727
147.0,16.875,15.378501892089844,97.12670135498047,8.002197265625,280.3341979980469,7.987695693969727
148.0,16.875,15.378486633300781,96.93578338623047,8.002197265625,280.52197265625,7.987695693969727
149.0,16.875,15.378503799438477,96.74816131591797,8.002197265625,280.7130126953125,7.987695693969727
150.0,16.875,15.37850570678711,96.56390380859375,8.002197265625,280.9073181152344,7.987695693969727
151.0,16.875,15.378490447998047,96.38307189941406,8.002197265625,281.1048278808594,7.987695693969727
152.0,16.875,15.378507614135742,96.2057113647461,8.002197265625,281.305419921875,7.987695693969727
153.0,16.875,15.378488540649414,96.0318832397461,8.002197265625,281.5091247558594,7.987695693969727
154.0,16.875,15.3784818649292,95.86163330078125,8.002197265625,281.7158203125,7.987695693969727
155.0,16.875,15.3784818649292,95.69501495361328,8.002197265625,281.9254455566406,7.987695693969727
156.0,16.875,15.378491401672363,95.53207397460938,8.002197265625,282.137939453125,7.987695693969727
157.0,16.875,15.37849235534668,95.37287902832031,8.002197265625,282.3532409667969,7.987695693969727
158.0,16.875,15.378497123718262,95.21746063232422,8.002197265625,282.5712890625,7.987695693969727
159.0,16.875,15.378498077392578,95.06587219238281,8.002197265625,282.7920227050781,7.987695693969727
160.0,16.875,15.378498077392578,94.91815185546875,8.002197265625,283.015380859375,7.987695693969727
161.0,16.875,15.378496170043945,94.77436065673828,8.002197265625,283.24127197265625,7.987695693969727
162.0,16.875,15.378501892089844,94.63452911376953,8.002197265625,283.4696350097656,7.987695693969727
163.0,16.875,15.378497123718262,94.49871063232422,8.002197265625,283.7004089355469,7.987695693969727
164.0,16.875,15.378490447998047,94.36693572998047,8.002197265625,283.93353271484375,7.987695693969727
165.0,16.875,15.378485679626465,94.23925018310547,8.002197265625,284.1689147949219,7.987695693969727
166.0,16.875,15.37849235534668,94.11569213867188,8.002197265625,284.4064636230469,7.987695693969727
167.0,16.875,15.37849235534668,93.99629974365234,8.002197265625,284.6461486816406,7.987695693969727
168.0,16.875,15.378496170043945,93.881103515625,8.002197265625,284.88787841796875,7.987695693969727
169.0,16.875,15.37849235534668,93.77014923095703,8.002197265625,285.131591796875,7.987695693969727
170.0,16.875,15.378496170043945,93.66345977783203,8.002197265625,285.377197265625,7.987695693969727
171.0,16.875,15.37848949432373,93.56108093261719,8.002197265625,285.6246337890625,7.987695693969727
172.0,16.875,15.378494262695312,93.46302795410156,8.002197265625,285.8738098144531,7.987695693969727
173.0,16.875,15.378496170043945,93.36933898925781,8.002197265625,286.1246643066406,7.987695693969727
174.0,16.875,15.378493309020996,93.2800521850586,8.002197265625,286.3771057128906,7.987695693969727
175.0,16.875,15.378497123718262,93.19517517089844,8.002197265625,286.6310729980469,7.987695693969727
176.0,16.875,15.378499984741211,93.11474609375,8.002197265625,286.886474609375,7.987695693969727
177.0,16.875,15.37849235534668,93.0387954711914,8.002197265625,287.14324951171875,7.987695693969727
178.0,16.875,15.37849235534668,92.96732330322266,8.002197265625,287.4013366699219,7.987695693969727
179.0,16.875,15.378488540649414,92.90037536621094,8.002197265625,287.6606140136719,7.987695693969727
180.0,16.875,15.378493309020996,92.83795928955078,8.002197265625,287.9209899902344,7.987695693969727
181.0,16.875,15.378487586975098,92.78009796142578,8.002197265625,288.1824645996094,7.987695693969727
182.0,16.875,15.378495216369629,92.726806640625,8.002197265625,288.4448547363281,7.987695693969727
183.0,16.875,15.378485679626465,92.67810821533203,8.002197265625,288.70819091796875,7.987695693969727
184.0,16.875,15.378495216369629,92.63400268554688,8.002197265625,288.9722900390625,7.987695693969727
185.0,16.875,15.37849235534668,92.59452056884766,8.002197265625,289.2371520996094,7.987695693969727
186.0,16.875,15.37849235534668,92.5596694946289,8.002197265625,289.50262451171875,7.987695693969727
187.0,16.875,15.378494262695312,92.52944946289062,8.002197265625,289.7687072753906,7.987695693969727
188.0,16.875,15.378491401672363,92.5038833618164,8.002197265625,290.0352783203125,7.987695693969727
189.0,16.875,15.37849235534668,92.48297119140625,8.002197265625,290.3022155761719,7.987695693969727
190.0,16.875,15.378493309020996,92.46672058105469,8.002197265625,290.5694885253906,7.987695693969727
191.0,16.875,15.378491401672363,92.45513916015625,8.002197265625,290.8370361328125,7.987695693969727
192.0,16.875,15.37849235534668,92.44822692871094,8.002197265625,291.104736328125,7.987695693969727
193.0,16.875,15.37848949432373,92.44599151611328,8.002197265625,291.3724670410156,7.987695693969727
194.0,16.875,15.378490447998047,92.44842529296875,8.002197265625,291.6402587890625,7.987695693969727
195.0,16.875,15.378493309020996,92.45552825927734,8.002197265625,291.9079284667969,7.987695693969727
196.0,16.875,15.378482818603516,92.46731567382812,8.002197265625,292.1754455566406,7.987695693969727
197.0,16.875,15.378487586975098,92.48375701904297,8.002197265625,292.4427185058594,7.987695693969727
198.0,16.875,15.378499031066895,92.50485229492188,8.002197265625,292.70965576171875,7.987695693969727
199.0,16.875,15.378490447998047,92.53062438964844,8.002197265625,292.9761962890625,7.987695693969727
200.0,16.875,15.378498077392578,92.56102752685547,8.002197265625,293.24224853515625,7.987695693969727
201.0,16.875,15.378497123718262,92.59607696533203,8.002197265625,293.5077209472656,7.987695693969727
202.0,16.875,15.378490447998047,92.63575744628906,8.002197265625,293.77252197265625,7.987695693969727
203.0,16.875,15.378496170043945,92.68004608154297,8.002197265625,294.03662109375,7.987695693969727
204.0,16.875,15.378494262695312,92.72894287109375,8.002197265625,294.2998962402344,7.987695693969727
205.0,16.875,15.378482818603516,92.78243255615234,8.002197265625,294.562255859375,7.987695693969727
206.0,16.875,15.378484725952148,92.84048461914062,8.002197265625,294.82366943359375,7.987695693969727
207.0,16.875,15.378488540649414,92.90308380126953,8.002197265625,295.0840148925781,7.987695693969727
208.0,16.875,15.378488540649414,92.97023010253906,8.002197265625,295.34326171875,7.987695693969727
209.0,16.875,15.378490447998047,93.04187774658203,8.002197265625,295.60125732421875,7.987695693969727
210.0,16.875,15.378495216369629,93.11802673339844,8.002197265625,295.8580017089844,7.987695693969727
211.0,16.875,15.378487586975098,93.19864654541016,8.002197265625,296.11334228515625,7.987695693969727
212.0,16.875,15.378486633300781,93.28370666503906,8.002197265625,296.36724853515625,7.987695693969727
213.0,16.875,15.378491401672363,93.37317657470703,8.002197265625,296.61962890625,7.987695693969727
214.0,16.875,15.378499984741211,93.467041015625,8.002197265625,296.87042236328125,7.987695693969727
215.0,16.875,15.378485679626465,93.56527709960938,8.002197265625,297.1195068359375,7.987695693969727
216.0,16.875,15.378488540649414,93.6678466796875,8.002197265625,297.36688232421875,7.987695693969727
217.0,16.875,15.37848949432373,93.77470397949219,8.002197265625,297.6123962402344,7.987695693969727
218.0,16.875,15.378498077392578,93.8858413696289,8.002197265625,297.8560485839844,7.987695693969727
219.0,16.875,15.378497123718262,94.00120544433594,8.002197265625,298.0976867675781,7.987695693969727
220.0,16.875,15.378488540649414,94.12078094482422,8.002197265625,298.3372802734375,7.987695693969727
221.0,16.875,15.378500938415527,94.2445068359375,8.002197265625,298.57476806640625,7.987695693969727
222.0,16.875,15.378487586975098,94.37236785888672,8.002197265625,298.8100280761719,7.987695693969727
223.0,16.875,15.378484725952148,94.50431060791016,8.002197265625,299.04302978515625,7.987695693969727
224.0,16.875,15.378501892089844,94.64030456542969,8.002197265625,299.27374267578125,7.987695693969727
225.0,16.875,15.37849235534668,94.7802963256836,8.002197265625,299.5019836425781,7.987695693969727
226.0,16.875,15.37849235534668,94.92426300048828,8.002197265625,299.727783203125,7.987695693969727
227.0,16.875,15.37849235534668,95.07213592529297,8.002197265625,299.9510192871094,7.987695693969727
339.0,16.875,15.378494262695312,120.51136779785156,8.002197265625,299.94171142578125,7.987695693969727
340.0,16.875,15.378503799438477,120.6590805053711,8.002197265625,299.7183837890625,7.987695693969727
341.0,16.875,15.378509521484375,120.8028793334961,8.002197265625,299.49249267578125,7.987695693969727
342.0,16.875,15.378491401672363,120.94270324707031,8.002197265625,299.26409912109375,7.987695693969727
343.0,16.875,15.378511428833008,121.07852935791016,8.002197265625,299.0333557128906,7.987695693969727
344.0,16.875,15.378503799438477,121.2103042602539,8.002197265625,298.80023193359375,7.987695693969727
345.0,16.875,15.378506660461426,121.33798217773438,8.002197265625,298.56488037109375,7.987695693969727
346.0,16.875,15.378506660461426,121.4615478515625,8.002197265625,298.3273010253906,7.987695693969727
347.0,16.875,15.37850570678711,121.58094024658203,8.002197265625,298.0876159667969,7.987695693969727
348.0,16.875,15.378503799438477,121.69612884521484,8.002197265625,297.84588623046875,7.987695693969727
349.0,16.875,15.378498077392578,121.80708312988281,8.002197265625,297.6021728515625,7.987695693969727
350.0,16.875,15.378501892089844,121.91377258300781,8.002197265625,297.3565673828125,7.987695693969727
351.0,16.875,15.378503799438477,122.01615905761719,8.002197265625,297.109130859375,7.987695693969727
352.0,16.875,15.378508567810059,122.11421203613281,8.002197265625,296.8599548339844,7.987695693969727
353.0,16.875,15.378506660461426,122.2078857421875,8.002197265625,296.609130859375,7.987695693969727
354.0,16.875,15.378507614135742,122.29718780517578,8.002197265625,296.3566589355469,7.987695693969727
355.0,16.875,15.378503799438477,122.3820571899414,8.002197265625,296.1026916503906,7.987695693969727
356.0,16.875,15.378507614135742,122.46248626708984,8.002197265625,295.8472900390625,7.987695693969727
357.0,16.875,15.378507614135742,122.53844451904297,8.002197265625,295.59051513671875,7.987695693969727
358.0,16.875,15.378499031066895,122.60990905761719,8.002197265625,295.3324279785156,7.987695693969727
359.0,16.875,15.378509521484375,122.67686462402344,8.002197265625,295.07318115234375,7.987695693969727
0.0,11.25,22.8364200592041,129.98971557617188,8.002197265625,296.61199951171875,7.987695693969727
1.0,11.25,22.8364315032959,130.077880859375,8.002197265625,296.2237548828125,7.987695693969727
2.0,11.25,22.836435317993164,130.1592559814453,8.002197265625,295.8340148925781,7.987695693969727
3.0,11.25,22.8364200592041,130.23379516601562,8.002197265625,295.4429016113281,7.987695693969727
4.0,11.25,22.8364200592041,130.301513671875,8.002197265625,295.0505676269531,7.987695693969727
5.0,11.25,22.836429595947266,130.3623809814453,8.002197265625,294.6571044921875,7.987695693969727
6.0,11.25,22.836429595947266,130.41636657714844,8.002197265625,294.26263427734375,7.987695693969727
7.0,11.25,22.83642578125,130.4634552001953,8.002197265625,293.8672790527344,7.987695693969727
8.0,11.25,22.836435317993164,130.50364685058594,8.002197265625,293.47119140625,7.987695693969727
9.0,11.25,22.83643341064453,130.5369110107422,8.002197265625,293.0744323730469,7.987695693969727
10.0,11.25,22.83643341064453,130.56324768066406,8.002197265625,292.6771545410156,7.987695693969727
11.0,11.25,22.836429595947266,130.5826416015625,8.002197265625,292.27947998046875,7.987695693969727
12.0,11.25,22.836423873901367,130.5950927734375,8.002197265625,291.88153076171875,7.987695693969727
13.0,11.25,22.836423873901367,130.60060119628906,8.002197265625,291.4834289550781,7.987695693969727
14.0,11.25,22.836429595947266,130.5991668701172,8.002197265625,291.0852966308594,7.987695693969727
15.0,11.25,22.836427688598633,130.5907745361328,8.002197265625,290.6872253417969,7.987695693969727
16.0,11.25,22.83642578125,130.575439453125,8.002197265625,290.2893981933594,7.987695693969727
17.0,11.25,22.836423873901367,130.55316162109375,8.002197265625,289.8918762207031,7.987695693969727
18.0,11.25,22.836429595947266,130.52395629882812,8.002197265625,289.4947814941406,7.987695693969727
19.0,11.25,22.8364315032959,130.48782348632812,8.002197265625,289.0982971191406,7.987695693969727
20.0,11.25,22.83643913269043,130.4447784423828,8.002197265625,288.70245361328125,7.987695693969727
21.0,11.25,22.836427688598633,130.3948211669922,8.002197265625,288.3074951171875,7.987695693969727
22.0,11.25,22.83642578125,130.33798217773438,8.002197265625,287.9134216308594,7.987695693969727
23.0,11.25,22.836429595947266,130.27427673339844,8.002197265625,287.5203857421875,7.987695693969727
24.0,11.25,22.836429595947266,130.20372009277344,8.002197265625,287.1285400390625,7.987695693969727
25.0,11.25,22.836429595947266,130.1263427734375,8.002197265625,286.7380065917969,7.987695693969727
26.0,11.25,22.836421966552734,130.04214477539062,8.002197265625,286.3488464355469,7.987695693969727
27.0,11.25,22.836427688598633,129.95118713378906,8.002197265625,285.96124267578125,7.987695693969727
28.0,11.25,22.836427688598633,129.8534698486328,8.002197265625,285.5752868652344,7.987695693969727
29.0,11.25,22.836437225341797,129.74903869628906,8.002197265625,285.1910705566406,7.987695693969727
30.0,11.25,22.836435317993164,129.63790893554688,8.002197265625,284.8087463378906,7.987695693969727
31.0,11.25,22.8364315032959,129.52012634277344,8.002197265625,284.4284362792969,7.987695693969727
32.0,11.25,22.836427688598633,129.39572143554688,8.002197265625,284.05023193359375,7.987695693969727
33.0,11.25,22.83643913269043,129.26473999023438,8.002197265625,283.6742248535156,7.987695693969727
34.0,11.25,22.83643341064453,129.12721252441406,8.002197265625,283.30059814453125,7.987695693969727
35.0,11.25,22.83643341064453,128.98318481445312,8.002197265625,282.9294128417969,7.987695693969727
36.0,11.25,22.836437225341797,128.83270263671875,8.002197265625,282.560791015625,7.987695693969727
37.0,11.25,22.836414337158203,128.67579650878906,8.002197265625,282.19488525390625,7.987695693969727
38.0,11.25,22.836441040039062,128.51255798339844,8.002197265625,281.83172607421875,7.987695693969727
39.0,11.25,22.836421966552734,128.34298706054688,8.002197265625,281.4715270996094,7.987695693969727
40.0,11.25,22.836435317993164,128.1671600341797,8.002197265625,281.1142883300781,7.987695693969727
41.0,11.25,22.836435317993164,127.98512268066406,8.002197265625,280.76019287109375,7.987695693969727
42.0,11.25,22.836435317993164,127.79693603515625,8.002197265625,280.4093322753906,7.987695693969727
43.0,11.25,22.83642578125,127.60265350341797,8.002197265625,280.06182861328125,7.987695693969727
44.0,11.25,22.836429595947266,127.40233612060547,8.002197265625,279.7177429199219,7.987695693969727
45.0,11.25,22.8364315032959,127.19603729248047,8.002197265625,279.377197265625,7.987695693969727
46.0,11.25,22.836441040039062,126.98384094238281,8.002197265625,279.0403137207031,7.987695693969727
47.0,11.25,22.836437225341797,126.76578521728516,8.002197265625,278.7071838378906,7.987695693969727
48.0,11.25,22.836429595947266,126.54195404052734,8.002197265625,278.3779296875,7.987695693969727
49.0,11.25,22.83643341064453,126.31240844726562,8.002197265625,278.0526123046875,7.987695693969727
50.0,11.25,22.836429595947266,126.07721710205078,8.002197265625,277.7313537597656,7.987695693969727
51.0,11.25,22.83641815185547,125.83646392822266,8.002197265625,277.4142761230469,7.987695693969727
52.0,11.25,22.836448669433594,125.5902099609375,8.002197265625,277.10137939453125,7.987695693969727
53.0,11.25,22.83641815185547,125.3385238647461,8.002197265625,276.79290771484375,7.987695693969727
54.0,11.25,22.83643341064453,125.08151245117188,8.002197265625,276.48883056640625,7.987695693969727
55.0,11.25,22.83641815185547,124.81920623779297,8.002197265625,276.1893005371094,7.987695693969727
56.0,11.25,22.836429595947266,124.5517349243164,8.002197265625,275.8943786621094,7.987695693969727
57.0,11.25,22.8364200592041,124.27914428710938,8.002197265625,275.60418701171875,7.987695693969727
58.0,11.25,22.83642578125,124.00154113769531,8.002197265625,275.31878662109375,7.987695693969727
59.0,11.25,22.836429595947266,123.718994140625,8.002197265625,275.03826904296875,7.987695693969727
60.0,11.25,22.836437225341797,123.43159484863281,8.002197265625,274.7627258300781,7.987695693969727
61.0,11.25,22.83643341064453,123.1394271850586,8.002197265625,274.49224853515625,7.987695693969727
62.0,11.25,22.836441040039062,122.84258270263672,8.002197265625,274.2268981933594,7.987695693969727
63.0,11.25,22.836429595947266,122.5411605834961,8.002197265625,273.966796875,7.987695693969727
64.0,11.25,22.83643341064453,122.23523712158203,8.002197265625,273.71197509765625,7.987695693969727
65.0,11.25,22.83641815185547,121.92491912841797,8.002197265625,273.4625549316406,7.987695693969727
66.0,11.25,22.83641815185547,121.61029052734375,8.002197265625,273.21856689453125,7.987695693969727
67.0,11.25,22.836421966552734,121.29145050048828,8.002197265625,272.9801025390625,7.987695693969727
68.0,11.25,22.8364200592041,120.968505859375,8.002197265625,272.74725341796875,7.987695693969727
69.0,11.25,22.83643341064453,120.64154052734375,8.002197265625,272.5200500488281,7.987695693969727
70.0,11.25,22.836421966552734,120.31065368652344,8.002197265625,272.2986145019531,7.987695693969727
71.0,11.25,22.83642578125,119.97595977783203,8.002197265625,272.0829772949219,7.987695693969727
72.0,11.25,22.836441040039062,119.63755798339844,8.002197265625,271.8731994628906,7.987695693969727
73.0,11.25,22.836416244506836,119.29553985595703,8.002197265625,271.6694030761719,7.987695693969727
74.0,11.25,22.836441040039062,118.95002746582031,8.002197265625,271.4715576171875,7.987695693969727
75.0,11.25,22.836448669433594,118.60110473632812,8.002197265625,271.27978515625,7.987695693969727
76.0,11.25,22.83643913269043,118.24888610839844,8.002197265625,271.0941467285156,7.987695693969727
77.0,11.25,22.836444854736328,117.89348602294922,8.002197265625,270.9146728515625,7.987695693969727
78.0,11.25,22.83642578125,117.53500366210938,8.002197265625,270.741455078125,7.987695693969727
79.0,11.25,22.8364315032959,117.1735610961914,8.002197265625,270.5744934082031,7.987695693969727
80.0,11.25,22.83641815185547,116.80924224853516,8.002197265625,270.41387939453125,7.987695693969727
81.0,11.25,22.836414337158203,116.44219207763672,8.002197265625,270.2596435546875,7.987695693969727
82.0,11.25,22.836429595947266,116.07250213623047,8.002197265625,270.11181640625,7.987695693969727
83.0,11.25,22.8364200592041,115.70028686523438,8.002197265625,269.9704895019531,7.987695693969727
84.0,11.25,22.836427688598633,115.3256607055664,8.002197265625,269.8356628417969,7.987695693969727
85.0,11.25,22.836402893066406,114.94874572753906,8.002197265625,269.7074279785156,7.987695693969727
86.0,11.25,22.836444854736328,114.56964874267578,8.002197265625,269.5857238769531,7.987695693969727
87.0,11.25,22.836437225341797,114.18848419189453,8.002197265625,269.470703125,7.987695693969727
88.0,11.25,22.83644676208496,113.80536651611328,8.002197265625,269.3623352050781,7.987695693969727
89.0,11.25,22.836416244506836,113.42041778564453,8.002197265625,269.2607116699219,7.987695693969727
90.0,11.25,22.836435317993164,113.03376007080078,8.002197265625,269.165771484375,7.987695693969727
91.0,11.25,22.836441040039062,112.64549255371094,8.002197265625,269.0776062011719,7.987695693969727
92.0,11.25,22.8364315032959,112.25575256347656,8.002197265625,268.9962463378906,7.987695693969727
93.0,11.25,22.836429595947266,111.86465454101562,8.002197265625,268.92169189453125,7.987695693969727
94.0,11.25,22.8364315032959,111.4723129272461,8.002197265625,268.8539733886719,7.987695693969727
95.0,11.25,22.836450576782227,111.07884216308594,8.002197265625,268.7930908203125,7.987695693969727
96.0,11.25,22.836421966552734,110.68436431884766,8.002197265625,268.7391357421875,7.987695693969727
97.0,11.25,22.8364200592041,110.28903198242188,8.002197265625,268.6920471191406,7.987695693969727
98.0,11.25,22.836427688598633,109.8929214477539,8.002197265625,268.65185546875,7.987695693969727
99.0,11.25,22.83642578125,109.49615478515625,8.002197265625,268.61859130859375,7.987695693969727
100.0,11.25,22.83642578125,109.09888458251953,8.002197265625,268.5922546386719,7.987695693969727
101.0,11.25,22.836437225341797,108.70122528076172,8.002197265625,268.5728454589844,7.987695693969727
102.0,11.25,22.83643341064453,108.30327606201172,8.002197265625,268.5603942871094,7.987695693969727
103.0,11.25,22.836416244506836,107.90515899658203,8.002197265625,268.5549011230469,7.987695693969727
104.0,11.25,22.836421966552734,107.50702667236328,8.002197265625,268.55633544921875,7.987695693969727
105.0,11.25,22.8364200592041,107.10896301269531,8.002197265625,268.5647277832031,7.987695693969727
106.0,11.25,22.83643341064453,106.71111297607422,8.002197265625,268.5800476074219,7.987695693969727
107.0,11.25,22.8364315032959,106.31359100341797,8.002197265625,268.6023254394531,7.987695693969727
108.0,11.25,22.836406707763672,105.91651916503906,8.002197265625,268.6315612792969,7.987695693969727
109.0,11.25,22.836408615112305,105.52002716064453,8.002197265625,268.6676940917969,7.987695693969727
110.0,11.25,22.836427688598633,105.12421417236328,8.002197265625,268.7107238769531,7.987695693969727
111.0,11.25,22.836421966552734,104.72920989990234,8.002197265625,268.76068115234375,7.987695693969727
112.0,11.25,22.83643341064453,104.33514404296875,8.002197265625,268.8175048828125,7.987695693969727
113.0,11.25,22.8364200592041,103.94212341308594,8.002197265625,268.8812255859375,7.987695693969727
114.0,11.25,22.836416244506836,103.55029296875,8.002197265625,268.9517822265625,7.987695693969727
115.0,11.25,22.836437225341797,103.15973663330078,8.002197265625,269.0291442871094,7.987695693969727
116.0,11.25,22.626792907714844,102.816650390625,8.011833190917969,269.317626953125,7.987695693969727
117.0,11.25,22.46250343322754,102.47148895263672,8.01938533782959,269.56719970703125,7.987695693969727
118.0,11.25,22.50193977355957,102.08184051513672,8.017572402954102,269.6252136230469,7.987695693969727
119.0,11.25,22.438058853149414,101.72054290771484,8.020508766174316,269.78955078125,7.987695693969727
120.0,11.25,22.42536163330078,101.3485336303711,8.02109146118164,269.910888671875,7.987695693969727
121.0,11.25,22.39566421508789,100.98408508300781,8.02245807647705,270.0548095703125,7.987695693969727
122.0,11.25,22.336633682250977,100.632080078125,8.02517032623291,270.232666015625,7.987695693969727
123.0,11.25,22.25651741027832,100.29132080078125,8.028853416442871,270.4361267089844,7.987695693969727
124.0,11.25,22.255891799926758,99.92739868164062,8.028881072998047,270.57073974609375,7.987695693969727
125.0,11.25,22.059314727783203,99.63827514648438,8.037917137145996,270.8935546875,7.987695693969727
126.0,11.25,22.03968048095703,99.28977966308594,8.038820266723633,271.0570068359375,7.987695693969727
127.0,11.25,22.005870819091797,98.9501953125,8.040373802185059,271.2393493652344,7.987695693969727
128.0,11.25,22.0396671295166,98.5861587524414,8.038820266723633,271.3659973144531,7.987695693969727
129.0,11.25,21.935152053833008,98.28378295898438,8.043624877929688,271.62371826171875,7.987695693969727
130.0,11.25,21.965328216552734,97.92710876464844,8.042237281799316,271.76568603515625,7.987695693969727
131.0,11.25,21.884868621826172,97.62389373779297,8.04593563079834,272.0119323730469,7.987695693969727
132.0,11.25,21.86740493774414,97.29603576660156,8.046738624572754,272.20758056640625,7.987695693969727
133.0,11.25,21.842496871948242,96.97560119628906,8.047884941101074,272.41522216796875,7.987695693969727
134.0,11.25,21.778093338012695,96.6793441772461,8.050844192504883,272.6621398925781,7.987695693969727
135.0,11.25,21.8079833984375,96.33890533447266,8.049470901489258,272.8334655761719,7.987695693969727
136.0,11.25,21.697269439697266,96.07695007324219,8.054559707641602,273.1291809082031,7.987695693969727
137.0,11.25,21.78135871887207,95.71382141113281,8.050694465637207,273.2664794921875,7.987695693969727
138.0,11.25,21.62738037109375,95.48735046386719,8.057772636413574,273.6064147949219,7.987695693969727
139.0,11.25,21.720033645629883,95.12522888183594,8.053512573242188,273.7486572265625,7.987695693969727
140.0,11.25,21.61458969116211,94.88263702392578,8.058359146118164,274.0567932128906,7.987695693969727
141.0,11.25,21.661109924316406,94.55409240722656,8.056221961975098,274.2478942871094,7.987695693969727
142.0,11.25,21.60967254638672,94.28946685791016,8.058585166931152,274.5215759277344,7.987695693969727
143.0,11.25,21.610382080078125,93.99708557128906,8.058553695678711,274.7591857910156,7.987695693969727
144.0,11.25,21.641292572021484,93.68920135498047,8.057132720947266,274.97900390625,7.987695693969727
145.0,11.25,21.64128875732422,93.40534210205078,8.057132720947266,275.2275695800781,7.987695693969727
146.0,11.25,21.682296752929688,93.09806823730469,8.05524730682373,275.4509582519531,7.987695693969727
147.0,11.25,21.767486572265625,92.76373291015625,8.051331520080566,275.64825439453125,7.987695693969727
148.0,11.25,21.653169631958008,92.57203674316406,8.056587219238281,275.9940185546875,7.987695693969727
149.0,11.25,21.776704788208008,92.21772766113281,8.050907135009766,276.1757507324219,7.987695693969727
150.0,11.25,21.669170379638672,92.03317260742188,8.055851936340332,276.5234680175781,7.987695693969727
151.0,11.25,21.761180877685547,91.7085189819336,8.051621437072754,276.7388610839844,7.987695693969727
152.0,11.25,21.89398956298828,91.35599517822266,8.045516967773438,276.9341735839844,7.987695693969727
153.0,11.25,21.85574722290039,91.13574981689453,8.047274589538574,277.24786376953125,7.987695693969727
154.0,11.25,21.892261505126953,90.8636474609375,8.045597076416016,277.5175476074219,7.987695693969727
155.0,11.25,21.901582717895508,90.61721801757812,8.045167922973633,277.80926513671875,7.987695693969727
156.0,11.25,21.898601531982422,90.38558197021484,8.045305252075195,278.1128234863281,7.987695693969727
157.0,11.25,22.039684295654297,90.04332733154297,8.038820266723633,278.33514404296875,7.987695693969727
158.0,11.25,22.03968048095703,89.818603515625,8.038820266723633,278.6468200683594,7.987695693969727
159.0,11.25,22.067272186279297,89.5765609741211,8.037550926208496,278.9468688964844,7.987695693969727
160.0,11.25,22.17980194091797,89.26861572265625,8.032379150390625,279.20489501953125,7.987695693969727
161.0,11.25,22.095836639404297,89.13008880615234,8.036239624023438,279.57476806640625,7.987695693969727
162.0,11.25,22.260385513305664,88.78665924072266,8.028675079345703,279.81683349609375,7.987695693969727
163.0,11.25,22.420120239257812,88.45020294189453,8.021332740783691,280.0697326660156,7.987695693969727
164.0,11.25,22.33719825744629,88.32823944091797,8.025144577026367,280.449462890625,7.987695693969727
165.0,11.25,22.43805503845215,88.05194854736328,8.020508766174316,280.7430114746094,7.987695693969727
166.0,11.25,22.43805503845215,87.86954498291016,8.020508766174316,281.0890808105469,7.987695693969727
167.0,11.25,22.53646469116211,87.60506439208984,8.015985488891602,281.3947448730469,7.987695693969727
168.0,11.25,22.529996871948242,87.43994140625,8.016282081604004,281.75128173828125,7.987695693969727
169.0,11.25,22.60264015197754,87.20909118652344,8.012943267822266,282.0780029296875,7.987695693969727
170.0,11.25,22.795894622802734,86.87279510498047,8.004060745239258,282.36224365234375,7.987695693969727
171.0,11.25,22.836416244506836,86.68136596679688,8.002197265625,282.71331787109375,7.987695693969727
172.0,11.25,22.836421966552734,86.53356170654297,8.002197265625,283.0829772949219,7.987695693969727
173.0,11.25,22.836423873901367,86.39221954345703,8.002197265625,283.4552001953125,7.987695693969727
174.0,11.25,22.83641815185547,86.25740051269531,8.002197265625,283.829833984375,7.987695693969727
175.0,11.25,22.836408615112305,86.129150390625,8.002197265625,284.2067565917969,7.987695693969727
176.0,11.25,22.836414337158203,86.00748443603516,8.002197265625,284.5858459472656,7.987695693969727
177.0,11.25,22.836423873901367,85.89244842529297,8.002197265625,284.9670104980469,7.987695693969727
178.0,11.25,22.836416244506836,85.78409576416016,8.002197265625,285.3501281738281,7.987695693969727
179.0,11.25,22.836416244506836,85.68244171142578,8.002197265625,285.7350769042969,7.987695693969727
180.0,11.25,22.836414337158203,85.58751678466797,8.002197265625,286.12176513671875,7.987695693969727
181.0,11.25,22.836408615112305,85.4993667602539,8.002197265625,286.510009765625,7.987695693969727
182.0,11.25,22.836414337158203,85.4179916381836,8.002197265625,286.8997497558594,7.987695693969727
183.0,11.25,22.83641815185547,85.34342956542969,8.002197265625,287.2908630371094,7.987695693969727
184.0,11.25,22.83641242980957,85.27571868896484,8.002197265625,287.6831970214844,7.987695693969727
185.0,11.25,22.836421966552734,85.21485137939453,8.002197265625,288.07666015625,7.987695693969727
186.0,11.25,22.8364200592041,85.1608657836914,8.002197265625,288.47113037109375,7.987695693969727
187.0,11.25,22.83641815185547,85.11377716064453,8.002197265625,288.8664855957031,7.987695693969727
188.0,11.25,22.83641242980957,85.07360076904297,8.002197265625,289.2625732421875,7.987695693969727
189.0,11.25,22.83641815185547,85.04032897949219,8.002197265625,289.6593322753906,7.987695693969727
190.0,11.25,22.83641815185547,85.01399230957031,8.002197265625,290.0566101074219,7.987695693969727
191.0,11.25,22.836421966552734,84.99459075927734,8.002197265625,290.45428466796875,7.987695693969727
192.0,11.25,22.836408615112305,84.98214721679688,8.002197265625,290.85223388671875,7.987695693969727
193.0,11.25,22.836408615112305,84.97663879394531,8.002197265625,291.2503356933594,7.987695693969727
194.0,11.25,22.836414337158203,84.97807312011719,8.002197265625,291.6484680175781,7.987695693969727
195.0,11.25,22.83641242980957,84.98646545410156,8.002197265625,292.0465393066406,7.987695693969727
196.0,11.25,22.83641815185547,85.00179290771484,8.002197265625,292.4443664550781,7.987695693969727
197.0,11.25,22.836410522460938,85.02407836914062,8.002197265625,292.8419189453125,7.987695693969727
198.0,11.25,22.836414337158203,85.05328369140625,8.002197265625,293.2389831542969,7.987695693969727
199.0,11.25,22.836416244506836,85.08941650390625,8.002197265625,293.6354675292969,7.987695693969727
200.0,11.25,22.836423873901367,85.13246154785156,8.002197265625,294.03131103515625,7.987695693969727
201.0,11.25,22.836414337158203,85.18241882324219,8.002197265625,294.42626953125,7.987695693969727
202.0,11.25,22.83641815185547,85.23925018310547,8.002197265625,294.8203430175781,7.987695693969727
203.0,11.25,22.836421966552734,85.3029556274414,8.002197265625,295.21337890625,7.987695693969727
204.0,11.25,22.8364200592041,85.3735122680664,8.002197265625,295.605224609375,7.987695693969727
205.0,11.25,22.836414337158203,85.45089721679688,8.002197265625,295.9957580566406,7.987695693969727
206.0,11.25,22.836410522460938,85.53508758544922,8.002197265625,296.3848876953125,7.987695693969727
207.0,11.25,22.836416244506836,85.62605285644531,8.002197265625,296.77252197265625,7.987695693969727
208.0,11.25,22.83641242980957,85.72377014160156,8.002197265625,297.1584777832031,7.987695693969727
209.0,11.25,22.836421966552734,85.82820129394531,8.002197265625,297.5426940917969,7.987695693969727
210.0,11.25,22.83641242980957,85.93933868408203,8.002197265625,297.9250183105469,7.987695693969727
211.0,11.25,22.836410522460938,86.05712127685547,8.002197265625,298.3053283691406,7.987695693969727
212.0,11.25,22.836414337158203,86.1815185546875,8.002197265625,298.68353271484375,7.987695693969727
213.0,11.25,22.836423873901367,86.3125,8.002197265625,299.0595397949219,7.987695693969727
214.0,11.25,22.83641815185547,86.45002746582031,8.002197265625,299.43316650390625,7.987695693969727
215.0,11.25,22.83641815185547,86.59405517578125,8.002197265625,299.8043518066406,7.987695693969727
352.0,11.25,22.836429595947266,129.04367065429688,8.002197265625,299.6507873535156,7.987695693969727
353.0,11.25,22.836444854736328,129.18502807617188,8.002197265625,299.278564453125,7.987695693969727
354.0,11.25,22.83641815185547,129.31982421875,8.002197265625,298.9039306640625,7.987695693969727
355.0,11.25,22.836423873901367,129.44808959960938,8.002197265625,298.5270080566406,7.987695693969727
356.0,11.25,22.836437225341797,129.56976318359375,8.002197265625,298.1479187011719,7.987695693969727
357.0,11.25,22.8364315032959,129.68478393554688,8.002197265625,297.7667541503906,7.987695693969727
358.0,11.25,22.836423873901367,129.7931365966797,8.002197265625,297.3836364746094,7.987695693969727
359.0,11.25,22.836421966552734,129.89479064941406,8.002197265625,296.9986877441406,7.987695693969727
3.0,5.625,45.183837890625,152.20639038085938,8.002197265625,299.5850524902344,7.987695693969727
4.0,5.625,45.18384552001953,152.3430633544922,8.002197265625,298.80859375,7.987695693969727
5.0,5.625,45.183837890625,152.4661407470703,8.002197265625,298.0298767089844,7.987695693969727
6.0,5.625,45.18385314941406,152.5756378173828,8.002197265625,297.2491455078125,7.987695693969727
7.0,5.625,45.18385696411133,152.67147827148438,8.002197265625,296.46661376953125,7.987695693969727
8.0,5.625,45.18384552001953,152.75363159179688,8.002197265625,295.6825256347656,7.987695693969727
9.0,5.625,45.18385314941406,152.82211303710938,8.002197265625,294.8971252441406,7.987695693969727
10.0,5.625,45.183834075927734,152.87684631347656,8.002197265625,294.1106262207031,7.987695693969727
11.0,5.625,45.18386459350586,152.9178924560547,8.002197265625,293.3233337402344,7.987695693969727
12.0,5.625,45.18383026123047,152.94512939453125,8.002197265625,292.535400390625,7.987695693969727
13.0,5.625,45.183834075927734,152.95864868164062,8.002197265625,291.74713134765625,7.987695693969727
14.0,5.625,45.18384552001953,152.9584197998047,8.002197265625,290.9587707519531,7.987695693969727
15.0,5.625,45.18385696411133,152.94442749023438,8.002197265625,290.1705017089844,7.987695693969727
16.0,5.625,45.18385696411133,152.9166717529297,8.002197265625,289.3825988769531,7.987695693969727
17.0,5.625,45.18384552001953,152.87515258789062,8.002197265625,288.5953063964844,7.987695693969727
18.0,5.625,45.18384552001953,152.81991577148438,8.002197265625,287.8088684082031,7.987695693969727
19.0,5.625,45.183841705322266,152.75096130371094,8.002197265625,287.02349853515625,7.987695693969727
20.0,5.625,45.183837890625,152.66830444335938,8.002197265625,286.2394714355469,7.987695693969727
21.0,5.625,45.97206497192383,153.3532257080078,7.983885765075684,285.3538818359375,7.987695693969727
22.0,5.625,45.97207260131836,153.24134826660156,7.983885765075684,284.5595703125,7.987695693969727
37.0,5.625,31.32239532470703,136.50152587890625,8.324220657348633,278.87158203125,7.987695693969727
38.0,5.625,30.05622673034668,135.12738037109375,8.353635787963867,278.8976745605469,7.987695693969727
39.0,5.625,28.8742618560791,133.8392333984375,8.381094932556152,278.9314880371094,7.987695693969727
40.0,5.625,29.121292114257812,133.83921813964844,8.375356674194336,278.36846923828125,7.987695693969727
41.0,5.625,29.38161849975586,133.83920288085938,8.369308471679688,277.7955627441406,7.987695693969727
42.0,5.625,29.655752182006836,133.83920288085938,8.362939834594727,277.2121276855469,7.987695693969727
43.0,5.625,29.944257736206055,133.8391876220703,8.356237411499023,276.6175537109375,7.987695693969727
44.0,5.625,30.24773597717285,133.83917236328125,8.349186897277832,276.0110778808594,7.987695693969727
45.0,5.625,30.566835403442383,133.8391571044922,8.341773986816406,275.3919982910156,7.987695693969727
46.0,5.625,30.902252197265625,133.8391571044922,8.33398151397705,274.759521484375,7.987695693969727
47.0,5.625,31.25473976135254,133.83914184570312,8.32579231262207,274.1128234863281,7.987695693969727
65.0,5.625,48.33672332763672,137.859130859375,7.928950786590576,253.53909301757812,7.987695693969727
66.0,5.625,47.548492431640625,136.71485900878906,7.947262287139893,253.6453857421875,7.987695693969727
67.0,5.625,46.76026916503906,135.58358764648438,7.965574264526367,253.77989196777344,7.987695693969727
68.0,5.625,45.9720458984375,134.46597290039062,7.983885765075684,253.94219970703125,7.987695693969727
69.0,5.625,45.1838493347168,133.36264038085938,8.002197265625,254.13185119628906,7.987695693969727
70.0,5.625,45.18384552001953,132.70889282226562,8.002197265625,253.69119262695312,7.987695693969727
71.0,5.625,45.18384552001953,132.0475616455078,8.002197265625,253.2620086669922,7.987695693969727
72.0,5.625,45.18385314941406,131.3788604736328,8.002197265625,252.8444366455078,7.987695693969727
73.0,5.625,45.183841705322266,130.70294189453125,8.002197265625,252.4385986328125,7.987695693969727
74.0,5.625,45.18385314941406,130.02008056640625,8.002197265625,252.04461669921875,7.987695693969727
75.0,5.625,45.18384552001953,129.33041381835938,8.002197265625,251.66261291503906,7.987695693969727
76.0,5.625,45.18384552001953,128.6342010498047,8.002197265625,251.29270935058594,7.987695693969727
77.0,5.625,45.18385314941406,127.93163299560547,8.002197265625,250.93499755859375,7.987695693969727
78.0,5.625,45.183837890625,127.22293090820312,8.002197265625,250.58963012695312,7.987695693969727
79.0,5.625,45.183834075927734,126.50831604003906,8.002197265625,250.2566680908203,7.987695693969727
80.0,5.625,45.18382263183594,125.7879867553711,8.002197265625,249.9362335205078,7.987695693969727
81.0,5.625,45.1838493347168,125.06218719482422,8.002197265625,249.62838745117188,7.987695693969727
82.0,5.625,45.183841705322266,124.33110809326172,8.002197265625,249.33328247070312,7.987695693969727
83.0,5.625,45.183841705322266,123.59500122070312,8.002197265625,249.0509796142578,7.987695693969727
84.0,5.625,45.183837890625,122.85408020019531,8.002197265625,248.7815704345703,7.987695693969727
85.0,5.625,45.1838493347168,122.10858154296875,8.002197265625,248.52511596679688,7.987695693969727
86.0,5.625,45.18383026123047,121.35870361328125,8.002197265625,248.28173828125,7.987695693969727
87.0,5.625,45.1838493347168,120.60469818115234,8.002197265625,248.05145263671875,7.987695693969727
88.0,5.625,45.1838493347168,119.8467788696289,8.002197265625,247.83438110351562,7.987695693969727
89.0,5.625,45.18383026123047,119.08519744873047,8.002197265625,247.63058471679688,7.987695693969727
90.0,5.625,45.18384552001953,118.32017517089844,8.002197265625,247.44007873535156,7.987695693969727
91.0,5.625,45.18385696411133,117.55194091796875,8.002197265625,247.26295471191406,7.987695693969727
92.0,5.625,45.18384552001953,116.78073120117188,8.002197265625,247.0992889404297,7.987695693969727
93.0,5.625,45.183860778808594,116.00679779052734,8.002197265625,246.94908142089844,7.987695693969727
94.0,5.625,45.183841705322266,115.2303466796875,8.002197265625,246.81243896484375,7.987695693969727
95.0,5.625,45.18383026123047,114.45162963867188,8.002197265625,246.68936157226562,7.987695693969727
96.0,5.625,45.18383026123047,113.6708755493164,8.002197265625,246.5798797607422,7.987695693969727
97.0,5.625,45.1838493347168,112.88835144042969,8.002197265625,246.48402404785156,7.987695693969727
98.0,5.625,45.183834075927734,112.10425567626953,8.002197265625,246.40187072753906,7.987695693969727
99.0,5.625,45.18384552001953,111.31884765625,8.002197265625,246.33338928222656,7.987695693969727
100.0,5.625,45.183841705322266,110.53236389160156,8.002197265625,246.2786407470703,7.987695693969727
101.0,5.625,45.183841705322266,109.74505615234375,8.002197265625,246.2376251220703,7.987695693969727
102.0,5.625,45.105098724365234,108.9551010131836,8.004026412963867,246.28904724121094,7.987695693969727
103.0,5.625,43.61985397338867,108.15570831298828,8.038531303405762,247.76034545898438,7.987695693969727
104.0,5.625,41.9807243347168,107.409423828125,8.076611518859863,249.39920043945312,7.987695693969727
105.0,5.625,41.31542205810547,106.69466400146484,8.092066764831543,250.0771026611328,7.987695693969727
106.0,5.625,39.86646270751953,106.03784942626953,8.125728607177734,251.54965209960938,7.987695693969727
107.0,5.625,39.0347900390625,105.39421844482422,8.145050048828125,252.41615295410156,7.987695693969727
108.0,5.625,37.82502365112305,104.81007385253906,8.173154830932617,253.6695556640625,7.987695693969727
109.0,5.625,37.138519287109375,104.2186050415039,8.189104080200195,254.41041564941406,7.987695693969727
110.0,5.625,36.22450256347656,103.67789459228516,8.210336685180664,255.38621520996094,7.987695693969727
111.0,5.625,35.654571533203125,103.12511444091797,8.223578453063965,256.0283203125,7.987695693969727
112.0,5.625,34.726707458496094,102.64647674560547,8.245133399963379,257.032470703125,7.987695693969727
113.0,5.625,34.25490951538086,102.12602996826172,8.256093978881836,257.5926208496094,7.987695693969727
114.0,5.625,33.620792388916016,101.6531753540039,8.27082633972168,258.31988525390625,7.987695693969727
115.0,5.625,32.996192932128906,101.20203399658203,8.2853364944458,259.0438537597656,7.987695693969727
116.0,5.625,32.531288146972656,100.73965454101562,8.296136856079102,259.6174621582031,7.987695693969727
117.0,5.625,32.11713409423828,100.28341674804688,8.305758476257324,260.14788818359375,7.987695693969727
118.0,5.625,31.64738655090332,99.85743713378906,8.316671371459961,260.7382507324219,7.987695693969727
119.0,5.625,31.287166595458984,99.42044067382812,8.325039863586426,261.22833251953125,7.987695693969727
120.0,5.625,30.925086975097656,98.9986343383789,8.333451271057129,261.72601318359375,7.987695693969727
121.0,5.625,30.53506088256836,98.60004425048828,8.342513084411621,262.2557678222656,7.987695693969727
122.0,5.625,30.201549530029297,98.19927215576172,8.350260734558105,262.7367248535156,7.987695693969727
123.0,5.625,29.9692325592041,97.77867126464844,8.355658531188965,263.1273498535156,7.987695693969727
124.0,5.625,29.53751564025879,97.4386215209961,8.365687370300293,263.7105712890625,7.987695693969727
125.0,5.625,29.392383575439453,97.0107421875,8.369059562683105,264.0303955078125,7.987695693969727
126.0,5.625,29.240081787109375,96.5936050415039,8.372597694396973,264.3633117675781,7.987695693969727
127.0,5.625,29.061542510986328,96.19525909423828,8.376745223999023,264.7264709472656,7.987695693969727
128.0,5.625,28.744985580444336,95.86341857910156,8.384099960327148,265.2207946777344,7.987695693969727
129.0,5.625,28.6666202545166,95.44267272949219,8.385919570922852,265.50360107421875,7.987695693969727
130.0,5.625,28.45532989501953,95.08748626708984,8.390828132629395,265.9120178222656,7.987695693969727
131.0,5.625,28.314815521240234,94.71006774902344,8.394092559814453,266.26214599609375,7.987695693969727
132.0,5.625,28.136932373046875,94.35882568359375,8.398224830627441,266.6504821777344,7.987695693969727
133.0,5.625,28.086151123046875,93.95452880859375,8.399405479431152,266.93280029296875,7.987695693969727
134.0,5.625,28.027841567993164,93.55980682373047,8.40075969696045,267.2281799316406,7.987695693969727
135.0,5.625,27.99134635925293,93.15975952148438,8.401607513427734,267.51129150390625,7.987695693969727
136.0,5.625,27.856281280517578,92.8182373046875,8.404745101928711,267.88409423828125,7.987695693969727
137.0,5.625,27.824520111083984,92.42821502685547,8.40548324584961,268.1754150390625,7.987695693969727
138.0,5.625,27.681358337402344,92.10691833496094,8.408808708190918,268.56494140625,7.987695693969727
139.0,5.625,27.709749221801758,91.69486236572266,8.408149719238281,268.8190002441406,7.987695693969727
140.0,5.625,27.64488983154297,91.34237670898438,8.409656524658203,269.1554260253906,7.987695693969727
141.0,5.625,27.660381317138672,90.94783020019531,8.409296989440918,269.43353271484375,7.987695693969727
142.0,5.625,27.75665283203125,90.50765991210938,8.407059669494629,269.6554870605469,7.987695693969727
143.0,5.625,27.76321792602539,90.12720489501953,8.406907081604004,269.955322265625,7.987695693969727
144.0,5.625,27.77138900756836,89.75089263916016,8.406717300415039,270.2606201171875,7.987695693969727
145.0,5.625,27.84678840637207,89.3353271484375,8.4049654006958,270.5221862792969,7.987695693969727
146.0,5.625,27.851810455322266,88.970947265625,8.4048490524292,270.8437194824219,7.987695693969727
147.0,5.625,27.91259002685547,88.57379913330078,8.403437614440918,271.1311950683594,7.987695693969727
148.0,5.625,28.126657485961914,88.07352447509766,8.39846420288086,271.3170166015625,7.987695693969727
149.0,5.625,28.137680053710938,87.71873474121094,8.398207664489746,271.65643310546875,7.987695693969727
150.0,5.625,28.192733764648438,87.33786010742188,8.396928787231445,271.9718322753906,7.987695693969727
151.0,5.625,28.256052017211914,86.955810546875,8.395458221435547,272.2889404296875,7.987695693969727
152.0,5.625,28.460247039794922,86.47309875488281,8.390714645385742,272.52020263671875,7.987695693969727
153.0,5.625,28.667495727539062,85.98981475830078,8.38589859008789,272.7605895996094,7.987695693969727
154.0,5.625,28.78274917602539,85.5794906616211,8.383221626281738,273.0705871582031,7.987695693969727
155.0,5.625,28.89781951904297,85.17349243164062,8.380548477172852,273.389404296875,7.987695693969727
156.0,5.625,29.19631576538086,84.62639617919922,8.373614311218262,273.605224609375,7.987695693969727
157.0,5.625,29.260862350463867,84.2680435180664,8.372114181518555,273.97381591796875,7.987695693969727
158.0,5.625,29.710052490234375,83.60240936279297,8.361679077148438,274.12628173828125,7.987695693969727
159.0,5.625,29.920320510864258,83.13191986083984,8.356794357299805,274.4320068359375,7.987695693969727
160.0,5.625,30.084726333618164,82.70303344726562,8.352974891662598,274.77423095703125,7.987695693969727
161.0,5.625,30.513900756835938,82.05534362792969,8.34300422668457,274.984130859375,7.987695693969727
162.0,5.625,30.590133666992188,81.7083511352539,8.341233253479004,275.39593505859375,7.987695693969727
163.0,5.625,31.104372024536133,80.99054718017578,8.329286575317383,275.5927429199219,7.987695693969727
164.0,5.625,31.318803787231445,80.53271484375,8.324304580688477,275.95733642578125,7.987695693969727
165.0,5.625,31.920665740966797,79.73906707763672,8.310322761535645,276.1484069824219,7.987695693969727
166.0,5.625,32.29747772216797,79.1435317993164,8.301568984985352,276.4664306640625,7.987695693969727
167.0,5.625,32.81169891357422,78.4277114868164,8.28962230682373,276.7393798828125,7.987695693969727
168.0,5.625,33.386539459228516,77.65811920166016,8.276268005371094,277.00677490234375,7.987695693969727
169.0,5.625,33.88050842285156,76.962646484375,8.264792442321777,277.3301696777344,7.987695693969727
170.0,5.625,34.566925048828125,76.09296417236328,8.248845100402832,277.59686279296875,7.987695693969727
171.0,5.625,35.303401947021484,75.17716979980469,8.231736183166504,277.87054443359375,7.987695693969727
172.0,5.625,36.07759094238281,74.22637176513672,8.213750839233398,278.1583251953125,7.987695693969727
173.0,5.625,36.8922119140625,73.23804473876953,8.194825172424316,278.46112060546875,7.987695693969727
174.0,5.625,37.33466339111328,72.60105895996094,8.18454647064209,278.9185485839844,7.987695693969727
175.0,5.625,38.45667266845703,71.3253173828125,8.158480644226074,279.178955078125,7.987695693969727
176.0,5.625,39.60930252075195,70.01907348632812,8.131702423095703,279.47100830078125,7.987695693969727
177.0,5.625,39.78752136230469,69.64636993408203,8.127562522888184,280.0814208984375,7.987695693969727
178.0,5.625,41.52222442626953,67.7839126586914,8.087263107299805,280.285888671875,7.987695693969727
179.0,5.625,42.815040588378906,66.34521484375,8.057228088378906,280.66253662109375,7.987695693969727
180.0,5.625,43.55903244018555,65.44141387939453,8.03994369506836,281.21405029296875,7.987695693969727
181.0,5.625,43.720237731933594,65.11331939697266,8.036198616027832,281.9198303222656,7.987695693969727
182.0,5.625,44.395626068115234,64.29325866699219,8.020508766174316,282.5316162109375,7.987695693969727
183.0,5.625,45.1838264465332,63.370845794677734,8.002197265625,283.1487121582031,7.987695693969727
184.0,5.625,45.1838264465332,63.23418045043945,8.002197265625,283.9251708984375,7.987695693969727
185.0,5.625,45.183834075927734,63.111087799072266,8.002197265625,284.7038879394531,7.987695693969727
186.0,5.625,45.1838264465332,63.00161361694336,8.002197265625,285.484619140625,7.987695693969727
187.0,5.625,45.183834075927734,62.90576934814453,8.002197265625,286.26715087890625,7.987695693969727
188.0,5.625,45.18383026123047,62.8236083984375,8.002197265625,287.0512390136719,7.987695693969727
189.0,5.625,45.1838264465332,62.7551383972168,8.002197265625,287.8366394042969,7.987695693969727
190.0,5.625,45.1838264465332,62.70038604736328,8.002197265625,288.6231384277344,7.987695693969727
191.0,5.625,45.18383026123047,62.659366607666016,8.002197265625,289.4104309082031,7.987695693969727
192.0,5.625,45.183841705322266,62.63208770751953,8.002197265625,290.1983642578125,7.987695693969727
193.0,5.625,45.1838264465332,62.61858367919922,8.002197265625,290.98663330078125,7.987695693969727
194.0,5.625,45.18383026123047,62.61882019042969,8.002197265625,291.7749938964844,7.987695693969727
195.0,5.625,45.183837890625,62.632816314697266,8.002197265625,292.5632629394531,7.987695693969727
196.0,5.625,45.18383026123047,62.66058349609375,8.002197265625,293.3511657714844,7.987695693969727
197.0,5.625,45.1838264465332,62.702091217041016,8.002197265625,294.1384582519531,7.987695693969727
198.0,5.625,45.18383026123047,62.75732421875,8.002197265625,294.9248962402344,7.987695693969727
199.0,5.625,45.183834075927734,62.826271057128906,8.002197265625,295.71026611328125,7.987695693969727
200.0,5.625,45.18383026123047,62.908931732177734,8.002197265625,296.49432373046875,7.987695693969727
201.0,5.625,45.183834075927734,63.0052490234375,8.002197265625,297.27679443359375,7.987695693969727
202.0,5.625,45.18383026123047,63.115211486816406,8.002197265625,298.0574645996094,7.987695693969727
203.0,5.625,45.183834075927734,63.23877716064453,8.002197265625,298.8360900878906,7.987695693969727
204.0,5.625,45.18383026123047,63.375919342041016,8.002197265625,299.6124572753906,7.987695693969727
36.0,0.0,30.737913131713867,136.19630432128906,9.043478012084961,279.6271057128906,7.987695693969727
37.0,0.0,29.496461868286133,134.84820556640625,9.043818473815918,279.627197265625,7.987695693969727
38.0,0.0,28.63242530822754,133.85267639160156,9.044054985046387,279.514404296875,7.987695693969727
39.0,0.0,28.828819274902344,133.81918334960938,9.044000625610352,278.9769287109375,7.987695693969727
40.0,0.0,29.07455062866211,133.81898498535156,9.043933868408203,278.4150390625,7.987695693969727
41.0,0.0,29.333518981933594,133.81878662109375,9.043862342834473,277.8433532714844,7.987695693969727
42.0,0.0,29.60624122619629,133.81857299804688,9.04378890991211,277.26116943359375,7.987695693969727
43.0,0.0,29.89327621459961,133.81837463378906,9.043709754943848,276.66790771484375,7.987695693969727
44.0,0.0,30.195215225219727,133.8181610107422,9.04362678527832,276.0628356933594,7.987695693969727
45.0,0.0,30.512706756591797,133.8179473876953,9.043540000915527,275.4451904296875,7.987695693969727
46.0,0.0,30.8464412689209,133.81771850585938,9.043448448181152,274.81427001953125,7.987695693969727
47.0,0.0,31.197168350219727,133.8175048828125,9.043353080749512,274.169189453125,7.987695693969727
48.0,0.0,31.571056365966797,133.8217010498047,9.04325008392334,273.5060119628906,7.987695693969727
109.0,0.0,49.7228889465332,103.06319427490234,9.03828239440918,241.86904907226562,7.987695693969727
110.0,0.0,47.94733428955078,102.39962005615234,9.03876781463623,243.72335815429688,7.987695693969727
111.0,0.0,46.501834869384766,101.75645446777344,9.039163589477539,245.25794982910156,7.987695693969727
112.0,0.0,44.51784133911133,101.24431610107422,9.03970718383789,247.3326873779297,7.987695693969727
113.0,0.0,42.95027160644531,100.7342758178711,9.040136337280273,248.99989318847656,7.987695693969727
114.0,0.0,41.68851852416992,100.22486877441406,9.040481567382812,250.37026977539062,7.987695693969727
115.0,0.0,40.74458694458008,99.69795989990234,9.040740013122559,251.43365478515625,7.987695693969727
116.0,0.0,39.65583038330078,99.237060546875,9.041037559509277,252.64407348632812,7.987695693969727
117.0,0.0,38.64866638183594,98.796875,9.041313171386719,253.77874755859375,7.987695693969727
118.0,0.0,38.011756896972656,98.30120849609375,9.041487693786621,254.5581512451172,7.987695693969727
119.0,0.0,37.236820220947266,97.86673736572266,9.04170036315918,255.47625732421875,7.987695693969727
120.0,0.0,36.628292083740234,97.41422271728516,9.041866302490234,256.2384948730469,7.987695693969727
121.0,0.0,36.012451171875,96.98743438720703,9.042035102844238,257.01239013671875,7.987695693969727
122.0,0.0,35.59648513793945,96.52118682861328,9.042149543762207,257.6007080078125,7.987695693969727
123.0,0.0,35.190242767333984,96.06889343261719,9.04226016998291,258.185546875,7.987695693969727
124.0,0.0,34.47080612182617,95.74298858642578,9.042457580566406,259.0692138671875,7.987695693969727
125.0,0.0,34.2802619934082,95.25083923339844,9.042509078979492,259.4617004394531,7.987695693969727
126.0,0.0,33.90978240966797,94.83743286132812,9.042611122131348,260.02777099609375,7.987695693969727
127.0,0.0,33.582279205322266,94.42279815673828,9.04270076751709,260.55902099609375,7.987695693969727
128.0,0.0,33.269405364990234,94.01667785644531,9.042786598205566,261.081787109375,7.987695693969727
129.0,0.0,33.058475494384766,93.58087921142578,9.04284381866455,261.5172119140625,7.987695693969727
130.0,0.0,32.8644905090332,93.14850616455078,9.04289722442627,261.9433898925781,7.987695693969727
131.0,0.0,32.64979553222656,92.73621368408203,9.04295539855957,262.3938903808594,7.987695693969727
132.0,0.0,32.49717330932617,92.30555725097656,9.042997360229492,262.7951965332031,7.987695693969727
133.0,0.0,32.268028259277344,91.92195892333984,9.043060302734375,263.269287109375,7.987695693969727
134.0,0.0,32.17431640625,91.48150634765625,9.043086051940918,263.6312561035156,7.987695693969727
135.0,0.0,32.04608154296875,91.06683349609375,9.043121337890625,264.02947998046875,7.987695693969727
136.0,0.0,31.939693450927734,90.64937591552734,9.043149948120117,264.4152526855469,7.987695693969727
137.0,0.0,31.877620697021484,90.21583557128906,9.043167114257812,264.770263671875,7.987695693969727
138.0,0.0,31.856019973754883,89.76655578613281,9.043172836303711,265.09881591796875,7.987695693969727
139.0,0.0,31.817462921142578,89.33321380615234,9.043183326721191,265.4487609863281,7.987695693969727
140.0,0.0,31.718521118164062,88.94248962402344,9.043210983276367,265.8543701171875,7.987695693969727
141.0,0.0,31.779071807861328,88.46328735351562,9.043193817138672,266.13909912109375,7.987695693969727
142.0,0.0,31.761146545410156,88.03707885742188,9.043198585510254,266.4942626953125,7.987695693969727
143.0,0.0,31.894672393798828,87.52115631103516,9.04316234588623,266.7396545410156,7.987695693969727
144.0,0.0,31.83677101135254,87.13201904296875,9.04317855834961,267.14117431640625,7.987695693969727
145.0,0.0,32.044559478759766,86.57479858398438,9.043121337890625,267.3496398925781,7.987695693969727
146.0,0.0,32.086936950683594,86.1302719116211,9.043109893798828,267.6922607421875,7.987695693969727
147.0,0.0,32.28099060058594,85.58692932128906,9.04305648803711,267.9329833984375,7.987695693969727
148.0,0.0,32.381404876708984,85.11100769042969,9.043028831481934,268.2523498535156,7.987695693969727
149.0,0.0,32.69081497192383,84.49054718017578,9.04294490814209,268.4346008300781,7.987695693969727
150.0,0.0,32.779388427734375,84.0296630859375,9.042920112609863,268.78369140625,7.987695693969727
151.0,0.0,33.09125518798828,83.40938568115234,9.042835235595703,268.99090576171875,7.987695693969727
152.0,0.0,33.24458694458008,82.9078369140625,9.042793273925781,269.3180847167969,7.987695693969727
153.0,0.0,33.548583984375,82.29582977294922,9.042709350585938,269.55804443359375,7.987695693969727
154.0,0.0,33.89997100830078,81.64812469482422,9.042613983154297,269.7825622558594,7.987695693969727
155.0,0.0,34.187747955322266,81.05035400390625,9.042534828186035,270.0627136230469,7.987695693969727
156.0,0.0,34.6167106628418,80.34249877929688,9.042417526245117,270.2712097167969,7.987695693969727
157.0,0.0,35.193634033203125,79.51502227783203,9.042259216308594,270.4098815917969,7.987695693969727
158.0,0.0,35.6578483581543,78.77587890625,9.042132377624512,270.6366271972656,7.987695693969727
159.0,0.0,36.09526824951172,78.05821990966797,9.042012214660645,270.8980712890625,7.987695693969727
160.0,0.0,36.903690338134766,77.03173828125,9.041790962219238,270.97332763671875,7.987695693969727
161.0,0.0,37.48009490966797,76.19464111328125,9.041633605957031,271.2030944824219,7.987695693969727
162.0,0.0,38.357749938964844,75.09959411621094,9.041393280029297,271.2983703613281,7.987695693969727
163.0,0.0,39.190757751464844,74.03692626953125,9.041165351867676,271.4485778808594,7.987695693969727
164.0,0.0,40.32804489135742,72.7050552368164,9.040853500366211,271.4798278808594,7.987695693969727
165.0,0.0,41.93406295776367,70.95255279541016,9.040413856506348,271.3276672363281,7.987695693969727
166.0,0.0,43.5159797668457,69.20584869384766,9.0399808883667,271.24200439453125,7.987695693969727
167.0,0.0,45.878135681152344,66.74737548828125,9.039334297180176,270.86273193359375,7.987695693969727
168.0,0.0,49.18198013305664,63.414939880371094,9.038430213928223,270.1573486328125,7.987695693969727
39.0,-5.625,31.144742965698242,135.88873291015625,9.758468627929688,277.9549560546875,7.987695693969727
40.0,-5.625,30.048402786254883,134.66961669921875,9.733595848083496,277.9559020996094,7.987695693969727
41.0,-5.625,29.96421241760254,134.3568115234375,9.731685638427734,277.5276794433594,7.987695693969727
42.0,-5.625,30.032941818237305,134.17161560058594,9.733244895935059,277.0332946777344,7.987695693969727
43.0,-5.625,30.404001235961914,134.24026489257812,9.741662979125977,276.39227294921875,7.987695693969727
44.0,-5.625,31.181171417236328,134.64425659179688,9.759294509887695,275.5384216308594,7.987695693969727
45.0,-5.625,32.15970993041992,135.19790649414062,9.781494140625,274.5607604980469,7.987695693969727
46.0,-5.625,32.53296661376953,135.215087890625,9.789962768554688,273.8843688964844,7.987695693969727
47.0,-5.625,32.925140380859375,135.23269653320312,9.798859596252441,273.19189453125,7.987695693969727
48.0,-5.625,33.3371696472168,135.250732421875,9.808206558227539,272.4822998046875,7.987695693969727
49.0,-5.625,33.773921966552734,135.2723846435547,9.818115234375,271.7522277832031,7.987695693969727
50.0,-5.625,34.28010940551758,135.3325958251953,9.829599380493164,270.9744567871094,7.987695693969727
113.0,-5.625,49.597633361816406,99.59220886230469,10.177106857299805,242.46414184570312,7.987695693969727
114.0,-5.625,47.80579376220703,99.06689453125,10.136454582214355,244.3759307861328,7.987695693969727
115.0,-5.625,46.453041076660156,98.51808166503906,10.105765342712402,245.86048889160156,7.987695693969727
116.0,-5.625,45.333595275878906,97.96781158447266,10.080368995666504,247.1217803955078,7.987695693969727
117.0,-5.625,43.85889434814453,97.54167175292969,10.04691219329834,248.73341369628906,7.987695693969727
118.0,-5.625,42.7169303894043,97.08531188964844,10.021004676818848,250.0239715576172,7.987695693969727
119.0,-5.625,41.82204818725586,96.6047134399414,10.000702857971191,251.07911682128906,7.987695693969727
120.0,-5.625,40.8167839050293,96.18898010253906,9.977896690368652,252.24398803710938,7.987695693969727
121.0,-5.625,40.153411865234375,95.70755004882812,9.962846755981445,253.0848388671875,7.987695693969727
122.0,-5.625,39.3586540222168,95.2935791015625,9.944816589355469,254.05494689941406,7.987695693969727
123.0,-5.625,38.791038513183594,94.8338623046875,9.931938171386719,254.81356811523438,7.987695693969727
124.0,-5.625,38.2098503112793,94.40151977539062,9.918753623962402,255.58941650390625,7.987695693969727
125.0,-5.625,37.81448745727539,93.92411041259766,9.909784317016602,256.19622802734375,7.987695693969727
126.0,-5.625,37.32871627807617,93.49837493896484,9.898763656616211,256.8921813964844,7.987695693969727
127.0,-5.625,36.897254943847656,93.07099151611328,9.888975143432617,257.5423583984375,7.987695693969727
128.0,-5.625,36.55003356933594,92.626953125,9.881096839904785,258.1202087402344,7.987695693969727
129.0,-5.625,36.220947265625,92.19072723388672,9.873631477355957,258.6867980957031,7.987695693969727
130.0,-5.625,36.003074645996094,91.7199935913086,9.86868953704834,259.1589050292969,7.987695693969727
131.0,-5.625,35.6994743347168,91.30055236816406,9.861801147460938,259.71343994140625,7.987695693969727
132.0,-5.625,35.499725341796875,90.84597778320312,9.857269287109375,260.1814880371094,7.987695693969727
133.0,-5.625,35.338287353515625,90.3838119506836,9.853607177734375,260.62237548828125,7.987695693969727
134.0,-5.625,35.084232330322266,89.9788589477539,9.847843170166016,261.1496276855469,7.987695693969727
135.0,-5.625,35.011390686035156,89.49227905273438,9.846190452575684,261.5271301269531,7.987695693969727
136.0,-5.625,34.942806243896484,89.01113891601562,9.844635009765625,261.9088134765625,7.987695693969727
137.0,-5.625,34.899658203125,88.5237045288086,9.843655586242676,262.2769775390625,7.987695693969727
138.0,-5.625,34.8812255859375,88.02938842773438,9.84323787689209,262.6328125,7.987695693969727
139.0,-5.625,34.7501220703125,87.60706329345703,9.840263366699219,263.0887145996094,7.987695693969727
140.0,-5.625,34.82990646362305,87.06915283203125,9.842073440551758,263.3811340332031,7.987695693969727
141.0,-5.625,34.820011138916016,86.58991241455078,9.841849327087402,263.7548522949219,7.987695693969727
142.0,-5.625,34.91386413574219,86.05282592773438,9.843977928161621,264.05560302734375,7.987695693969727
143.0,-5.625,34.896244049072266,85.59069061279297,9.843578338623047,264.45269775390625,7.987695693969727
144.0,-5.625,35.122188568115234,84.97760009765625,9.84870433807373,264.6724853515625,7.987695693969727
145.0,-5.625,35.256385803222656,84.42628479003906,9.8517484664917,264.97418212890625,7.987695693969727
146.0,-5.625,35.444122314453125,83.8423843383789,9.856008529663086,265.2475891113281,7.987695693969727
147.0,-5.625,35.5295295715332,83.33139038085938,9.857945442199707,265.6075744628906,7.987695693969727
148.0,-5.625,35.83985137939453,82.66804504394531,9.864985466003418,265.8171081542969,7.987695693969727
149.0,-5.625,36.034950256347656,82.08680725097656,9.869412422180176,266.12274169921875,7.987695693969727
150.0,-5.625,36.46527862548828,81.33800506591797,9.879175186157227,266.2790832519531,7.987695693969727
151.0,-5.625,36.70997619628906,80.7237777709961,9.884726524353027,266.5793151855469,7.987695693969727
152.0,-5.625,37.219207763671875,79.91393280029297,9.896279335021973,266.7181701660156,7.987695693969727
153.0,-5.625,37.63031768798828,79.17540740966797,9.90560531616211,266.9415588378906,7.987695693969727
154.0,-5.625,38.15558624267578,78.34817504882812,9.917522430419922,267.1107482910156,7.987695693969727
155.0,-5.625,38.64658737182617,77.54510498046875,9.928661346435547,267.32275390625,7.987695693969727
156.0,-5.625,39.37094497680664,76.5554428100586,9.94509506225586,267.4135437011719,7.987695693969727
157.0,-5.625,40.1417121887207,75.52261352539062,9.962581634521484,267.50408935546875,7.987695693969727
158.0,-5.625,41.13512420654297,74.3023681640625,9.985118865966797,267.49432373046875,7.987695693969727
159.0,-5.625,42.2125244140625,73.00299835205078,10.009561538696289,267.4725036621094,7.987695693969727
160.0,-5.625,43.348052978515625,71.64445495605469,10.035323143005371,267.4569091796875,7.987695693969727
161.0,-5.625,45.02689743041992,69.81688690185547,10.073410987854004,267.1899108886719,7.987695693969727
162.0,-5.625,47.61305618286133,67.19589233398438,10.132081985473633,266.50592041015625,7.987695693969727
40.0,-11.25,30.587867736816406,135.08641052246094,10.441465377807617,277.63671875,7.987695693969727
41.0,-11.25,30.510175704956055,134.77391052246094,10.437935829162598,277.1984558105469,7.987695693969727
42.0,-11.25,30.712722778320312,134.70001220703125,10.447137832641602,276.63250732421875,7.987695693969727
43.0,-11.25,31.39134979248047,135.02761840820312,10.477967262268066,275.82916259765625,7.987695693969727
116.0,-11.25,49.25739288330078,96.96963500976562,11.289602279663086,243.3644561767578,7.987695693969727
117.0,-11.25,47.98440933227539,96.43473052978516,11.231771469116211,244.7960662841797,7.987695693969727
118.0,-11.25,46.80754470825195,95.92204284667969,11.178309440612793,246.1384735107422,7.987695693969727
119.0,-11.25,45.81843185424805,95.40190887451172,11.133374214172363,247.30368041992188,7.987695693969727
120.0,-11.25,44.6878547668457,94.9593505859375,11.082014083862305,248.60833740234375,7.987695693969727
121.0,-11.25,43.88314437866211,94.4594955444336,11.045455932617188,249.6045684814453,7.987695693969727
122.0,-11.25,42.91917037963867,94.04144287109375,11.001664161682129,250.7556915283203,7.987695693969727
123.0,-11.25,42.15636444091797,93.59165954589844,10.967011451721191,251.71920776367188,7.987695693969727
124.0,-11.25,41.56022262573242,93.1124038696289,10.939929008483887,252.53009033203125,7.987695693969727
125.0,-11.25,40.80548095703125,92.71561431884766,10.905641555786133,253.49267578125,7.987695693969727
126.0,-11.25,40.25853729248047,92.26779174804688,10.880794525146484,254.2655487060547,7.987695693969727
127.0,-11.25,39.73906326293945,91.83123779296875,10.857194900512695,255.01724243164062,7.987695693969727
128.0,-11.25,39.32996368408203,91.37006378173828,10.838610649108887,255.6725616455078,7.987695693969727
129.0,-11.25,38.95868682861328,90.91046142578125,10.82174301147461,256.2987365722656,7.987695693969727
130.0,-11.25,38.66376495361328,90.43338012695312,10.80834674835205,256.8618469238281,7.987695693969727
131.0,-11.25,38.37176513671875,89.96943664550781,10.79508113861084,257.4282531738281,7.987695693969727
132.0,-11.25,38.07038879394531,89.52442932128906,10.781389236450195,258.00848388671875,7.987695693969727
133.0,-11.25,37.946533203125,89.00633239746094,10.775762557983398,258.4397888183594,7.987695693969727
134.0,-11.25,37.790611267089844,88.5140609741211,10.768680572509766,258.9065246582031,7.987695693969727
135.0,-11.25,37.60260009765625,88.04917907714844,10.760137557983398,259.40765380859375,7.987695693969727
136.0,-11.25,37.50941848754883,87.54470825195312,10.755904197692871,259.8353576660156,7.987695693969727
137.0,-11.25,37.43721008300781,87.03750610351562,10.752625465393066,260.25347900390625,7.987695693969727
138.0,-11.25,37.44257354736328,86.49462127685547,10.752867698669434,260.615966796875,7.987695693969727
139.0,-11.25,37.385780334472656,85.9942855834961,10.750288963317871,261.0383605957031,7.987695693969727
140.0,-11.25,37.49443435668945,85.40345001220703,10.755224227905273,261.3363037109375,7.987695693969727
141.0,-11.25,37.49165344238281,84.88443756103516,10.755097389221191,261.7337646484375,7.987695693969727
142.0,-11.25,37.558509826660156,84.32901000976562,10.758134841918945,262.08587646484375,7.987695693969727
143.0,-11.25,37.723350524902344,83.71635437011719,10.765624046325684,262.3730773925781,7.987695693969727
144.0,-11.25,37.84235763549805,83.13648223876953,10.771031379699707,262.7074890136719,7.987695693969727
145.0,-11.25,38.17756652832031,82.41731262207031,10.78625774383545,262.8920593261719,7.987695693969727
146.0,-11.25,38.255584716796875,81.87135314941406,10.789802551269531,263.28192138671875,7.987695693969727
147.0,-11.25,38.61894607543945,81.13435363769531,10.806310653686523,263.4761047363281,7.987695693969727
148.0,-11.25,38.94068908691406,80.42557525634766,10.820926666259766,263.7170715332031,7.987695693969727
149.0,-11.25,39.301605224609375,79.68914794921875,10.837322235107422,263.947021484375,7.987695693969727
150.0,-11.25,39.72534942626953,78.90680694580078,10.856573104858398,264.15130615234375,7.987695693969727
151.0,-11.25,40.24616241455078,78.0514144897461,10.880232810974121,264.3093566894531,7.987695693969727
152.0,-11.25,40.91480255126953,77.08190155029297,10.910608291625977,264.3916320800781,7.987695693969727
153.0,-11.25,41.55051040649414,76.13146209716797,10.93948745727539,264.5209045410156,7.987695693969727
154.0,-11.25,42.306251525878906,75.08351135253906,10.973820686340332,264.5993347167969,7.987695693969727
155.0,-11.25,43.26453399658203,73.87006378173828,11.017354011535645,264.5809020996094,7.987695693969727
156.0,-11.25,44.38691711425781,72.51583862304688,11.068342208862305,264.49749755859375,7.987695693969727
157.0,-11.25,45.951332092285156,70.7927474975586,11.139411926269531,264.1920166015625,7.987695693969727
158.0,-11.25,47.65937042236328,68.9315414428711,11.21700668334961,263.8558654785156,7.987695693969727
40.0,-16.875,31.1177978515625,135.44815063476562,11.159608840942383,277.2663269042969,7.987695693969727
41.0,-16.875,31.152528762817383,135.2284393310547,11.161961555480957,276.76947021484375,7.987695693969727
42.0,-16.875,31.788684844970703,135.52455139160156,11.20505142211914,275.9849853515625,7.987695693969727
118.0,-16.875,49.985748291015625,94.8709487915039,12.437602043151855,243.1979522705078,7.987695693969727
119.0,-16.875,48.74674987792969,94.37324523925781,12.353679656982422,244.61892700195312,7.987695693969727
120.0,-16.875,47.670654296875,93.87352752685547,12.280793190002441,245.88682556152344,7.987695693969727
121.0,-16.875,46.63630676269531,93.40101623535156,12.210732460021973,247.1179962158203,7.987695693969727
122.0,-16.875,45.82090759277344,92.89596557617188,12.155502319335938,248.14498901367188,7.987695693969727
123.0,-16.875,44.92921829223633,92.44837188720703,12.09510612487793,249.24740600585938,7.987695693969727
124.0,-16.875,44.180870056152344,91.98333740234375,12.044418334960938,250.21852111816406,7.987695693969727
125.0,-16.875,43.518577575683594,91.51526641845703,11.999557495117188,251.1132354736328,7.987695693969727
126.0,-16.875,42.94960403442383,91.0371322631836,11.961019515991211,251.92587280273438,7.987695693969727
127.0,-16.875,42.429107666015625,90.56266021728516,11.925765037536621,252.69859313964844,7.987695693969727
128.0,-16.875,41.877803802490234,90.12299346923828,11.888422966003418,253.50357055664062,7.987695693969727
129.0,-16.875,41.49554443359375,89.63214111328125,11.862531661987305,254.16038513183594,7.987695693969727
130.0,-16.875,41.136940002441406,89.14805603027344,11.838241577148438,254.8016815185547,7.987695693969727
131.0,-16.875,40.886993408203125,88.6298599243164,11.821311950683594,255.3527374267578,7.987695693969727
132.0,-16.875,40.491607666015625,88.19556427001953,11.794529914855957,256.0375671386719,7.987695693969727
133.0,-16.875,40.331878662109375,87.66167449951172,11.783712387084961,256.52288818359375,7.987695693969727
134.0,-16.875,40.076019287109375,87.18815612792969,11.766382217407227,257.0982360839844,7.987695693969727
135.0,-16.875,39.92787551879883,86.67156219482422,11.75634765625,257.58831787109375,7.987695693969727
136.0,-16.875,39.895484924316406,86.10286712646484,11.75415325164795,257.9891052246094,7.987695693969727
137.0,-16.875,39.849510192871094,85.54931640625,11.751039505004883,258.4106750488281,7.987695693969727
138.0,-16.875,39.795867919921875,85.00823974609375,11.747406005859375,258.84765625,7.987695693969727
139.0,-16.875,39.78173065185547,84.45246124267578,11.746448516845703,259.2615966796875,7.987695693969727
140.0,-16.875,39.922760009765625,83.81100463867188,11.756000518798828,259.5614013671875,7.987695693969727
141.0,-16.875,40.06732940673828,83.1707534790039,11.765791893005371,259.8710632324219,7.987695693969727
142.0,-16.875,40.11346435546875,82.59584045410156,11.768918991088867,260.2697448730469,7.987695693969727
143.0,-16.875,40.32313537597656,81.92247009277344,11.783119201660156,260.5539245605469,7.987695693969727
144.0,-16.875,40.453311920166016,81.30341339111328,11.791935920715332,260.91204833984375,7.987695693969727
145.0,-16.875,40.89131164550781,80.48346710205078,11.82160472869873,261.0542297363281,7.987695693969727
146.0,-16.875,41.20089340209961,79.74789428710938,11.842573165893555,261.3095397949219,7.987695693969727
147.0,-16.875,41.53905487060547,78.99317169189453,11.865477561950684,261.56085205078125,7.987695693969727
148.0,-16.875,42.07746505737305,78.09746551513672,11.901945114135742,261.68817138671875,7.987695693969727
149.0,-16.875,42.646541595458984,77.1755142211914,11.940492630004883,261.8165588378906,7.987695693969727
150.0,-16.875,43.27079772949219,76.20885467529297,11.982775688171387,261.9306640625,7.987695693969727
151.0,-16.875,43.985870361328125,75.16964721679688,12.031208992004395,262.009033203125,7.987695693969727
152.0,-16.875,45.06935501098633,73.84626770019531,12.104598999023438,261.8737487792969,7.987695693969727
153.0,-16.875,46.21395492553711,72.46175384521484,12.182126998901367,261.73675537109375,7.987695693969727
154.0,-16.875,47.66534423828125,70.82447814941406,12.280433654785156,261.4467468261719,7.987695693969727
155.0,-16.875,49.649192810058594,68.74797058105469,12.414806365966797,260.878173828125,7.987695693969727
40.0,-22.5,31.72946548461914,135.83441162109375,11.888053894042969,276.8015441894531,7.987695693969727
121.0,-22.5,49.2134895324707,92.28033447265625,13.450879096984863,244.86839294433594,7.987695693969727
122.0,-22.5,48.24800491333008,91.79129791259766,13.36457633972168,246.0529022216797,7.987695693969727
123.0,-22.5,47.345035552978516,91.31704711914062,13.283863067626953,247.18170166015625,7.987695693969727
124.0,-22.5,46.60929489135742,90.81633758544922,13.218101501464844,248.157958984375,7.987695693969727
125.0,-22.5,45.883758544921875,90.34070587158203,13.153247833251953,249.12864685058594,7.987695693969727
126.0,-22.5,45.274864196777344,89.84749603271484,13.098821640014648,249.9959716796875,7.987695693969727
127.0,-22.5,44.69248962402344,89.36823272705078,13.046765327453613,250.84344482421875,7.987695693969727
128.0,-22.5,44.25776672363281,88.84983825683594,13.007905960083008,251.56207275390625,7.987695693969727
129.0,-22.5,43.791900634765625,88.36466217041016,12.966264724731445,252.31411743164062,7.987695693969727
130.0,-22.5,43.36627197265625,87.88143157958984,12.928220748901367,253.0352783203125,7.987695693969727
131.0,-22.5,43.118255615234375,87.3331527709961,12.906051635742188,253.60574340820312,7.987695693969727
132.0,-22.5,42.824607849121094,86.82101440429688,12.879804611206055,254.2231903076172,7.987695693969727
133.0,-22.5,42.625633239746094,86.2763900756836,12.862018585205078,254.765625,7.987695693969727
134.0,-22.5,42.457252502441406,85.72838592529297,12.846965789794922,255.2897186279297,7.987695693969727
135.0,-22.5,42.331993103027344,85.16902923583984,12.835769653320312,255.78550720214844,7.987695693969727
136.0,-22.5,42.23952102661133,84.60225677490234,12.827503204345703,256.2625427246094,7.987695693969727
137.0,-22.5,42.286712646484375,83.96653747558594,12.831724166870117,256.6337890625,7.987695693969727
138.0,-22.5,42.21937942504883,83.40288543701172,12.825704574584961,257.1094665527344,7.987695693969727
139.0,-22.5,42.32444763183594,82.74656677246094,12.835095405578613,257.4560852050781,7.987695693969727
140.0,-22.5,42.3892822265625,82.11930084228516,12.840890884399414,257.8470153808594,7.987695693969727
141.0,-22.5,42.54915237426758,81.43919372558594,12.855181694030762,258.1754150390625,7.987695693969727
142.0,-22.5,42.784690856933594,80.71488952636719,12.87623405456543,258.45916748046875,7.987695693969727
143.0,-22.5,42.963409423828125,80.02922821044922,12.89220905303955,258.80120849609375,7.987695693969727
144.0,-22.5,43.36558532714844,79.19996643066406,12.928159713745117,258.9903869628906,7.987695693969727
145.0,-22.5,43.7471923828125,78.38276672363281,12.96226978302002,259.2137756347656,7.987695693969727
146.0,-22.5,44.22637176513672,77.4979019165039,13.005102157592773,259.3853759765625,7.987695693969727
147.0,-22.5,44.87537384033203,76.49174499511719,13.063111305236816,259.4573974609375,7.987695693969727
148.0,-22.5,45.57535171508789,75.44283294677734,13.125679016113281,259.5193176269531,7.987695693969727
149.0,-22.5,46.48743438720703,74.23357391357422,13.207208633422852,259.4627380371094,7.987695693969727
150.0,-22.5,47.57094192504883,72.88694763183594,13.304058074951172,259.3233642578125,7.987695693969727
151.0,-22.5,48.9354362487793,71.3160400390625,13.426024436950684,259.0358581542969,7.987695693969727
