angle,vert_angle,dist,x,y,z,height
0.0,22.5,1.4049863815307617,291.89495849609375,10.670286178588867,140.67819213867188,11.270865440368652
1.0,22.5,1.3781636953353882,291.87200927734375,10.681822776794434,140.65493774414062,11.270865440368652
2.0,22.5,1.3511443138122559,291.84844970703125,10.693413734436035,140.63250732421875,11.270865440368652
3.0,22.5,1.331583023071289,291.83123779296875,10.701822280883789,140.61099243164062,11.270865440368652
4.0,22.5,1.3153443336486816,291.816650390625,10.708799362182617,140.590087890625,11.270865440368652
5.0,22.5,1.298460841178894,291.8011169433594,10.716043472290039,140.5697021484375,11.270865440368652
6.0,22.5,1.2696441411972046,291.77447509765625,10.728422164916992,140.55029296875,11.270865440368652
7.0,22.5,1.2363319396972656,291.74346923828125,10.742735862731934,140.5320281982422,11.270865440368652
8.0,22.5,1.2028229236602783,291.7120056152344,10.757131576538086,140.5148468017578,11.270865440368652
9.0,22.5,1.1692888736724854,291.6802673339844,10.77153205871582,140.49876403808594,11.270865440368652
10.0,22.5,1.13804030418396,291.6503601074219,10.784957885742188,140.4835205078125,11.270865440368652
11.0,22.5,1.1100510358810425,291.6231689453125,10.79698371887207,140.4689178466797,11.270865440368652
12.0,22.5,1.0824456214904785,291.59613037109375,10.808843612670898,140.45518493652344,11.270865440368652
13.0,22.5,1.0552459955215454,291.56927490234375,10.820516586303711,140.44227600097656,11.270865440368652
14.0,22.5,1.0285741090774536,291.5427551269531,10.831982612609863,140.43020629882812,11.270865440368652
15.0,22.5,1.0024012327194214,291.51654052734375,10.843226432800293,140.4188995361328,11.270865440368652
16.0,22.5,0.9767380952835083,291.49066162109375,10.854235649108887,140.4083709716797,11.270865440368652
17.0,22.5,0.951688826084137,291.4652404785156,10.864999771118164,140.3985595703125,11.270865440368652
18.0,22.5,0.9272180795669556,291.44024658203125,10.875510215759277,140.38943481445312,11.270865440368652
19.0,22.5,0.9033631086349487,291.4157409667969,10.885762214660645,140.38099670410156,11.270865440368652
20.0,22.5,0.8800919055938721,291.3916931152344,10.895750045776367,140.37319946289062,11.270865440368652
21.0,22.5,0.8574824929237366,291.3681945800781,10.905472755432129,140.36598205566406,11.270865440368652
22.0,22.5,0.8354617357254028,291.3451843261719,10.914929389953613,140.35935974121094,11.270865440368652
23.0,22.5,0.8140568733215332,291.32269287109375,10.924118995666504,140.353271484375,11.270865440368652
24.0,22.5,0.7932766675949097,291.3007507324219,10.93304443359375,140.34771728515625,11.270865440368652
25.0,22.5,0.7731235027313232,291.27935791015625,10.941706657409668,140.34263610839844,11.270865440368652
26.0,22.5,0.7535548806190491,291.25848388671875,10.95011043548584,140.33802795410156,11.270865440368652
27.0,22.5,0.7345706224441528,291.2381286621094,10.958258628845215,140.33384704589844,11.270865440368652
28.0,22.5,0.7162105441093445,291.2183532714844,10.966156005859375,140.330078125,11.270865440368652
29.0,22.5,0.6561900973320007,291.16461181640625,10.99193286895752,140.34298706054688,11.270865440368652
30.0,22.5,0.5842152833938599,291.1018371582031,11.022838592529297,140.3624725341797,11.270865440368652
31.0,22.5,0.5253829956054688,291.05047607421875,11.048113822937012,140.3786163330078,11.270865440368652
32.0,22.5,0.47642773389816284,291.0076904296875,11.0691499710083,140.39224243164062,11.270865440368652
33.0,22.5,0.444555401802063,290.9789733886719,11.082837104797363,140.39974975585938,11.270865440368652
34.0,22.5,0.4293796122074127,290.9636535644531,11.089354515075684,140.40057373046875,11.270865440368652
35.0,22.5,0.4150429368019104,290.9491271972656,11.095510482788086,140.4014892578125,11.270865440368652
36.0,22.5,0.4014979600906372,290.9353332519531,11.101329803466797,140.40245056152344,11.270865440368652
37.0,22.5,0.38866326212882996,290.9222106933594,11.106836318969727,140.4034881591797,11.270865440368652
38.0,22.5,0.3765256404876709,290.9097595214844,11.112053871154785,140.4045867919922,11.270865440368652
39.0,22.5,0.3650144636631012,290.89788818359375,11.1170015335083,140.4057159423828,11.270865440368652
40.0,22.5,0.3540746569633484,290.8865661621094,11.121698379516602,140.4069061279297,11.270865440368652
41.0,22.5,0.34369343519210815,290.8757629394531,11.12615966796875,140.40811157226562,11.270865440368652
42.0,22.5,0.3338172137737274,290.8654479980469,11.130402565002441,140.40936279296875,11.270865440368652
43.0,22.5,0.3244195282459259,290.8555908203125,11.134439468383789,140.41064453125,11.270865440368652
44.0,22.5,0.31545305252075195,290.84613037109375,11.138285636901855,140.4119415283203,11.270865440368652
45.0,22.5,0.30692851543426514,290.83709716796875,11.141950607299805,140.4132537841797,11.270865440368652
46.0,22.5,0.29878267645835876,290.82843017578125,11.145447731018066,140.4145965576172,11.270865440368652
47.0,22.5,0.2910153269767761,290.82012939453125,11.148784637451172,140.41595458984375,11.270865440368652
48.0,22.5,0.2835947275161743,290.8121643066406,11.151973724365234,140.41732788085938,11.270865440368652
49.0,22.5,0.27650296688079834,290.80450439453125,11.155020713806152,140.418701171875,11.270865440368652
50.0,22.5,0.2697206139564514,290.7971496582031,11.157936096191406,140.4200897216797,11.270865440368652
51.0,22.5,0.2632203996181488,290.7900695800781,11.160726547241211,140.42149353027344,11.270865440368652
52.0,22.5,0.25700461864471436,290.78326416015625,11.163398742675781,140.4228973388672,11.270865440368652
53.0,22.5,0.2510373294353485,290.7767028808594,11.165958404541016,140.42431640625,11.270865440368652
54.0,22.5,0.24532121419906616,290.7703857421875,11.168413162231445,140.4257354736328,11.270865440368652
55.0,22.5,0.23983201384544373,290.7642822265625,11.170768737792969,140.42715454101562,11.270865440368652
56.0,22.5,0.23458120226860046,290.7584228515625,11.173028945922852,140.42857360839844,11.270865440368652
57.0,22.5,0.22951173782348633,290.7527160644531,11.175199508666992,140.42999267578125,11.270865440368652
58.0,22.5,0.22466830909252167,290.74725341796875,11.177284240722656,140.43141174316406,11.270865440368652
59.0,22.5,0.22001132369041443,290.7419738769531,11.179288864135742,140.43283081054688,11.270865440368652
60.0,22.5,0.21550920605659485,290.7368469238281,11.1812162399292,140.43426513671875,11.270865440368652
61.0,22.5,0.2111949920654297,290.7319030761719,11.18307113647461,140.43568420410156,11.270865440368652
62.0,22.5,0.20703798532485962,290.72711181640625,11.184855461120605,140.43710327148438,11.270865440368652
63.0,22.5,0.20303276181221008,290.72247314453125,11.186574935913086,140.4385223388672,11.270865440368652
64.0,22.5,0.19918766617774963,290.7179870605469,11.188230514526367,140.43992614746094,11.270865440368652
65.0,22.5,0.19546106457710266,290.713623046875,11.189825057983398,140.44134521484375,11.270865440368652
66.0,22.5,0.19188550114631653,290.70941162109375,11.191363334655762,140.4427490234375,11.270865440368652
67.0,22.5,0.18843254446983337,290.705322265625,11.192846298217773,140.44415283203125,11.270865440368652
68.0,22.5,0.18509796261787415,290.70135498046875,11.1942777633667,140.445556640625,11.270865440368652
69.0,22.5,0.18189160525798798,290.697509765625,11.195657730102539,140.4469451904297,11.270865440368652
70.0,22.5,0.17878518998622894,290.6937561035156,11.196990966796875,140.44833374023438,11.270865440368652
71.0,22.5,0.17578773200511932,290.69012451171875,11.198277473449707,140.44972229003906,11.270865440368652
72.0,22.5,0.17289450764656067,290.6866149902344,11.1995210647583,140.45111083984375,11.270865440368652
73.0,22.5,0.17009572684764862,290.68316650390625,11.200721740722656,140.45248413085938,11.270865440368652
74.0,22.5,0.16739872097969055,290.6798095703125,11.201883316040039,140.45384216308594,11.270865440368652
75.0,22.5,0.16478483378887177,290.67657470703125,11.203004837036133,140.45521545410156,11.270865440368652
76.0,22.5,0.16225814819335938,290.67340087890625,11.204090118408203,140.45657348632812,11.270865440368652
77.0,22.5,0.15981239080429077,290.6703186035156,11.205140113830566,140.4579315185547,11.270865440368652
78.0,22.5,0.15745222568511963,290.6673583984375,11.206155776977539,140.45928955078125,11.270865440368652
79.0,22.5,0.1551588922739029,290.6643981933594,11.207138061523438,140.46063232421875,11.270865440368652
80.0,22.5,0.15294614434242249,290.66156005859375,11.208088874816895,140.46197509765625,11.270865440368652
81.0,22.5,0.15081095695495605,290.6587829589844,11.209009170532227,140.4633026123047,11.270865440368652
82.0,22.5,0.1487300843000412,290.6560974121094,11.209900856018066,140.4646453857422,11.270865440368652
83.0,22.5,0.14672261476516724,290.6534729003906,11.210763931274414,140.46597290039062,11.270865440368652
84.0,22.5,0.1447683423757553,290.65087890625,11.211600303649902,140.46730041503906,11.270865440368652
85.0,22.5,0.14288924634456635,290.64837646484375,11.212409973144531,140.46861267089844,11.270865440368652
86.0,22.5,0.14106440544128418,290.64593505859375,11.213194847106934,140.4699249267578,11.270865440368652
87.0,22.5,0.13929232954978943,290.6435546875,11.21395492553711,140.4712371826172,11.270865440368652
88.0,22.5,0.1375679075717926,290.6412048339844,11.214692115783691,140.47254943847656,11.270865440368652
89.0,22.5,0.13590697944164276,290.638916015625,11.21540641784668,140.47384643554688,11.270865440368652
90.0,22.5,0.1342938393354416,290.6366882324219,11.21609878540039,140.4751434326172,11.270865440368652
91.0,22.5,0.13274015486240387,290.634521484375,11.21677017211914,140.47642517089844,11.270865440368652
92.0,22.5,0.13122840225696564,290.6323547363281,11.217421531677246,140.4777069091797,11.270865440368652
93.0,22.5,0.1297469437122345,290.6302795410156,11.218052864074707,140.47900390625,11.270865440368652
94.0,22.5,0.12833407521247864,290.6282653808594,11.218664169311523,140.4802703857422,11.270865440368652
95.0,22.5,0.1269465833902359,290.6262512207031,11.219258308410645,140.48155212402344,11.270865440368652
96.0,22.5,0.12564538419246674,290.6242980957031,11.219819068908691,140.4827880859375,11.270865440368652
97.0,22.5,0.12443377077579498,290.62237548828125,11.220337867736816,140.48397827148438,11.270865440368652
98.0,22.5,0.12325631827116013,290.6205139160156,11.220841407775879,140.48516845703125,11.270865440368652
99.0,22.5,0.12212730944156647,290.6186828613281,11.221329689025879,140.48634338378906,11.270865440368652
100.0,22.5,0.12102089077234268,290.6168518066406,11.22180461883545,140.48753356933594,11.270865440368652
101.0,22.5,0.11994543671607971,290.6150817871094,11.222264289855957,140.4887237548828,11.270865440368652
102.0,22.5,0.11891131103038788,290.6133728027344,11.222711563110352,140.48989868164062,11.270865440368652
103.0,22.5,0.11790329217910767,290.61163330078125,11.22314453125,140.4910888671875,11.270865440368652
104.0,22.5,0.1169167011976242,290.6099853515625,11.223565101623535,140.49227905273438,11.270865440368652
105.0,22.5,0.11596421897411346,290.60833740234375,11.223973274230957,140.49346923828125,11.270865440368652
106.0,22.5,0.11505451798439026,290.6067199707031,11.22436809539795,140.49464416503906,11.270865440368652
107.0,22.5,0.11415871977806091,290.6051330566406,11.224752426147461,140.49583435058594,11.270865440368652
108.0,22.5,0.11329038441181183,290.60357666015625,11.22512435913086,140.4970245361328,11.270865440368652
109.0,22.5,0.11244834959506989,290.60205078125,11.225484848022461,140.4982147216797,11.270865440368652
110.0,22.5,0.11164508759975433,290.6005554199219,11.225833892822266,140.4993896484375,11.270865440368652
111.0,22.5,0.11085288226604462,290.5990905761719,11.22617244720459,140.50057983398438,11.270865440368652
112.0,22.5,0.11008422076702118,290.59765625,11.226500511169434,140.50177001953125,11.270865440368652
113.0,22.5,0.10934743285179138,290.5962219238281,11.226818084716797,140.50296020507812,11.270865440368652
114.0,22.5,0.10863350331783295,290.5948181152344,11.22712516784668,140.504150390625,11.270865440368652
115.0,22.5,0.10794118046760559,290.59344482421875,11.227422714233398,140.50534057617188,11.270865440368652
116.0,22.5,0.10726964473724365,290.59210205078125,11.227710723876953,140.50653076171875,11.270865440368652
117.0,22.5,0.10661805421113968,290.5907897949219,11.227989196777344,140.50772094726562,11.270865440368652
118.0,22.5,0.10598434507846832,290.5894775390625,11.22825813293457,140.50892639160156,11.270865440368652
119.0,22.5,0.10538201034069061,290.58819580078125,11.22851848602295,140.51011657714844,11.270865440368652
120.0,22.5,0.10481014847755432,290.5869140625,11.228769302368164,140.5113067626953,11.270865440368652
121.0,22.5,0.10423126816749573,290.585693359375,11.229011535644531,140.51251220703125,11.270865440368652
122.0,22.5,0.10369392484426498,290.58447265625,11.22924518585205,140.51370239257812,11.270865440368652
123.0,22.5,0.10317415744066238,290.583251953125,11.229470252990723,140.51490783691406,11.270865440368652
124.0,22.5,0.10265638679265976,290.58209228515625,11.229687690734863,140.51611328125,11.270865440368652
125.0,22.5,0.10217929631471634,290.5809326171875,11.229896545410156,140.51730346679688,11.270865440368652
126.0,22.5,0.10171959549188614,290.57977294921875,11.230096817016602,140.5185089111328,11.270865440368652
127.0,22.5,0.10126245766878128,290.5786437988281,11.230289459228516,140.5197296142578,11.270865440368652
128.0,22.5,0.10082975029945374,290.5775451660156,11.230475425720215,140.52093505859375,11.270865440368652
129.0,22.5,0.10042570531368256,290.5764465332031,11.230652809143066,140.5221405029297,11.270865440368652
130.0,22.5,0.10002279281616211,290.57537841796875,11.230822563171387,140.5233612060547,11.270865440368652
131.0,22.5,0.09964781999588013,290.5743103027344,11.230985641479492,140.5245819091797,11.270865440368652
132.0,22.5,0.09929519891738892,290.5732727050781,11.231141090393066,140.52578735351562,11.270865440368652
133.0,22.5,0.09893162548542023,290.572265625,11.23128890991211,140.5270233154297,11.270865440368652
134.0,22.5,0.09860608726739883,290.5712585449219,11.231430053710938,140.5282440185547,11.270865440368652
135.0,22.5,0.09830842912197113,290.57025146484375,11.231563568115234,140.5294647216797,11.270865440368652
136.0,22.5,0.09800931811332703,290.56927490234375,11.231691360473633,140.53070068359375,11.270865440368652
137.0,22.5,0.0977192223072052,290.5683288574219,11.2318115234375,140.5319366455078,11.270865440368652
138.0,22.5,0.09745613485574722,290.5673828125,11.231925010681152,140.53317260742188,11.270865440368652
139.0,22.5,0.0972006767988205,290.56646728515625,11.23203182220459,140.53440856933594,11.270865440368652
140.0,22.5,0.09696240723133087,290.5655517578125,11.232131958007812,140.53565979003906,11.270865440368652
141.0,22.5,0.09676071256399155,290.56463623046875,11.23222541809082,140.53689575195312,11.270865440368652
142.0,22.5,0.09655631333589554,290.5637512207031,11.232312202453613,140.53814697265625,11.270865440368652
143.0,22.5,0.0963694155216217,290.5628662109375,11.232393264770508,140.53941345214844,11.270865440368652
144.0,22.5,0.09619788825511932,290.56201171875,11.232466697692871,140.54066467285156,11.270865440368652
145.0,22.5,0.09604386985301971,290.5611572265625,11.232534408569336,140.54193115234375,11.270865440368652
146.0,22.5,0.09589464217424393,290.5603332519531,11.232596397399902,140.54319763183594,11.270865440368652
147.0,22.5,0.09577233344316483,290.55950927734375,11.232650756835938,140.54446411132812,11.270865440368652
148.0,22.5,0.095667764544487,290.5586853027344,11.23270034790039,140.54574584960938,11.270865440368652
149.0,22.5,0.09554537385702133,290.55792236328125,11.232742309570312,140.54702758789062,11.270865440368652
150.0,22.5,0.09546388685703278,290.55712890625,11.232778549194336,140.54832458496094,11.270865440368652
151.0,22.5,0.09539328515529633,290.5563659667969,11.232809066772461,140.5496063232422,11.270865440368652
152.0,22.5,0.09536506235599518,290.5555725097656,11.232832908630371,140.5509033203125,11.270865440368652
153.0,22.5,0.09530908614397049,290.5548400878906,11.232851028442383,140.55221557617188,11.270865440368652
154.0,22.5,0.09527967125177383,290.5541076660156,11.23286247253418,140.55352783203125,11.270865440368652
155.0,22.5,0.09520499408245087,290.5534362792969,11.232891082763672,140.55487060546875,11.270865440368652
156.0,22.5,0.09515272080898285,290.5527648925781,11.232922554016113,140.55621337890625,11.270865440368652
157.0,22.5,0.09509618580341339,290.5521240234375,11.23294734954834,140.5575714111328,11.270865440368652
158.0,22.5,0.09503498673439026,290.551513671875,11.232966423034668,140.55894470214844,11.270865440368652
159.0,22.5,0.09500617533922195,290.5509033203125,11.232978820800781,140.560302734375,11.270865440368652
160.0,22.5,0.09499800205230713,290.55029296875,11.23298454284668,140.56167602539062,11.270865440368652
161.0,22.5,0.09499064087867737,290.5497131347656,11.23298454284668,140.56304931640625,11.270865440368652
162.0,22.5,0.09500402957201004,290.54913330078125,11.232978820800781,140.56443786621094,11.270865440368652
163.0,22.5,0.09504411369562149,290.5485534667969,11.232966423034668,140.56582641601562,11.270865440368652
164.0,22.5,0.09508490562438965,290.5480041503906,11.23294734954834,140.5672149658203,11.270865440368652
165.0,22.5,0.09515158832073212,290.5474548339844,11.232922554016113,140.568603515625,11.270865440368652
166.0,22.5,0.09521365165710449,290.54693603515625,11.232892036437988,140.57000732421875,11.270865440368652
167.0,22.5,0.09529850631952286,290.5464172363281,11.232853889465332,140.57142639160156,11.270865440368652
168.0,22.5,0.09540928900241852,290.5458984375,11.232810974121094,140.57284545898438,11.270865440368652
169.0,22.5,0.09552046656608582,290.54541015625,11.232760429382324,140.5742645263672,11.270865440368652
170.0,22.5,0.09565427899360657,290.544921875,11.232704162597656,140.57569885253906,11.270865440368652
171.0,22.5,0.0957878902554512,290.5444641113281,11.232641220092773,140.57713317871094,11.270865440368652
172.0,22.5,0.09594463557004929,290.54400634765625,11.232572555541992,140.57858276367188,11.270865440368652
173.0,22.5,0.09612850844860077,290.5435485839844,11.23249626159668,140.5800323486328,11.270865440368652
174.0,22.5,0.09633620828390121,290.5430908203125,11.232414245605469,140.5814971923828,11.270865440368652
175.0,22.5,0.09654146432876587,290.54266357421875,11.232325553894043,140.58297729492188,11.270865440368652
176.0,22.5,0.09674829244613647,290.5422668457031,11.232230186462402,140.58444213867188,11.270865440368652
177.0,22.5,0.09700554609298706,290.5418395996094,11.232128143310547,140.5859375,11.270865440368652
178.0,22.5,0.09726253151893616,290.54144287109375,11.232019424438477,140.58743286132812,11.270865440368652
179.0,22.5,0.09751777350902557,290.54107666015625,11.231904029846191,140.5889434814453,11.270865440368652
180.0,22.5,0.09780045598745346,290.54071044921875,11.231781005859375,140.5904541015625,11.270865440368652
181.0,22.5,0.0981089249253273,290.54034423828125,11.23165225982666,140.59197998046875,11.270865440368652
182.0,22.5,0.09841734170913696,290.5400085449219,11.231514930725098,140.59352111816406,11.270865440368652
183.0,22.5,0.09875263273715973,290.5396728515625,11.231371879577637,140.59506225585938,11.270865440368652
184.0,22.5,0.09911545366048813,290.5393371582031,11.231221199035645,140.59661865234375,11.270865440368652
185.0,22.5,0.09947869181632996,290.5390319824219,11.231062889099121,140.5981903076172,11.270865440368652
186.0,22.5,0.09987035393714905,290.5387268066406,11.230896949768066,140.5997772216797,11.270865440368652
187.0,22.5,0.10026255995035172,290.5384521484375,11.23072338104248,140.6013641357422,11.270865440368652
188.0,22.5,0.10068320482969284,290.5381774902344,11.23054313659668,140.60296630859375,11.270865440368652
189.0,22.5,0.10113351047039032,290.53790283203125,11.230354309082031,140.60458374023438,11.270865440368652
190.0,22.5,0.10158755630254745,290.53765869140625,11.230157852172852,140.60623168945312,11.270865440368652
191.0,22.5,0.10204175859689713,290.5374450683594,11.229952812194824,140.6078643798828,11.270865440368652
192.0,22.5,0.10255534201860428,290.5372009277344,11.229740142822266,140.60952758789062,11.270865440368652
193.0,22.5,0.10307028889656067,290.5369873046875,11.229519844055176,140.61119079589844,11.270865440368652
194.0,22.5,0.10359218716621399,290.53680419921875,11.229290008544922,140.61288452148438,11.270865440368652
195.0,22.5,0.10414352267980576,290.53662109375,11.22905158996582,140.6145782470703,11.270865440368652
196.0,22.5,0.1047297790646553,290.53643798828125,11.228804588317871,140.61630249023438,11.270865440368652
197.0,22.5,0.10532192885875702,290.5362854003906,11.228549003601074,140.6180419921875,11.270865440368652
198.0,22.5,0.10594427585601807,290.5361328125,11.228283882141113,140.61978149414062,11.270865440368652
199.0,22.5,0.10657660663127899,290.5360107421875,11.228010177612305,140.62155151367188,11.270865440368652
200.0,22.5,0.10724364966154099,290.535888671875,11.227725982666016,140.6233367919922,11.270865440368652
201.0,22.5,0.1079200878739357,290.5357971191406,11.227429389953613,140.62513732910156,11.270865440368652
202.0,22.5,0.10872699320316315,290.5356140136719,11.227093696594238,140.62696838378906,11.270865440368652
203.0,22.5,0.10952682793140411,290.5354919433594,11.22674560546875,140.62884521484375,11.270865440368652
204.0,22.5,0.11036332696676254,290.5353698730469,11.226387023925781,140.6307373046875,11.270865440368652
205.0,22.5,0.11120624095201492,290.5352783203125,11.226016998291016,140.63262939453125,11.270865440368652
206.0,22.5,0.11209706217050552,290.5351867675781,11.225634574890137,140.6345672607422,11.270865440368652
207.0,22.5,0.11302581429481506,290.53509521484375,11.225240707397461,140.6365203857422,11.270865440368652
208.0,22.5,0.11397386342287064,290.5350341796875,11.224833488464355,140.6385040283203,11.270865440368652
209.0,22.5,0.11496689170598984,290.53497314453125,11.224413871765137,140.64051818847656,11.270865440368652
210.0,22.5,0.11595036089420319,290.53497314453125,11.223980903625488,140.64254760742188,11.270865440368652
211.0,22.5,0.11701155453920364,290.5349426269531,11.22353458404541,140.64462280273438,11.270865440368652
212.0,22.5,0.11805899441242218,290.53497314453125,11.223073959350586,140.64669799804688,11.270865440368652
213.0,22.5,0.11918555200099945,290.53497314453125,11.222599029541016,140.64881896972656,11.270865440368652
214.0,22.5,0.12031367421150208,290.5350341796875,11.222108840942383,140.65097045898438,11.270865440368652
215.0,22.5,0.12149190902709961,290.53509521484375,11.221604347229004,140.6531524658203,11.270865440368652
216.0,22.5,0.122698113322258,290.5351867675781,11.221083641052246,140.65536499023438,11.270865440368652
217.0,22.5,0.12395642697811127,290.5352783203125,11.22054672241211,140.65760803222656,11.270865440368652
218.0,22.5,0.1252443641424179,290.535400390625,11.219993591308594,140.65988159179688,11.270865440368652
219.0,22.5,0.12657132744789124,290.5355529785156,11.219423294067383,140.66220092773438,11.270865440368652
220.0,22.5,0.12795338034629822,290.53570556640625,11.21883487701416,140.66455078125,11.270865440368652
221.0,22.5,0.12935519218444824,290.5359191894531,11.218228340148926,140.6669464111328,11.270865440368652
222.0,22.5,0.13080573081970215,290.5361328125,11.217602729797363,140.6693572998047,11.270865440368652
223.0,22.5,0.13230977952480316,290.536376953125,11.216957092285156,140.6718292236328,11.270865440368652
224.0,22.5,0.133851557970047,290.5366516113281,11.216291427612305,140.67433166503906,11.270865440368652
225.0,22.5,0.13547122478485107,290.53692626953125,11.215604782104492,140.67689514160156,11.270865440368652
226.0,22.5,0.13711044192314148,290.5372619628906,11.214897155761719,140.6794891357422,11.270865440368652
227.0,22.5,0.13880133628845215,290.5376281738281,11.214166641235352,140.68212890625,11.270865440368652
228.0,22.5,0.14055529236793518,290.5379943847656,11.21341323852539,140.68479919433594,11.270865440368652
229.0,22.5,0.14238287508487701,290.53839111328125,11.212635040283203,140.6875457763672,11.270865440368652
230.0,22.5,0.14423736929893494,290.5388488769531,11.211832046508789,140.69032287597656,11.270865440368652
231.0,22.5,0.14617809653282166,290.539306640625,11.211004257202148,140.6931610107422,11.270865440368652
232.0,22.5,0.14815986156463623,290.5398254394531,11.210148811340332,140.696044921875,11.270865440368652
233.0,22.5,0.15022405982017517,290.5403747558594,11.209264755249023,140.69900512695312,11.270865440368652
234.0,22.5,0.1523509919643402,290.54095458984375,11.208353042602539,140.70201110839844,11.270865440368652
235.0,22.5,0.15452557802200317,290.5415954589844,11.20741081237793,140.70506286621094,11.270865440368652
236.0,22.5,0.15680572390556335,290.542236328125,11.206437110900879,140.70819091796875,11.270865440368652
237.0,22.5,0.15914836525917053,290.5429382324219,11.20543098449707,140.7113800048828,11.270865440368652
238.0,22.5,0.16156738996505737,290.543701171875,11.204391479492188,140.7146453857422,11.270865440368652
239.0,22.5,0.16407068073749542,290.54449462890625,11.203316688537598,140.7179718017578,11.270865440368652
240.0,22.5,0.16665959358215332,290.5453186035156,11.202205657958984,140.7213592529297,11.270865440368652
241.0,22.5,0.16934455931186676,290.54620361328125,11.201055526733398,140.72483825683594,11.270865440368652
242.0,22.5,0.17210489511489868,290.5471496582031,11.19986629486084,140.72837829589844,11.270865440368652
243.0,22.5,0.1749674379825592,290.54815673828125,11.19863510131836,140.7320098876953,11.270865440368652
244.0,22.5,0.17793521285057068,290.5492248535156,11.19736099243164,140.73573303222656,11.270865440368652
245.0,22.5,0.1810130476951599,290.5503234863281,11.196041107177734,140.73953247070312,11.270865440368652
246.0,22.5,0.1841886341571808,290.551513671875,11.194674491882324,140.74342346191406,11.270865440368652
247.0,22.5,0.18747951090335846,290.5527648925781,11.193257331848145,140.74740600585938,11.270865440368652
248.0,22.5,0.19090016186237335,290.5540771484375,11.191789627075195,140.75149536132812,11.270865440368652
249.0,22.5,0.19445450603961945,290.5554504394531,11.190267562866211,140.7556915283203,11.270865440368652
250.0,22.5,0.19812220335006714,290.5569152832031,11.188688278198242,140.75997924804688,11.270865440368652
251.0,22.5,0.20194271206855774,290.5584411621094,11.187050819396973,140.76438903808594,11.270865440368652
252.0,22.5,0.20589715242385864,290.56005859375,11.18535041809082,140.76890563964844,11.270865440368652
253.0,22.5,0.2100057452917099,290.5617980957031,11.183584213256836,140.7735595703125,11.270865440368652
254.0,22.5,0.21428003907203674,290.5635986328125,11.18174934387207,140.77833557128906,11.270865440368652
255.0,22.5,0.21872693300247192,290.56549072265625,11.179842948913574,140.7832489013672,11.270865440368652
256.0,22.5,0.22332951426506042,290.5675048828125,11.177861213684082,140.7882843017578,11.270865440368652
257.0,22.5,0.22812801599502563,290.5696105957031,11.175799369812012,140.79347229003906,11.270865440368652
258.0,22.5,0.23312506079673767,290.5718688964844,11.173653602600098,140.798828125,11.270865440368652
259.0,22.5,0.23833581805229187,290.5741882324219,11.171419143676758,140.80433654785156,11.270865440368652
260.0,22.5,0.24375039339065552,290.5766906738281,11.16909122467041,140.8100128173828,11.270865440368652
261.0,22.5,0.24940268695354462,290.5793151855469,11.166665077209473,140.8158721923828,11.270865440368652
262.0,22.5,0.2552846372127533,290.5820617675781,11.164135932922363,140.8218994140625,11.270865440368652
263.0,22.5,0.26143285632133484,290.5849914550781,11.16149616241455,140.82814025878906,11.270865440368652
264.0,22.5,0.2678513824939728,290.5880432128906,11.158740043640137,140.83457946777344,11.270865440368652
265.0,22.5,0.27454674243927,290.59130859375,11.155860900878906,140.8412322998047,11.270865440368652
266.0,22.5,0.28155937790870667,290.5947570800781,11.152852058410645,140.84812927246094,11.270865440368652
267.0,22.5,0.2888847291469574,290.598388671875,11.149703979492188,140.85525512695312,11.270865440368652
268.0,22.5,0.2965548038482666,290.60223388671875,11.14640998840332,140.86264038085938,11.270865440368652
269.0,22.5,0.30457979440689087,290.6062927246094,11.142959594726562,140.8702850341797,11.270865440368652
270.0,22.5,0.31301021575927734,290.6105651855469,11.13934326171875,140.87823486328125,11.270865440368652
271.0,22.5,0.32183945178985596,290.6151123046875,11.135549545288086,140.886474609375,11.270865440368652
272.0,22.5,0.3311067521572113,290.61993408203125,11.13156795501709,140.89503479003906,11.270865440368652
273.0,22.5,0.340820848941803,290.62506103515625,11.127392768859863,140.90391540527344,11.270865440368652
274.0,22.5,0.34885847568511963,290.6304626464844,11.123942375183105,140.91119384765625,11.270865440368652
275.0,22.5,0.35717490315437317,290.6361083984375,11.120367050170898,140.9186248779297,11.270865440368652
276.0,22.5,0.3658217787742615,290.6420593261719,11.116660118103027,140.92625427246094,11.270865440368652
277.0,22.5,0.37475141882896423,290.6482849121094,11.112818717956543,140.93402099609375,11.270865440368652
278.0,22.5,0.38402968645095825,290.6548156738281,11.10883617401123,140.94198608398438,11.270865440368652
279.0,22.5,0.3936380445957184,290.6616516113281,11.104707717895508,140.9501190185547,11.270865440368652
280.0,22.5,0.40361377596855164,290.6687927246094,11.100425720214844,140.9584503173828,11.270865440368652
281.0,22.5,0.4139440655708313,290.6763000488281,11.095986366271973,140.96694946289062,11.270865440368652
282.0,22.5,0.424663782119751,290.68414306640625,11.09138298034668,140.97564697265625,11.270865440368652
283.0,22.5,0.43577736616134644,290.6923828125,11.08660888671875,140.98452758789062,11.270865440368652
284.0,22.5,0.4472963213920593,290.7010192871094,11.081658363342285,140.99359130859375,11.270865440368652
285.0,22.5,0.45924586057662964,290.7100524902344,11.076523780822754,141.0028533935547,11.270865440368652
286.0,22.5,0.4716416597366333,290.7195129394531,11.071200370788574,141.01231384277344,11.270865440368652
287.0,22.5,0.4845018982887268,290.72943115234375,11.065680503845215,141.02197265625,11.270865440368652
288.0,22.5,0.49781906604766846,290.7398376464844,11.059957504272461,141.03179931640625,11.270865440368652
289.0,22.5,0.5116387605667114,290.7507019042969,11.054025650024414,141.04183959960938,11.270865440368652
290.0,22.5,0.525948166847229,290.7620849609375,11.047877311706543,141.0520477294922,11.270865440368652
291.0,22.5,0.5407813787460327,290.7740173339844,11.041507720947266,141.06243896484375,11.270865440368652
292.0,22.5,0.5561395883560181,290.7864990234375,11.034910202026367,141.072998046875,11.270865440368652
293.0,22.5,0.572036862373352,290.7995300292969,11.028077125549316,141.08372497558594,11.270865440368652
294.0,22.5,0.5885032415390015,290.81317138671875,11.02100658416748,141.09461975097656,11.270865440368652
295.0,22.5,0.605541467666626,290.8274230957031,11.013690948486328,141.1056671142578,11.270865440368652
296.0,22.5,0.6231366991996765,290.8423156738281,11.00612735748291,141.1168212890625,11.270865440368652
297.0,22.5,0.6413399577140808,290.8578796386719,10.998311996459961,141.12811279296875,11.270865440368652
298.0,22.5,0.6601164937019348,290.87408447265625,10.990242004394531,141.13949584960938,11.270865440368652
299.0,22.5,0.679513692855835,290.8910217285156,10.981917381286621,141.15097045898438,11.270865440368652
300.0,22.5,0.6994856595993042,290.9086608886719,10.973337173461914,141.1624755859375,11.270865440368652
301.0,22.5,0.7200461030006409,290.927001953125,10.964502334594727,141.17401123046875,11.270865440368652
302.0,22.5,0.7411964535713196,290.94610595703125,10.95541763305664,141.18553161621094,11.270865440368652
303.0,22.5,0.7629126310348511,290.9659118652344,10.946086883544922,141.197021484375,11.270865440368652
304.0,22.5,0.7851986289024353,290.98651123046875,10.936518669128418,141.2084197998047,11.270865440368652
305.0,22.5,0.8057909607887268,291.0068054199219,10.927672386169434,141.2179718017578,11.270865440368652
306.0,22.5,0.8261710405349731,291.0274353027344,10.918919563293457,141.22683715820312,11.270865440368652
307.0,22.5,0.8469341993331909,291.0486755371094,10.910004615783691,141.23545837402344,11.270865440368652
308.0,22.5,0.8680294752120972,291.07049560546875,10.900938987731934,141.2437744140625,11.270865440368652
309.0,22.5,0.8894429206848145,291.0928955078125,10.891737937927246,141.2517547607422,11.270865440368652
310.0,22.5,0.9111497402191162,291.1158752441406,10.882417678833008,141.2593536376953,11.270865440368652
311.0,22.5,0.9330810308456421,291.1393737792969,10.872998237609863,141.26651000976562,11.270865440368652
312.0,22.5,0.9551825523376465,291.1633605957031,10.86350154876709,141.27316284179688,11.270865440368652
313.0,22.5,0.9774106740951538,291.18780517578125,10.853952407836914,141.27926635742188,11.270865440368652
314.0,22.5,0.9992443323135376,291.21240234375,10.844575881958008,141.28443908691406,11.270865440368652
315.0,22.5,1.0147247314453125,291.2335510253906,10.837925910949707,141.28465270996094,11.270865440368652
316.0,22.5,1.0298418998718262,291.2546691894531,10.831437110900879,141.28408813476562,11.270865440368652
317.0,22.5,1.0445209741592407,291.2756652832031,10.825133323669434,141.28271484375,11.270865440368652
318.0,22.5,1.0719926357269287,291.30487060546875,10.81332778930664,141.28907775878906,11.270865440368652
319.0,22.5,1.1063815355300903,291.33892822265625,10.79856014251709,141.2990264892578,11.270865440368652
320.0,22.5,1.1419873237609863,291.37432861328125,10.7832670211792,141.30874633789062,11.270865440368652
321.0,22.5,1.178820252418518,291.4111022949219,10.767443656921387,141.31817626953125,11.270865440368652
322.0,22.5,1.2168896198272705,291.4492492675781,10.751090049743652,141.32728576660156,11.270865440368652
323.0,22.5,1.2561835050582886,291.48876953125,10.734210014343262,141.3360137939453,11.270865440368652
324.0,22.5,1.2967157363891602,291.52972412109375,10.716811180114746,141.34426879882812,11.270865440368652
325.0,22.5,1.3383744955062866,291.5719909667969,10.698904991149902,141.35195922851562,11.270865440368652
326.0,22.5,1.3812191486358643,291.61566162109375,10.680512428283691,141.35903930664062,11.270865440368652
327.0,22.5,1.4251044988632202,291.66058349609375,10.66165542602539,141.3654022216797,11.270865440368652
328.0,22.5,1.4699890613555908,291.7067565917969,10.642369270324707,141.37094116210938,11.270865440368652
329.0,22.5,1.5158190727233887,291.754150390625,10.622693061828613,141.3755645751953,11.270865440368652
330.0,22.5,1.5624089241027832,291.8025817871094,10.602676391601562,141.379150390625,11.270865440368652
331.0,22.5,1.6096522808074951,291.8519592285156,10.582379341125488,141.38160705566406,11.270865440368652
332.0,22.5,1.657416582107544,291.9021911621094,10.561873435974121,141.38279724121094,11.270865440368652
333.0,22.5,1.7054425477981567,291.9530029296875,10.541236877441406,141.3826141357422,11.270865440368652
334.0,22.5,1.727575421333313,291.98388671875,10.531733512878418,141.36929321289062,11.270865440368652
335.0,22.5,1.7371121644973755,292.0047302246094,10.527634620666504,141.3496551513672,11.270865440368652
336.0,22.5,1.744718313217163,292.02374267578125,10.52436351776123,141.3287353515625,11.270865440368652
337.0,22.5,1.750378966331482,292.0408935546875,10.521942138671875,141.3065643310547,11.270865440368652
338.0,22.5,1.75397527217865,292.0559997558594,10.52038860321045,141.28321838378906,11.270865440368652
339.0,22.5,1.7555474042892456,292.0690612792969,10.51971435546875,141.25880432128906,11.270865440368652
340.0,22.5,1.7550684213638306,292.08001708984375,10.519923210144043,141.23338317871094,11.270865440368652
341.0,22.5,1.7525073289871216,292.0887756347656,10.521016120910645,141.2070770263672,11.270865440368652
342.0,22.5,1.7479497194290161,292.09539794921875,10.522982597351074,141.1799774169922,11.270865440368652
343.0,22.5,1.7413582801818848,292.09979248046875,10.525809288024902,141.15219116210938,11.270865440368652
344.0,22.5,1.732827067375183,292.1020202636719,10.5294771194458,141.12384033203125,11.270865440368652
345.0,22.5,1.722395658493042,292.1020812988281,10.533957481384277,141.09503173828125,11.270865440368652
346.0,22.5,1.7101266384124756,292.1000061035156,10.539220809936523,141.0658721923828,11.270865440368652
347.0,22.5,1.6961432695388794,292.09588623046875,10.545231819152832,141.0364990234375,11.270865440368652
348.0,22.5,1.6805040836334229,292.0897521972656,10.551948547363281,141.0070037841797,11.270865440368652
349.0,22.5,1.6633256673812866,292.0816955566406,10.55932903289795,140.97750854492188,11.270865440368652
350.0,22.5,1.6447174549102783,292.0718078613281,10.567325592041016,140.94810485839844,11.270865440368652
351.0,22.5,1.6247659921646118,292.0601501464844,10.575891494750977,140.91891479492188,11.270865440368652
352.0,22.5,1.603624939918518,292.046875,10.584975242614746,140.88999938964844,11.270865440368652
353.0,22.5,1.5813782215118408,292.03204345703125,10.594526290893555,140.86148071289062,11.270865440368652
354.0,22.5,1.5581761598587036,292.01580810546875,10.604494094848633,140.8334197998047,11.270865440368652
355.0,22.5,1.534117341041565,291.9982604980469,10.614827156066895,140.80589294433594,11.270865440368652
356.0,22.5,1.5093204975128174,291.9795227050781,10.625476837158203,140.77894592285156,11.270865440368652
357.0,22.5,1.4839096069335938,291.959716796875,10.636392593383789,140.75267028808594,11.270865440368652
358.0,22.5,1.4579977989196777,291.93896484375,10.647529602050781,140.7270965576172,11.270865440368652
359.0,22.5,1.4316437244415283,291.9173278808594,10.658841133117676,140.70225524902344,11.270865440368652
0.0,16.875,1.614030122756958,292.0833435058594,10.593077659606934,140.75790405273438,11.270865440368652
1.0,16.875,1.5826886892318726,292.0576477050781,10.60628890991211,140.72984313964844,11.270865440368652
2.0,16.875,1.5510461330413818,292.0311584472656,10.619641304016113,140.7027130126953,11.270865440368652
3.0,16.875,1.5191569328308105,292.0039367675781,10.633084297180176,140.67652893066406,11.270865440368652
4.0,16.875,1.4871851205825806,291.9761657714844,10.646570205688477,140.65133666992188,11.270865440368652
5.0,16.875,1.4552356004714966,291.9479675292969,10.660056114196777,140.62713623046875,11.270865440368652
6.0,16.875,1.4353457689285278,291.9302673339844,10.668432235717773,140.60400390625,11.270865440368652
7.0,16.875,1.4159890413284302,291.91265869140625,10.67660140991211,140.58148193359375,11.270865440368652
8.0,16.875,1.3959779739379883,291.8940734863281,10.68504810333252,140.55960083007812,11.270865440368652
9.0,16.875,1.3753387928009033,291.8745422363281,10.693737030029297,140.5384063720703,11.270865440368652
10.0,16.875,1.3542639017105103,291.8542785644531,10.702634811401367,140.51788330078125,11.270865440368652
11.0,16.875,1.332749843597412,291.8332824707031,10.71170711517334,140.4980926513672,11.270865440368652
12.0,16.875,1.3109018802642822,291.8116760253906,10.72092342376709,140.4790496826172,11.270865440368652
13.0,16.875,1.281791090965271,291.7832336425781,10.733201026916504,140.4614715576172,11.270865440368652
14.0,16.875,1.2389264106750488,291.7421875,10.751276016235352,140.446533203125,11.270865440368652
15.0,16.875,1.1970200538635254,291.70184326171875,10.768956184387207,140.43283081054688,11.270865440368652
16.0,16.875,1.1561442613601685,291.66229248046875,10.786195755004883,140.42034912109375,11.270865440368652
17.0,16.875,1.1163749694824219,291.6236267089844,10.802961349487305,140.4090118408203,11.270865440368652
18.0,16.875,1.0778148174285889,291.5859680175781,10.819226264953613,140.39874267578125,11.270865440368652
19.0,16.875,1.0437573194503784,291.55224609375,10.833593368530273,140.38882446289062,11.270865440368652
20.0,16.875,1.0147745609283447,291.52294921875,10.845809936523438,140.3789520263672,11.270865440368652
21.0,16.875,0.9866184592247009,291.49432373046875,10.857684135437012,140.36984252929688,11.270865440368652
22.0,16.875,0.9592796564102173,291.46636962890625,10.869213104248047,140.3614501953125,11.270865440368652
23.0,16.875,0.9327673316001892,291.4391174316406,10.880398750305176,140.353759765625,11.270865440368652
24.0,16.875,0.9070466160774231,291.41253662109375,10.891240119934082,140.3467254638672,11.270865440368652
25.0,16.875,0.8821565508842468,291.3866882324219,10.901742935180664,140.34031677246094,11.270865440368652
26.0,16.875,0.8580378293991089,291.36151123046875,10.911909103393555,140.33448791503906,11.270865440368652
27.0,16.875,0.8347353935241699,291.3370666503906,10.921746253967285,140.32919311523438,11.270865440368652
28.0,16.875,0.8121568560600281,291.3132629394531,10.931259155273438,140.3244171142578,11.270865440368652
29.0,16.875,0.7903692126274109,291.2901916503906,10.940455436706543,140.32012939453125,11.270865440368652
30.0,16.875,0.769286572933197,291.26776123046875,10.949341773986816,140.31629943847656,11.270865440368652
31.0,16.875,0.7489254474639893,291.2460021972656,10.957927703857422,140.31289672851562,11.270865440368652
32.0,16.875,0.7292852401733398,291.22491455078125,10.966218948364258,140.30987548828125,11.270865440368652
33.0,16.875,0.6861168146133423,291.1848449707031,10.984421730041504,140.31707763671875,11.270865440368652
34.0,16.875,0.60554039478302,291.11517333984375,11.018402099609375,140.34132385253906,11.270865440368652
35.0,16.875,0.5407627820968628,291.0591125488281,11.045727729797363,140.3610382080078,11.270865440368652
36.0,16.875,0.4875713586807251,291.0130310058594,11.068161964416504,140.37742614746094,11.270865440368652
37.0,16.875,0.44454529881477356,290.9755859375,11.086297988891602,140.39064025878906,11.270865440368652
38.0,16.875,0.4290876090526581,290.96002197265625,11.092820167541504,140.39198303222656,11.270865440368652
39.0,16.875,0.4145098626613617,290.9452819824219,11.098966598510742,140.39337158203125,11.270865440368652
40.0,16.875,0.4007490873336792,290.9313049316406,11.104767799377441,140.39479064941406,11.270865440368652
41.0,16.875,0.38776102662086487,290.9180603027344,11.110249519348145,140.396240234375,11.270865440368652
42.0,16.875,0.3754580318927765,290.90545654296875,11.115433692932129,140.39772033691406,11.270865440368652
43.0,16.875,0.36382874846458435,290.89349365234375,11.120344161987305,140.3992156982422,11.270865440368652
44.0,16.875,0.35279548168182373,290.8821105957031,11.124998092651367,140.4007568359375,11.270865440368652
45.0,16.875,0.3423319160938263,290.8712463378906,11.129413604736328,140.40228271484375,11.270865440368652
46.0,16.875,0.3323762118816376,290.8608703613281,11.133607864379883,140.40383911132812,11.270865440368652
47.0,16.875,0.3229230046272278,290.8509826660156,11.137595176696777,140.40541076660156,11.270865440368652
48.0,16.875,0.31392616033554077,290.8415222167969,11.141388893127441,140.406982421875,11.270865440368652
49.0,16.875,0.3053743243217468,290.8324890136719,11.145000457763672,140.40855407714844,11.270865440368652
50.0,16.875,0.29720497131347656,290.8238220214844,11.148443222045898,140.41014099121094,11.270865440368652
51.0,16.875,0.289417564868927,290.8155212402344,11.151726722717285,140.41172790527344,11.270865440368652
52.0,16.875,0.28198251128196716,290.80755615234375,11.154860496520996,140.41331481933594,11.270865440368652
53.0,16.875,0.2748904824256897,290.7999267578125,11.157853126525879,140.41490173339844,11.270865440368652
54.0,16.875,0.2681126296520233,290.7926025390625,11.160714149475098,140.41648864746094,11.270865440368652
55.0,16.875,0.2616223096847534,290.7855529785156,11.163450241088867,140.41807556152344,11.270865440368652
56.0,16.875,0.2554115056991577,290.7787780761719,11.166069030761719,140.41966247558594,11.270865440368652
57.0,16.875,0.2494657337665558,290.7722473144531,11.16857624053955,140.42123413085938,11.270865440368652
58.0,16.875,0.24377328157424927,290.7659912109375,11.170979499816895,140.42282104492188,11.270865440368652
59.0,16.875,0.2382974624633789,290.7599182128906,11.173283576965332,140.4243927001953,11.270865440368652
60.0,16.875,0.23306673765182495,290.75408935546875,11.175493240356445,140.4259490966797,11.270865440368652
61.0,16.875,0.2280304878950119,290.7484436035156,11.177614212036133,140.42750549316406,11.270865440368652
62.0,16.875,0.22319906949996948,290.7430114746094,11.179651260375977,140.42906188964844,11.270865440368652
63.0,16.875,0.2185661792755127,290.73779296875,11.181608200073242,140.4306182861328,11.270865440368652
64.0,16.875,0.21411898732185364,290.73272705078125,11.183488845825195,140.43214416503906,11.270865440368652
65.0,16.875,0.20981813967227936,290.7278137207031,11.185297966003418,140.43368530273438,11.270865440368652
66.0,16.875,0.20568296313285828,290.7230529785156,11.18703842163086,140.43521118164062,11.270865440368652
67.0,16.875,0.2017110288143158,290.7184753417969,11.188713073730469,140.43673706054688,11.270865440368652
68.0,16.875,0.19788166880607605,290.7140197753906,11.190326690673828,140.43824768066406,11.270865440368652
69.0,16.875,0.19421803951263428,290.7097473144531,11.191880226135254,140.4397430419922,11.270865440368652
70.0,16.875,0.19066473841667175,290.70556640625,11.193377494812012,140.4412384033203,11.270865440368652
71.0,16.875,0.1872311383485794,290.7015075683594,11.19482135772705,140.44273376464844,11.270865440368652
72.0,16.875,0.18393827974796295,290.6976013183594,11.196212768554688,140.4442138671875,11.270865440368652
73.0,16.875,0.18074604868888855,290.69378662109375,11.197555541992188,140.44569396972656,11.270865440368652
74.0,16.875,0.17767545580863953,290.6900939941406,11.198851585388184,140.44715881347656,11.270865440368652
75.0,16.875,0.1747100055217743,290.6865234375,11.200102806091309,140.44862365722656,11.270865440368652
76.0,16.875,0.17183950543403625,290.6830139160156,11.201311111450195,140.4500732421875,11.270865440368652
77.0,16.875,0.16908115148544312,290.67962646484375,11.202478408813477,140.45150756835938,11.270865440368652
78.0,16.875,0.16640962660312653,290.67633056640625,11.203605651855469,140.45294189453125,11.270865440368652
79.0,16.875,0.16382157802581787,290.6731262207031,11.204695701599121,140.45437622070312,11.270865440368652
80.0,16.875,0.16132807731628418,290.6700134277344,11.205748558044434,140.45579528808594,11.270865440368652
81.0,16.875,0.15890520811080933,290.6669616699219,11.206767082214355,140.45721435546875,11.270865440368652
82.0,16.875,0.15657870471477509,290.6640319824219,11.207752227783203,140.4586181640625,11.270865440368652
83.0,16.875,0.15431147813796997,290.6611328125,11.20870590209961,140.46002197265625,11.270865440368652
84.0,16.875,0.1521291583776474,290.6583251953125,11.209628105163574,140.46141052246094,11.270865440368652
85.0,16.875,0.1500013768672943,290.6556091308594,11.21052074432373,140.4628143310547,11.270865440368652
86.0,16.875,0.14795583486557007,290.6529235839844,11.211384773254395,140.4641876220703,11.270865440368652
87.0,16.875,0.14597418904304504,290.65032958984375,11.212221145629883,140.46556091308594,11.270865440368652
88.0,16.875,0.14404922723770142,290.6477966308594,11.213030815124512,140.46693420410156,11.270865440368652
89.0,16.875,0.14219246804714203,290.64532470703125,11.213815689086914,140.46829223632812,11.270865440368652
90.0,16.875,0.14038875699043274,290.6429138183594,11.21457576751709,140.4696502685547,11.270865440368652
91.0,16.875,0.13864997029304504,290.64056396484375,11.215312004089355,140.4709930419922,11.270865440368652
92.0,16.875,0.1369583010673523,290.63824462890625,11.216025352478027,140.4723358154297,11.270865440368652
93.0,16.875,0.13531477749347687,290.635986328125,11.216716766357422,140.4736785888672,11.270865440368652
94.0,16.875,0.13373155891895294,290.6337890625,11.217386245727539,140.47500610351562,11.270865440368652
95.0,16.875,0.13219238817691803,290.63165283203125,11.218035697937012,140.47633361816406,11.270865440368652
96.0,16.875,0.13069531321525574,290.6295471191406,11.21866512298584,140.4776611328125,11.270865440368652
97.0,16.875,0.12925314903259277,290.62750244140625,11.21927547454834,140.47897338867188,11.270865440368652
98.0,16.875,0.12785105407238007,290.62548828125,11.219866752624512,140.48028564453125,11.270865440368652
99.0,16.875,0.1265684962272644,290.62353515625,11.220410346984863,140.4815216064453,11.270865440368652
100.0,16.875,0.12532728910446167,290.6216125488281,11.220927238464355,140.48275756835938,11.270865440368652
101.0,16.875,0.12414971739053726,290.6197204589844,11.221428871154785,140.4839630126953,11.270865440368652
102.0,16.875,0.12299374490976334,290.61785888671875,11.221915245056152,140.4851837158203,11.270865440368652
103.0,16.875,0.12187224626541138,290.61602783203125,11.222387313842773,140.4864044189453,11.270865440368652
104.0,16.875,0.12079423666000366,290.6142578125,11.222846031188965,140.48760986328125,11.270865440368652
105.0,16.875,0.11973893642425537,290.61248779296875,11.22329044342041,140.48883056640625,11.270865440368652
106.0,16.875,0.1187111884355545,290.61077880859375,11.223721504211426,140.49005126953125,11.270865440368652
107.0,16.875,0.11771402508020401,290.6091003417969,11.224139213562012,140.49127197265625,11.270865440368652
108.0,16.875,0.11675992608070374,290.6074523925781,11.224544525146484,140.4924774169922,11.270865440368652
109.0,16.875,0.11582103371620178,290.6058349609375,11.224937438964844,140.4936981201172,11.270865440368652
110.0,16.875,0.11492329835891724,290.604248046875,11.225318908691406,140.49490356445312,11.270865440368652
111.0,16.875,0.11403942853212357,290.6026916503906,11.225687980651855,140.49612426757812,11.270865440368652
112.0,16.875,0.11320216953754425,290.60113525390625,11.226046562194824,140.49732971191406,11.270865440368652
113.0,16.875,0.11238326132297516,290.5996398925781,11.226393699645996,140.49853515625,11.270865440368652
114.0,16.875,0.11157573014497757,290.5981750488281,11.226729393005371,140.499755859375,11.270865440368652
115.0,16.875,0.11080057919025421,290.5967102050781,11.227054595947266,140.5009765625,11.270865440368652
116.0,16.875,0.11006210744380951,290.59527587890625,11.22736930847168,140.50218200683594,11.270865440368652
117.0,16.875,0.10933297872543335,290.5938720703125,11.22767448425293,140.50340270996094,11.270865440368652
118.0,16.875,0.10863872617483139,290.5924987792969,11.2279691696167,140.50460815429688,11.270865440368652
119.0,16.875,0.10796260833740234,290.59112548828125,11.228255271911621,140.50582885742188,11.270865440368652
120.0,16.875,0.1072966530919075,290.5898132324219,11.228530883789062,140.50704956054688,11.270865440368652
121.0,16.875,0.10667397826910019,290.5885009765625,11.22879695892334,140.5082550048828,11.270865440368652
122.0,16.875,0.10606937855482101,290.5871887207031,11.22905445098877,140.5094757080078,11.270865440368652
123.0,16.875,0.10547119379043579,290.5859375,11.229303359985352,140.5106964111328,11.270865440368652
124.0,16.875,0.10491558909416199,290.5846862792969,11.22954273223877,140.51190185546875,11.270865440368652
125.0,16.875,0.10436470806598663,290.5834655761719,11.22977352142334,140.51312255859375,11.270865440368652
126.0,16.875,0.10382962971925735,290.582275390625,11.229996681213379,140.51434326171875,11.270865440368652
127.0,16.875,0.10331213474273682,290.5810852050781,11.23021125793457,140.5155792236328,11.270865440368652
128.0,16.875,0.10284827649593353,290.57989501953125,11.230417251586914,140.51678466796875,11.270865440368652
129.0,16.875,0.102360799908638,290.5787658691406,11.230615615844727,140.5180206298828,11.270865440368652
130.0,16.875,0.10190212726593018,290.57763671875,11.230806350708008,140.51925659179688,11.270865440368652
131.0,16.875,0.10146860778331757,290.5765380859375,11.230988502502441,140.52047729492188,11.270865440368652
132.0,16.875,0.10105182230472565,290.575439453125,11.23116397857666,140.52171325683594,11.270865440368652
133.0,16.875,0.10064748674631119,290.5743713378906,11.231331825256348,140.52294921875,11.270865440368652
134.0,16.875,0.10029949247837067,290.5732727050781,11.231492042541504,140.524169921875,11.270865440368652
135.0,16.875,0.0999353677034378,290.5722351074219,11.231644630432129,140.52540588378906,11.270865440368652
136.0,16.875,0.09957078099250793,290.57122802734375,11.231790542602539,140.5266571044922,11.270865440368652
137.0,16.875,0.09924478828907013,290.5702209472656,11.231928825378418,140.52789306640625,11.270865440368652
138.0,16.875,0.09893609583377838,290.5692138671875,11.232060432434082,140.52914428710938,11.270865440368652
139.0,16.875,0.09863680601119995,290.5682373046875,11.232185363769531,140.5303955078125,11.270865440368652
140.0,16.875,0.09834611415863037,290.5672912597656,11.232303619384766,140.53164672851562,11.270865440368652
141.0,16.875,0.09808299690485,290.56634521484375,11.232414245605469,140.53289794921875,11.270865440368652
142.0,16.875,0.0978468582034111,290.5653991699219,11.232519149780273,140.53414916992188,11.270865440368652
143.0,16.875,0.09760907292366028,290.5644836425781,11.232616424560547,140.53541564941406,11.270865440368652
144.0,16.875,0.0973982959985733,290.5635681152344,11.232707977294922,140.53668212890625,11.270865440368652
145.0,16.875,0.09719431400299072,290.56268310546875,11.232792854309082,140.53794860839844,11.270865440368652
146.0,16.875,0.09701739251613617,290.5617980957031,11.232871055603027,140.53921508789062,11.270865440368652
147.0,16.875,0.09683750569820404,290.5609436035156,11.232942581176758,140.54049682617188,11.270865440368652
148.0,16.875,0.0966842994093895,290.5600891113281,11.23300838470459,140.54177856445312,11.270865440368652
149.0,16.875,0.09653627872467041,290.55926513671875,11.233067512512207,140.54306030273438,11.270865440368652
150.0,16.875,0.09641499072313309,290.5584411621094,11.23311996459961,140.54434204101562,11.270865440368652
151.0,16.875,0.09631207585334778,290.5576171875,11.233166694641113,140.54563903808594,11.270865440368652
152.0,16.875,0.09622862935066223,290.5567932128906,11.233206748962402,140.5469512939453,11.270865440368652
153.0,16.875,0.09615699201822281,290.5559997558594,11.233241081237793,140.54824829101562,11.270865440368652
154.0,16.875,0.09608139842748642,290.55523681640625,11.233268737792969,140.549560546875,11.270865440368652
155.0,16.875,0.0960085391998291,290.55450439453125,11.233290672302246,140.55087280273438,11.270865440368652
156.0,16.875,0.09597845375537872,290.5537414550781,11.233306884765625,140.5522003173828,11.270865440368652
157.0,16.875,0.09594149887561798,290.5530090332031,11.23332405090332,140.5535430908203,11.270865440368652
158.0,16.875,0.09586599469184875,290.5523376464844,11.233359336853027,140.55490112304688,11.270865440368652
159.0,16.875,0.09578628838062286,290.55169677734375,11.23338794708252,140.5562744140625,11.270865440368652
160.0,16.875,0.09573293477296829,290.5510559082031,11.233410835266113,140.55764770507812,11.270865440368652
161.0,16.875,0.09570635855197906,290.5504150390625,11.233427047729492,140.55902099609375,11.270865440368652
162.0,16.875,0.09567528963088989,290.5498046875,11.233437538146973,140.56040954589844,11.270865440368652
163.0,16.875,0.09567654877901077,290.5491943359375,11.233441352844238,140.56178283691406,11.270865440368652
164.0,16.875,0.09566770493984222,290.5486145019531,11.233439445495605,140.5631866455078,11.270865440368652
165.0,16.875,0.09568579494953156,290.54803466796875,11.233430862426758,140.56459045410156,11.270865440368652
166.0,16.875,0.09573039412498474,290.5474548339844,11.233416557312012,140.5659942626953,11.270865440368652
167.0,16.875,0.09577576816082001,290.5469055175781,11.23339557647705,140.56739807128906,11.270865440368652
168.0,16.875,0.09584289789199829,290.5463562011719,11.233368873596191,140.56881713867188,11.270865440368652
169.0,16.875,0.09593693912029266,290.5458068847656,11.233335494995117,140.5702362060547,11.270865440368652
170.0,16.875,0.09602735936641693,290.5452880859375,11.233295440673828,140.57167053222656,11.270865440368652
171.0,16.875,0.09611766040325165,290.5447998046875,11.23324966430664,140.57310485839844,11.270865440368652
172.0,16.875,0.09623114764690399,290.5443115234375,11.233197212219238,140.57455444335938,11.270865440368652
173.0,16.875,0.09637480974197388,290.5438232421875,11.233138084411621,140.57598876953125,11.270865440368652
174.0,16.875,0.09653856605291367,290.5433349609375,11.233073234558105,140.57745361328125,11.270865440368652
175.0,16.875,0.09670242667198181,290.5428771972656,11.233001708984375,140.57891845703125,11.270865440368652
176.0,16.875,0.09689319878816605,290.54241943359375,11.23292350769043,140.58038330078125,11.270865440368652
177.0,16.875,0.09710808098316193,290.5419616699219,11.232839584350586,140.5818634033203,11.270865440368652
178.0,16.875,0.0973210334777832,290.5415344238281,11.232748031616211,140.58335876464844,11.270865440368652
179.0,16.875,0.0975608304142952,290.5411071777344,11.232650756835938,140.58485412597656,11.270865440368652
180.0,16.875,0.09779904782772064,290.54071044921875,11.232545852661133,140.58636474609375,11.270865440368652
181.0,16.875,0.09803565591573715,290.54034423828125,11.232434272766113,140.587890625,11.270865440368652
182.0,16.875,0.09832832217216492,290.5399475097656,11.232316017150879,140.5894012451172,11.270865440368652
183.0,16.875,0.09864618629217148,290.53955078125,11.23219108581543,140.5909423828125,11.270865440368652
184.0,16.875,0.09893572330474854,290.5392150878906,11.232059478759766,140.59249877929688,11.270865440368652
185.0,16.875,0.09928102791309357,290.5388488769531,11.23192024230957,140.59405517578125,11.270865440368652
186.0,16.875,0.09962644428014755,290.53851318359375,11.231773376464844,140.5956268310547,11.270865440368652
187.0,16.875,0.09999953210353851,290.5381774902344,11.231619834899902,140.59719848632812,11.270865440368652
188.0,16.875,0.10037354379892349,290.5378723144531,11.23145866394043,140.5988006591797,11.270865440368652
189.0,16.875,0.10077564418315887,290.5375671386719,11.231290817260742,140.60040283203125,11.270865440368652
190.0,16.875,0.10117959976196289,290.53729248046875,11.231114387512207,140.60202026367188,11.270865440368652
191.0,16.875,0.10161197185516357,290.5370178222656,11.23093032836914,140.6036376953125,11.270865440368652
192.0,16.875,0.10207515209913254,290.5367431640625,11.230738639831543,140.60528564453125,11.270865440368652
193.0,16.875,0.1025395467877388,290.5364990234375,11.230539321899414,140.60693359375,11.270865440368652
194.0,16.875,0.10303647071123123,290.5362548828125,11.230331420898438,140.60861206054688,11.270865440368652
195.0,16.875,0.1035628467798233,290.5360107421875,11.230114936828613,140.61029052734375,11.270865440368652
196.0,16.875,0.10409288108348846,290.5357971191406,11.229890823364258,140.6119842529297,11.270865440368652
197.0,16.875,0.10463051497936249,290.5356140136719,11.229657173156738,140.61370849609375,11.270865440368652
198.0,16.875,0.10522761195898056,290.535400390625,11.229415893554688,140.61544799804688,11.270865440368652
199.0,16.875,0.10580094158649445,290.5352478027344,11.229165077209473,140.6171875,11.270865440368652
200.0,16.875,0.10643421113491058,290.5350646972656,11.22890567779541,140.6189422607422,11.270865440368652
201.0,16.875,0.10705089569091797,290.5349426269531,11.228636741638184,140.6207275390625,11.270865440368652
202.0,16.875,0.10772885382175446,290.5347900390625,11.228358268737793,140.62252807617188,11.270865440368652
203.0,16.875,0.10841488838195801,290.53466796875,11.228070259094238,140.6243438720703,11.270865440368652
204.0,16.875,0.10914518684148788,290.5345458984375,11.227750778198242,140.6261749267578,11.270865440368652
205.0,16.875,0.10997716337442398,290.53436279296875,11.227409362792969,140.6280517578125,11.270865440368652
206.0,16.875,0.11079803854227066,290.53424072265625,11.227056503295898,140.6299591064453,11.270865440368652
207.0,16.875,0.11165641993284225,290.53411865234375,11.226692199707031,140.6318817138672,11.270865440368652
208.0,16.875,0.11255234479904175,290.53399658203125,11.226316452026367,140.63381958007812,11.270865440368652
209.0,16.875,0.11347134411334991,290.5339050292969,11.22592830657959,140.63580322265625,11.270865440368652
210.0,16.875,0.11442398279905319,290.5338134765625,11.2255277633667,140.63778686523438,11.270865440368652
211.0,16.875,0.11542724072933197,290.5337219238281,11.225113868713379,140.6398162841797,11.270865440368652
212.0,16.875,0.11642609536647797,290.53369140625,11.224687576293945,140.64187622070312,11.270865440368652
213.0,16.875,0.11746596544981003,290.5336608886719,11.224247932434082,140.64395141601562,11.270865440368652
214.0,16.875,0.11855357140302658,290.53363037109375,11.223793983459473,140.64605712890625,11.270865440368652
215.0,16.875,0.11966507136821747,290.53363037109375,11.223325729370117,140.648193359375,11.270865440368652
216.0,16.875,0.12080202996730804,290.5336608886719,11.2228422164917,140.65036010742188,11.270865440368652
217.0,16.875,0.1219889372587204,290.53369140625,11.222344398498535,140.65255737304688,11.270865440368652
218.0,16.875,0.12320341914892197,290.53375244140625,11.221830368041992,140.65478515625,11.270865440368652
219.0,16.875,0.12445361167192459,290.5338439941406,11.221301078796387,140.6570587158203,11.270865440368652
220.0,16.875,0.1257500797510147,290.533935546875,11.22075366973877,140.6593475341797,11.270865440368652
221.0,16.875,0.12709252536296844,290.5340576171875,11.220190048217773,140.6616973876953,11.270865440368652
222.0,16.875,0.12845933437347412,290.5342102050781,11.219609260559082,140.6640625,11.270865440368652
223.0,16.875,0.12989041209220886,290.53436279296875,11.219009399414062,140.66647338867188,11.270865440368652
224.0,16.875,0.13136456906795502,290.5345458984375,11.218390464782715,140.66893005371094,11.270865440368652
225.0,16.875,0.13287463784217834,290.5347595214844,11.217752456665039,140.67141723632812,11.270865440368652
226.0,16.875,0.13443073630332947,290.5350036621094,11.217094421386719,140.6739501953125,11.270865440368652
227.0,16.875,0.13603475689888,290.5352783203125,11.216415405273438,140.67652893066406,11.270865440368652
228.0,16.875,0.1377091109752655,290.5355529785156,11.215714454650879,140.6791534423828,11.270865440368652
229.0,16.875,0.13941386342048645,290.535888671875,11.214990615844727,140.68182373046875,11.270865440368652
230.0,16.875,0.14119139313697815,290.5362243652344,11.21424388885498,140.68453979492188,11.270865440368652
231.0,16.875,0.14302262663841248,290.5365905761719,11.213473320007324,140.6873016357422,11.270865440368652
232.0,16.875,0.14489971101284027,290.5370178222656,11.212677955627441,140.69012451171875,11.270865440368652
233.0,16.875,0.14685407280921936,290.5374450683594,11.2118558883667,140.6929931640625,11.270865440368652
234.0,16.875,0.14885827898979187,290.5379333496094,11.211008071899414,140.6959228515625,11.270865440368652
235.0,16.875,0.15095314383506775,290.5384216308594,11.21013069152832,140.69891357421875,11.270865440368652
236.0,16.875,0.153084397315979,290.53900146484375,11.20922565460205,140.70196533203125,11.270865440368652
237.0,16.875,0.15531636774539948,290.53955078125,11.208290100097656,140.70506286621094,11.270865440368652
238.0,16.875,0.15760104358196259,290.5401916503906,11.20732307434082,140.70823669433594,11.270865440368652
239.0,16.875,0.1599653661251068,290.5408630371094,11.206323623657227,140.7114715576172,11.270865440368652
240.0,16.875,0.16242241859436035,290.54156494140625,11.205289840698242,140.71478271484375,11.270865440368652
241.0,16.875,0.16494721174240112,290.5423278808594,11.204219818115234,140.71815490722656,11.270865440368652
242.0,16.875,0.16757994890213013,290.5431213378906,11.20311450958252,140.72161865234375,11.270865440368652
243.0,16.875,0.1702975630760193,290.5439758300781,11.201969146728516,140.72515869140625,11.270865440368652
244.0,16.875,0.1731051504611969,290.54486083984375,11.200784683227539,140.728759765625,11.270865440368652
245.0,16.875,0.1760256290435791,290.5458068847656,11.19955825805664,140.7324676513672,11.270865440368652
246.0,16.875,0.1790253221988678,290.5468444824219,11.198287010192871,140.7362518310547,11.270865440368652
247.0,16.875,0.18214669823646545,290.54791259765625,11.19697093963623,140.74012756347656,11.270865440368652
248.0,16.875,0.18537937104701996,290.5490417480469,11.195606231689453,140.7440948486328,11.270865440368652
249.0,16.875,0.18873819708824158,290.55023193359375,11.194191932678223,140.7481689453125,11.270865440368652
250.0,16.875,0.1922144889831543,290.551513671875,11.19272518157959,140.75234985351562,11.270865440368652
251.0,16.875,0.1958124190568924,290.5528564453125,11.191203117370605,140.75662231445312,11.270865440368652
252.0,16.875,0.19955971837043762,290.55426025390625,11.189623832702637,140.76101684570312,11.270865440368652
253.0,16.875,0.20344935357570648,290.5557556152344,11.187983512878418,140.76553344726562,11.270865440368652
254.0,16.875,0.20749600231647491,290.55731201171875,11.186280250549316,140.77017211914062,11.270865440368652
255.0,16.875,0.21168303489685059,290.5589904785156,11.184510231018066,140.77493286132812,11.270865440368652
256.0,16.875,0.21606120467185974,290.56072998046875,11.182670593261719,140.77984619140625,11.270865440368652
257.0,16.875,0.22059006989002228,290.5625915527344,11.180756568908691,140.78488159179688,11.270865440368652
258.0,16.875,0.225310280919075,290.5645446777344,11.178764343261719,140.79006958007812,11.270865440368652
259.0,16.875,0.23023086786270142,290.5666198730469,11.176691055297852,140.79542541503906,11.270865440368652
260.0,16.875,0.23535262048244476,290.56878662109375,11.174531936645508,140.80093383789062,11.270865440368652
261.0,16.875,0.24069972336292267,290.5710754394531,11.172281265258789,140.80662536621094,11.270865440368652
262.0,16.875,0.24625787138938904,290.5735168457031,11.169934272766113,140.81248474121094,11.270865440368652
263.0,16.875,0.2520672082901001,290.5760803222656,11.167486190795898,140.81854248046875,11.270865440368652
264.0,16.875,0.2581087648868561,290.5788269042969,11.16493034362793,140.8247833251953,11.270865440368652
265.0,16.875,0.2644478380680084,290.5816650390625,11.162261009216309,140.8312530517578,11.270865440368652
266.0,16.875,0.2710559070110321,290.584716796875,11.159470558166504,140.8379364013672,11.270865440368652
267.0,16.875,0.27797892689704895,290.5879211425781,11.1565523147583,140.84486389160156,11.270865440368652
268.0,16.875,0.28522002696990967,290.59130859375,11.153498649597168,140.85203552246094,11.270865440368652
269.0,16.875,0.2928121089935303,290.59490966796875,11.150300025939941,140.85948181152344,11.270865440368652
270.0,16.875,0.30075109004974365,290.5987243652344,11.146947860717773,140.8671875,11.270865440368652
271.0,16.875,0.30908799171447754,290.6027526855469,11.1434326171875,140.8751983642578,11.270865440368652
272.0,16.875,0.3178449273109436,290.6070251464844,11.139741897583008,140.88352966308594,11.270865440368652
273.0,16.875,0.3270326852798462,290.6115417480469,11.135865211486816,140.89218139648438,11.270865440368652
274.0,16.875,0.33670324087142944,290.6163330078125,11.13178825378418,140.9011993408203,11.270865440368652
275.0,16.875,0.34688103199005127,290.6214599609375,11.127498626708984,140.9105987548828,11.270865440368652
276.0,16.875,0.356791615486145,290.62689208984375,11.123311996459961,140.91966247558594,11.270865440368652
277.0,16.875,0.3656095862388611,290.63262939453125,11.11959457397461,140.92764282226562,11.270865440368652
278.0,16.875,0.37476271390914917,290.638671875,11.115734100341797,140.93582153320312,11.270865440368652
279.0,16.875,0.384273499250412,290.6449890136719,11.111724853515625,140.9442138671875,11.270865440368652
280.0,16.875,0.39415231347084045,290.651611328125,11.107559204101562,140.95281982421875,11.270865440368652
281.0,16.875,0.4044126570224762,290.6585998535156,11.103231430053711,140.96163940429688,11.270865440368652
282.0,16.875,0.41507798433303833,290.6659240722656,11.098732948303223,140.97068786621094,11.270865440368652
283.0,16.875,0.4261612594127655,290.6736145019531,11.094057083129883,140.97996520996094,11.270865440368652
284.0,16.875,0.4376908838748932,290.68170166015625,11.08919620513916,140.98948669433594,11.270865440368652
285.0,16.875,0.44967901706695557,290.690185546875,11.084141731262207,140.99925231933594,11.270865440368652
286.0,16.875,0.4621325731277466,290.6991271972656,11.078886032104492,141.00924682617188,11.270865440368652
287.0,16.875,0.47508758306503296,290.70849609375,11.073420524597168,141.01950073242188,11.270865440368652
288.0,16.875,0.4885812997817993,290.7183532714844,11.067734718322754,141.030029296875,11.270865440368652
289.0,16.875,0.502593457698822,290.7286682128906,11.061821937561035,141.04080200195312,11.270865440368652
290.0,16.875,0.5171898603439331,290.73956298828125,11.055671691894531,141.05184936523438,11.270865440368652
291.0,16.875,0.5323396325111389,290.7509460449219,11.049274444580078,141.06314086914062,11.270865440368652
292.0,16.875,0.5481323003768921,290.7629699707031,11.042620658874512,141.07472229003906,11.270865440368652
293.0,16.875,0.5645359754562378,290.7755432128906,11.035699844360352,141.08656311035156,11.270865440368652
294.0,16.875,0.5815970301628113,290.7887878417969,11.02850341796875,141.09866333007812,11.270865440368652
295.0,16.875,0.5993378162384033,290.80267333984375,11.021021842956543,141.1110382080078,11.270865440368652
296.0,16.875,0.6177798509597778,290.8172607421875,11.01324462890625,141.12367248535156,11.270865440368652
297.0,16.875,0.6369403600692749,290.8325500488281,11.005163192749023,141.13656616210938,11.270865440368652
298.0,16.875,0.6568537950515747,290.8486328125,10.9967679977417,141.1497039794922,11.270865440368652
299.0,16.875,0.6775158643722534,290.865478515625,10.988051414489746,141.16307067871094,11.270865440368652
300.0,16.875,0.698967456817627,290.88311767578125,10.979005813598633,141.1766815185547,11.270865440368652
301.0,16.875,0.7211990356445312,290.901611328125,10.969622611999512,141.1904754638672,11.270865440368652
302.0,16.875,0.7442653179168701,290.9210205078125,10.959897994995117,141.2044677734375,11.270865440368652
303.0,16.875,0.7662976980209351,290.9405517578125,10.950608253479004,141.21713256835938,11.270865440368652
304.0,16.875,0.7874215841293335,290.9602355957031,10.941699981689453,141.2285614013672,11.270865440368652
305.0,16.875,0.8091462850570679,290.98065185546875,10.932536125183105,141.23997497558594,11.270865440368652
306.0,16.875,0.8314769268035889,291.0018615722656,10.923118591308594,141.25132751464844,11.270865440368652
307.0,16.875,0.8544034957885742,291.0238342285156,10.913451194763184,141.26260375976562,11.270865440368652
308.0,16.875,0.8779069781303406,291.0466003417969,10.903539657592773,141.27374267578125,11.270865440368652
309.0,16.875,0.9019641280174255,291.07012939453125,10.893390655517578,141.2847137451172,11.270865440368652
310.0,16.875,0.9265793561935425,291.0944519042969,10.883015632629395,141.2954864501953,11.270865440368652
311.0,16.875,0.9516775608062744,291.1195068359375,10.87242603302002,141.3059844970703,11.270865440368652
312.0,16.875,0.9772573709487915,291.1453552246094,10.8616361618042,141.31614685058594,11.270865440368652
313.0,16.875,1.0032583475112915,291.1719055175781,10.850667953491211,141.32594299316406,11.270865440368652
314.0,16.875,1.02965247631073,291.1991882324219,10.839540481567383,141.33529663085938,11.270865440368652
315.0,16.875,1.0518300533294678,291.22454833984375,10.830183982849121,141.3409423828125,11.270865440368652
316.0,16.875,1.0705897808074951,291.2483215332031,10.822275161743164,141.34352111816406,11.270865440368652
317.0,16.875,1.089057207107544,291.2721862792969,10.814482688903809,141.3452911376953,11.270865440368652
318.0,16.875,1.1071970462799072,291.29608154296875,10.80683708190918,141.34625244140625,11.270865440368652
319.0,16.875,1.1249006986618042,291.3199462890625,10.799367904663086,141.34629821777344,11.270865440368652
320.0,16.875,1.1421215534210205,291.3437194824219,10.792106628417969,141.3454132080078,11.270865440368652
321.0,16.875,1.1804919242858887,291.3811340332031,10.775920867919922,141.35757446289062,11.270865440368652
322.0,16.875,1.2220571041107178,291.4212646484375,10.758389472961426,141.37066650390625,11.270865440368652
323.0,16.875,1.2653453350067139,291.46319580078125,10.740129470825195,141.3836669921875,11.270865440368652
324.0,16.875,1.3104380369186401,291.5070495605469,10.721123695373535,141.39651489257812,11.270865440368652
325.0,16.875,1.357285976409912,291.5527648925781,10.701361656188965,141.4091339111328,11.270865440368652
326.0,16.875,1.4059438705444336,291.6004333496094,10.680832862854004,141.42144775390625,11.270865440368652
327.0,16.875,1.4564558267593384,291.6501159667969,10.659534454345703,141.4333953857422,11.270865440368652
328.0,16.875,1.5087618827819824,291.7017517089844,10.637470245361328,141.44488525390625,11.270865440368652
329.0,16.875,1.5628838539123535,291.75543212890625,10.61465072631836,141.45578002929688,11.270865440368652
330.0,16.875,1.618725061416626,291.81103515625,10.591094017028809,141.46600341796875,11.270865440368652
331.0,16.875,1.6762621402740479,291.86859130859375,10.566829681396484,141.4754180908203,11.270865440368652
332.0,16.875,1.7353812456130981,291.9280090332031,10.541897773742676,141.48388671875,11.270865440368652
333.0,16.875,1.7959647178649902,291.98919677734375,10.516352653503418,141.49127197265625,11.270865440368652
334.0,16.875,1.8578293323516846,292.052001953125,10.490262985229492,141.49740600585938,11.270865440368652
335.0,16.875,1.899245262145996,292.0995788574219,10.472792625427246,141.49197387695312,11.270865440368652
336.0,16.875,1.9148120880126953,292.1271667480469,10.466217994689941,141.47329711914062,11.270865440368652
337.0,16.875,1.928195834159851,292.15283203125,10.460582733154297,141.4529571533203,11.270865440368652
338.0,16.875,1.9392341375350952,292.1763610839844,10.45592975616455,141.4309844970703,11.270865440368652
339.0,16.875,1.9478243589401245,292.1976013183594,10.452296257019043,141.40744018554688,11.270865440368652
340.0,16.875,1.9539690017700195,292.2165222167969,10.449710845947266,141.3824005126953,11.270865440368652
341.0,16.875,1.9575541019439697,292.2329406738281,10.44819450378418,141.35595703125,11.270865440368652
342.0,16.875,1.9586057662963867,292.246826171875,10.447759628295898,141.3282470703125,11.270865440368652
343.0,16.875,1.957046389579773,292.258056640625,10.448409080505371,141.29933166503906,11.270865440368652
344.0,16.875,1.952963948249817,292.26666259765625,10.450138092041016,141.26937866210938,11.270865440368652
345.0,16.875,1.9463272094726562,292.2725524902344,10.452933311462402,141.23851013183594,11.270865440368652
346.0,16.875,1.9372339248657227,292.2757873535156,10.456770896911621,141.20684814453125,11.270865440368652
347.0,16.875,1.925718069076538,292.2763366699219,10.461621284484863,141.174560546875,11.270865440368652
348.0,16.875,1.911933183670044,292.2743225097656,10.467446327209473,141.14178466796875,11.270865440368652
349.0,16.875,1.8959020376205444,292.26971435546875,10.474201202392578,141.10865783691406,11.270865440368652
350.0,16.875,1.877777338027954,292.26263427734375,10.48183536529541,141.0753173828125,11.270865440368652
351.0,16.875,1.8577414751052856,292.25323486328125,10.490293502807617,141.0419158935547,11.270865440368652
352.0,16.875,1.8358657360076904,292.2415466308594,10.499515533447266,141.0085906982422,11.270865440368652
353.0,16.875,1.8123480081558228,292.2277526855469,10.509439468383789,140.9754638671875,11.270865440368652
354.0,16.875,1.7873027324676514,292.2119445800781,10.519999504089355,140.94264221191406,11.270865440368652
355.0,16.875,1.7608973979949951,292.19427490234375,10.531131744384766,140.91024780273438,11.270865440368652
356.0,16.875,1.733323097229004,292.1749267578125,10.542769432067871,140.87838745117188,11.270865440368652
357.0,16.875,1.7046838998794556,292.15399169921875,10.554845809936523,140.84715270996094,11.270865440368652
358.0,16.875,1.6751586198806763,292.13165283203125,10.567296981811523,140.8166046142578,11.270865440368652
359.0,16.875,1.6448734998703003,292.1080322265625,10.580060958862305,140.78683471679688,11.270865440368652
0.0,11.25,1.9911158084869385,292.42315673828125,10.457643508911133,140.87704467773438,11.270865440368652
1.0,11.25,1.949613332748413,292.3902893066406,10.474656105041504,140.84048461914062,11.270865440368652
2.0,11.25,1.9074515104293823,292.3561096191406,10.49194049835205,140.80506896972656,11.270865440368652
3.0,11.25,1.8648114204406738,292.32080078125,10.509410858154297,140.77090454101562,11.270865440368652
4.0,11.25,1.821942687034607,292.2846374511719,10.52699089050293,140.73800659179688,11.270865440368652
5.0,11.25,1.778959035873413,292.24774169921875,10.544605255126953,140.70643615722656,11.270865440368652
6.0,11.25,1.7360750436782837,292.2103576660156,10.562190055847168,140.67617797851562,11.270865440368652
7.0,11.25,1.6933693885803223,292.1725769042969,10.57968521118164,140.64727783203125,11.270865440368652
8.0,11.25,1.6545029878616333,292.1377868652344,10.595616340637207,140.61978149414062,11.270865440368652
9.0,11.25,1.6295469999313354,292.1152038574219,10.605840682983398,140.59349060058594,11.270865440368652
10.0,11.25,1.603806495666504,292.0914611816406,10.616402626037598,140.5679931640625,11.270865440368652
11.0,11.25,1.5773375034332275,292.0666198730469,10.627252578735352,140.54335021972656,11.270865440368652
12.0,11.25,1.5502777099609375,292.04083251953125,10.638341903686523,140.5196075439453,11.270865440368652
13.0,11.25,1.5227360725402832,292.01422119140625,10.649625778198242,140.49676513671875,11.270865440368652
14.0,11.25,1.4948445558547974,291.9869384765625,10.66106128692627,140.47488403320312,11.270865440368652
15.0,11.25,1.4666860103607178,291.9590759277344,10.672605514526367,140.45391845703125,11.270865440368652
16.0,11.25,1.4383323192596436,291.93072509765625,10.684221267700195,140.43392944335938,11.270865440368652
17.0,11.25,1.4099184274673462,291.90203857421875,10.695871353149414,140.41488647460938,11.270865440368652
18.0,11.25,1.3814897537231445,291.8730773925781,10.70752239227295,140.3968048095703,11.270865440368652
19.0,11.25,1.3531514406204224,291.8439636230469,10.719143867492676,140.37965393066406,11.270865440368652
20.0,11.25,1.3249210119247437,291.8147277832031,10.730708122253418,140.36343383789062,11.270865440368652
21.0,11.25,1.286081075668335,291.7758483886719,10.74663257598877,140.35020446777344,11.270865440368652
22.0,11.25,1.2321287393569946,291.72344970703125,10.768750190734863,140.34136962890625,11.270865440368652
23.0,11.25,1.1807712316513062,291.67340087890625,10.789793014526367,140.33372497558594,11.270865440368652
24.0,11.25,1.1319836378097534,291.6257019042969,10.809797286987305,140.32713317871094,11.270865440368652
25.0,11.25,1.0856270790100098,291.5802307128906,10.828800201416016,140.32150268554688,11.270865440368652
26.0,11.25,1.041614294052124,291.53692626953125,10.846842765808105,140.31675720214844,11.270865440368652
27.0,11.25,0.9998202919960022,291.49566650390625,10.863966941833496,140.31277465820312,11.270865440368652
28.0,11.25,0.9664778709411621,291.46185302734375,10.87763500213623,140.30764770507812,11.270865440368652
29.0,11.25,0.9371594190597534,291.43157958984375,10.889650344848633,140.30235290527344,11.270865440368652
30.0,11.25,0.9089759588241577,291.40234375,10.901201248168945,140.29763793945312,11.270865440368652
31.0,11.25,0.8819097280502319,291.3741455078125,10.91230297088623,140.29347229003906,11.270865440368652
32.0,11.25,0.855860710144043,291.3468933105469,10.922971725463867,140.2898406982422,11.270865440368652
33.0,11.25,0.8308553695678711,291.32061767578125,10.933222770690918,140.2866668701172,11.270865440368652
34.0,11.25,0.8068228960037231,291.2952575683594,10.943072319030762,140.283935546875,11.270865440368652
35.0,11.25,0.783750593662262,291.27081298828125,10.952534675598145,140.2816162109375,11.270865440368652
36.0,11.25,0.7615752816200256,291.2472229003906,10.961627006530762,140.27967834472656,11.270865440368652
37.0,11.25,0.7402313947677612,291.22442626953125,10.970362663269043,140.27810668945312,11.270865440368652
38.0,11.25,0.6882613897323608,291.1773681640625,10.991668701171875,140.2908172607422,11.270865440368652
39.0,11.25,0.6032761931419373,291.1048889160156,11.026507377624512,140.32015991210938,11.270865440368652
40.0,11.25,0.5358741283416748,291.04736328125,11.05413818359375,140.34365844726562,11.270865440368652
41.0,11.25,0.4811444878578186,291.0006103515625,11.07657241821289,140.36293029785156,11.270865440368652
42.0,11.25,0.4374266266822815,290.96307373046875,11.094489097595215,140.3782501220703,11.270865440368652
43.0,11.25,0.4219905734062195,290.94757080078125,11.10081958770752,140.38035583496094,11.270865440368652
44.0,11.25,0.4074457287788391,290.9328918457031,11.10677433013916,140.3824462890625,11.270865440368652
45.0,11.25,0.39376842975616455,290.9190368652344,11.112384796142578,140.384521484375,11.270865440368652
46.0,11.25,0.38086169958114624,290.9059143066406,11.11767578125,140.3865966796875,11.270865440368652
47.0,11.25,0.36866897344589233,290.8934631347656,11.122672080993652,140.38865661621094,11.270865440368652
48.0,11.25,0.3571281433105469,290.8816223144531,11.127396583557129,140.3907012939453,11.270865440368652
49.0,11.25,0.3462223708629608,290.8703918457031,11.131868362426758,140.39273071289062,11.270865440368652
50.0,11.25,0.3358922600746155,290.8597106933594,11.136106491088867,140.39474487304688,11.270865440368652
51.0,11.25,0.3260815739631653,290.8495178222656,11.14012622833252,140.39674377441406,11.270865440368652
52.0,11.25,0.3167761564254761,290.8398132324219,11.143943786621094,140.3987274169922,11.270865440368652
53.0,11.25,0.3079227805137634,290.8305358886719,11.147571563720703,140.40069580078125,11.270865440368652
54.0,11.25,0.29950958490371704,290.8216857910156,11.151021957397461,140.40264892578125,11.270865440368652
55.0,11.25,0.29149508476257324,290.8132019042969,11.154308319091797,140.40457153320312,11.270865440368652
56.0,11.25,0.2838499844074249,290.8050842285156,11.157439231872559,140.406494140625,11.270865440368652
57.0,11.25,0.27656522393226624,290.79730224609375,11.160425186157227,140.40838623046875,11.270865440368652
58.0,11.25,0.2696109414100647,290.78985595703125,11.163274765014648,140.4102783203125,11.270865440368652
59.0,11.25,0.26296254992485046,290.7826843261719,11.165996551513672,140.41213989257812,11.270865440368652
60.0,11.25,0.25661951303482056,290.77581787109375,11.168598175048828,140.4139862060547,11.270865440368652
61.0,11.25,0.250556081533432,290.76922607421875,11.171086311340332,140.4158172607422,11.270865440368652
62.0,11.25,0.24474753439426422,290.76287841796875,11.173467636108398,140.41763305664062,11.270865440368652
63.0,11.25,0.23918677866458893,290.75677490234375,11.175748825073242,140.41943359375,11.270865440368652
64.0,11.25,0.2338356375694275,290.7508544921875,11.177933692932129,140.4212188720703,11.270865440368652
65.0,11.25,0.22873535752296448,290.7452087402344,11.180028915405273,140.42298889160156,11.270865440368652
66.0,11.25,0.22381731867790222,290.7397155761719,11.182038307189941,140.42474365234375,11.270865440368652
67.0,11.25,0.21913322806358337,290.7344665527344,11.183967590332031,140.4264678955078,11.270865440368652
68.0,11.25,0.21460919082164764,290.7293701171875,11.185820579528809,140.42819213867188,11.270865440368652
69.0,11.25,0.21025297045707703,290.72442626953125,11.187601089477539,140.42990112304688,11.270865440368652
70.0,11.25,0.20609985291957855,290.7196960449219,11.189311981201172,140.43157958984375,11.270865440368652
71.0,11.25,0.20206692814826965,290.715087890625,11.190958023071289,140.4332733154297,11.270865440368652
72.0,11.25,0.19821320474147797,290.71063232421875,11.192541122436523,140.43492126464844,11.270865440368652
73.0,11.25,0.19449707865715027,290.7063293457031,11.19406509399414,140.4365692138672,11.270865440368652
74.0,11.25,0.19090187549591064,290.7021484375,11.19553279876709,140.43821716308594,11.270865440368652
75.0,11.25,0.18746070563793182,290.6981201171875,11.19694709777832,140.43983459472656,11.270865440368652
76.0,11.25,0.18414567410945892,290.6942138671875,11.198309898376465,140.44143676757812,11.270865440368652
77.0,11.25,0.18094268441200256,290.6903991699219,11.199624061584473,140.44302368164062,11.270865440368652
78.0,11.25,0.17784692347049713,290.68670654296875,11.20089054107666,140.44461059570312,11.270865440368652
79.0,11.25,0.17486688494682312,290.6831359863281,11.202113151550293,140.44618225097656,11.270865440368652
80.0,11.25,0.17197702825069427,290.6796569824219,11.203292846679688,140.44775390625,11.270865440368652
81.0,11.25,0.16920113563537598,290.67626953125,11.204431533813477,140.4492950439453,11.270865440368652
82.0,11.25,0.16651830077171326,290.6730041503906,11.205531120300293,140.45083618164062,11.270865440368652
83.0,11.25,0.16392236948013306,290.6697998046875,11.20659351348877,140.45236206054688,11.270865440368652
84.0,11.25,0.161419078707695,290.66668701171875,11.207620620727539,140.45387268066406,11.270865440368652
85.0,11.25,0.15899281203746796,290.6636657714844,11.208612442016602,140.45538330078125,11.270865440368652
86.0,11.25,0.1566675305366516,290.6607360839844,11.20957088470459,140.4568634033203,11.270865440368652
87.0,11.25,0.15439903736114502,290.65789794921875,11.210498809814453,140.45835876464844,11.270865440368652
88.0,11.25,0.15221554040908813,290.65509033203125,11.211395263671875,140.45982360839844,11.270865440368652
89.0,11.25,0.1500985026359558,290.6523742675781,11.212263107299805,140.46128845214844,11.270865440368652
90.0,11.25,0.14805467426776886,290.64971923828125,11.213102340698242,140.46273803710938,11.270865440368652
91.0,11.25,0.1460721343755722,290.64715576171875,11.21391487121582,140.4641876220703,11.270865440368652
92.0,11.25,0.14414134621620178,290.6446228027344,11.214700698852539,140.46563720703125,11.270865440368652
93.0,11.25,0.14229460060596466,290.6421813964844,11.215462684631348,140.46705627441406,11.270865440368652
94.0,11.25,0.1404855102300644,290.6398010253906,11.21619987487793,140.46849060058594,11.270865440368652
95.0,11.25,0.13875186443328857,290.637451171875,11.216913223266602,140.4698944091797,11.270865440368652
96.0,11.25,0.13706645369529724,290.6351623535156,11.217604637145996,140.47129821777344,11.270865440368652
97.0,11.25,0.13542766869068146,290.6329345703125,11.218274116516113,140.4727020263672,11.270865440368652
98.0,11.25,0.13384737074375153,290.6307678222656,11.21892261505127,140.47409057617188,11.270865440368652
99.0,11.25,0.13230958580970764,290.6286315917969,11.219551086425781,140.47547912597656,11.270865440368652
100.0,11.25,0.13082756102085114,290.62652587890625,11.220160484313965,140.4768524169922,11.270865440368652
101.0,11.25,0.12941712141036987,290.62451171875,11.22074031829834,140.4781951904297,11.270865440368652
102.0,11.25,0.1281135529279709,290.6225280761719,11.221271514892578,140.47947692871094,11.270865440368652
103.0,11.25,0.12686093151569366,290.6205749511719,11.221787452697754,140.48074340820312,11.270865440368652
104.0,11.25,0.125645250082016,290.61865234375,11.22228717803955,140.4820098876953,11.270865440368652
105.0,11.25,0.12446556240320206,290.61676025390625,11.222771644592285,140.4832763671875,11.270865440368652
106.0,11.25,0.12330368906259537,290.61492919921875,11.223241806030273,140.48455810546875,11.270865440368652
107.0,11.25,0.12220296263694763,290.6131286621094,11.223697662353516,140.48580932617188,11.270865440368652
108.0,11.25,0.12112095952033997,290.6113586425781,11.224140167236328,140.48707580566406,11.270865440368652
109.0,11.25,0.1200849711894989,290.609619140625,11.224568367004395,140.4883270263672,11.270865440368652
110.0,11.25,0.11906611919403076,290.60791015625,11.224984169006348,140.48959350585938,11.270865440368652
111.0,11.25,0.11807206273078918,290.60626220703125,11.225386619567871,140.49085998535156,11.270865440368652
112.0,11.25,0.11712606996297836,290.6046142578125,11.225777626037598,140.4921112060547,11.270865440368652
113.0,11.25,0.11620242893695831,290.60302734375,11.226155281066895,140.4933624267578,11.270865440368652
114.0,11.25,0.1153123527765274,290.6014404296875,11.226522445678711,140.49461364746094,11.270865440368652
115.0,11.25,0.11444958299398422,290.5998840332031,11.226877212524414,140.49586486816406,11.270865440368652
116.0,11.25,0.11360438168048859,290.598388671875,11.227221488952637,140.4971160888672,11.270865440368652
117.0,11.25,0.1128009557723999,290.59686279296875,11.227554321289062,140.4983673095703,11.270865440368652
118.0,11.25,0.1120135635137558,290.59539794921875,11.227876663208008,140.49961853027344,11.270865440368652
119.0,11.25,0.11124963313341141,290.5939636230469,11.228188514709473,140.50086975097656,11.270865440368652
120.0,11.25,0.11050797253847122,290.5925598144531,11.228490829467773,140.5021209716797,11.270865440368652
121.0,11.25,0.10979864001274109,290.5911560058594,11.228782653808594,140.5033721923828,11.270865440368652
122.0,11.25,0.10911086201667786,290.58978271484375,11.22906494140625,140.50462341308594,11.270865440368652
123.0,11.25,0.10844382643699646,290.58843994140625,11.229337692260742,140.50587463378906,11.270865440368652
124.0,11.25,0.10779670625925064,290.5871276855469,11.22960090637207,140.5071258544922,11.270865440368652
125.0,11.25,0.1071808934211731,290.5858154296875,11.229854583740234,140.5083770751953,11.270865440368652
126.0,11.25,0.1065831333398819,290.5845642089844,11.230100631713867,140.50961303710938,11.270865440368652
127.0,11.25,0.10599109530448914,290.58331298828125,11.230337142944336,140.51087951660156,11.270865440368652
128.0,11.25,0.10544201731681824,290.5820617675781,11.230565071105957,140.5121307373047,11.270865440368652
129.0,11.25,0.10490994155406952,290.5808410644531,11.23078441619873,140.5133819580078,11.270865440368652
130.0,11.25,0.10439364612102509,290.57965087890625,11.230996131896973,140.51463317871094,11.270865440368652
131.0,11.25,0.10390742123126984,290.5784606933594,11.231199264526367,140.51588439941406,11.270865440368652
132.0,11.25,0.10342126339673996,290.57733154296875,11.231393814086914,140.5171356201172,11.270865440368652
133.0,11.25,0.10297910124063492,290.576171875,11.231581687927246,140.5183868408203,11.270865440368652
134.0,11.25,0.10253986716270447,290.5750427246094,11.23176097869873,140.5196533203125,11.270865440368652
135.0,11.25,0.10209757089614868,290.573974609375,11.231932640075684,140.5209197998047,11.270865440368652
136.0,11.25,0.10171125829219818,290.5728759765625,11.232097625732422,140.5221710205078,11.270865440368652
137.0,11.25,0.1013261079788208,290.5718078613281,11.232254981994629,140.5234375,11.270865440368652
138.0,11.25,0.10095248371362686,290.5707702636719,11.232404708862305,140.5247039794922,11.270865440368652
139.0,11.25,0.1006074771285057,290.5697326660156,11.23254680633545,140.52597045898438,11.270865440368652
140.0,11.25,0.10029054433107376,290.5686950683594,11.232683181762695,140.52723693847656,11.270865440368652
141.0,11.25,0.09995508939027786,290.5677185058594,11.23281192779541,140.5285186767578,11.270865440368652
142.0,11.25,0.09967702627182007,290.56671142578125,11.232933044433594,140.52978515625,11.270865440368652
143.0,11.25,0.09939765930175781,290.56573486328125,11.233048439025879,140.53106689453125,11.270865440368652
144.0,11.25,0.09912721812725067,290.5647888183594,11.233156204223633,140.5323486328125,11.270865440368652
145.0,11.25,0.09888418018817902,290.5638427734375,11.233258247375488,140.53363037109375,11.270865440368652
146.0,11.25,0.09863962233066559,290.56292724609375,11.233352661132812,140.53492736816406,11.270865440368652
147.0,11.25,0.09843181073665619,290.56201171875,11.233441352844238,140.5362091064453,11.270865440368652
148.0,11.25,0.09824250638484955,290.56109619140625,11.23352336883545,140.53750610351562,11.270865440368652
149.0,11.25,0.09803864359855652,290.56024169921875,11.233598709106445,140.53880310058594,11.270865440368652
150.0,11.25,0.0978747010231018,290.5593566894531,11.233667373657227,140.5401153564453,11.270865440368652
151.0,11.25,0.09772510826587677,290.5585021972656,11.23373031616211,140.54141235351562,11.270865440368652
152.0,11.25,0.09759442508220673,290.5576477050781,11.233786582946777,140.542724609375,11.270865440368652
153.0,11.25,0.09746892750263214,290.55682373046875,11.23383617401123,140.54403686523438,11.270865440368652
154.0,11.25,0.09737031161785126,290.5559997558594,11.233880043029785,140.54534912109375,11.270865440368652
155.0,11.25,0.0972835049033165,290.55517578125,11.233917236328125,140.54669189453125,11.270865440368652
156.0,11.25,0.09719287604093552,290.5544128417969,11.233948707580566,140.54800415039062,11.270865440368652
157.0,11.25,0.09713716059923172,290.5536193847656,11.23397445678711,140.54934692382812,11.270865440368652
158.0,11.25,0.09708531945943832,290.5528564453125,11.233993530273438,140.55068969726562,11.270865440368652
159.0,11.25,0.09705382585525513,290.5520935058594,11.23400592803955,140.5520477294922,11.270865440368652
160.0,11.25,0.09695021063089371,290.5514221191406,11.234044075012207,140.55343627929688,11.270865440368652
161.0,11.25,0.09687992185354233,290.5507507324219,11.234076499938965,140.5548095703125,11.270865440368652
162.0,11.25,0.09682386368513107,290.5500793457031,11.234102249145508,140.55621337890625,11.270865440368652
163.0,11.25,0.09677010029554367,290.5494384765625,11.234122276306152,140.5576171875,11.270865440368652
164.0,11.25,0.09674366563558578,290.5487976074219,11.234135627746582,140.55902099609375,11.270865440368652
165.0,11.25,0.09671875089406967,290.5481872558594,11.234143257141113,140.5604248046875,11.270865440368652
166.0,11.25,0.09671536087989807,290.5475769042969,11.23414421081543,140.5618438720703,11.270865440368652
167.0,11.25,0.09671317040920258,290.5469970703125,11.234139442443848,140.56326293945312,11.270865440368652
168.0,11.25,0.09676401317119598,290.54638671875,11.23412799835205,140.56468200683594,11.270865440368652
169.0,11.25,0.09681091457605362,290.5458068847656,11.234110832214355,140.5661163330078,11.270865440368652
170.0,11.25,0.0968589037656784,290.5452575683594,11.234086990356445,140.5675506591797,11.270865440368652
171.0,11.25,0.09692927449941635,290.5447082519531,11.234057426452637,140.56900024414062,11.270865440368652
172.0,11.25,0.09700047224760056,290.544189453125,11.234021186828613,140.57044982910156,11.270865440368652
173.0,11.25,0.09712518006563187,290.54364013671875,11.233979225158691,140.5718994140625,11.270865440368652
174.0,11.25,0.09724708646535873,290.5431213378906,11.233929634094238,140.5733642578125,11.270865440368652
175.0,11.25,0.09736859798431396,290.5426330566406,11.233875274658203,140.5748291015625,11.270865440368652
176.0,11.25,0.09751446545124054,290.5421447753906,11.233813285827637,140.57630920410156,11.270865440368652
177.0,11.25,0.09768735617399216,290.5416564941406,11.233745574951172,140.57778930664062,11.270865440368652
178.0,11.25,0.09785759449005127,290.54119873046875,11.233671188354492,140.57928466796875,11.270865440368652
179.0,11.25,0.09808029234409332,290.54071044921875,11.233590126037598,140.58079528808594,11.270865440368652
180.0,11.25,0.09827593713998795,290.540283203125,11.233502388000488,140.58230590820312,11.270865440368652
181.0,11.25,0.09852618724107742,290.5398254394531,11.23340892791748,140.5838165283203,11.270865440368652
182.0,11.25,0.09874731302261353,290.5394287109375,11.233307838439941,140.58534240722656,11.270865440368652
183.0,11.25,0.09902213513851166,290.53900146484375,11.233200073242188,140.58688354492188,11.270865440368652
184.0,11.25,0.09929591417312622,290.5386047363281,11.233085632324219,140.58843994140625,11.270865440368652
185.0,11.25,0.09959768503904343,290.5382080078125,11.232964515686035,140.58999633789062,11.270865440368652
186.0,11.25,0.09989914298057556,290.537841796875,11.23283576965332,140.59156799316406,11.270865440368652
187.0,11.25,0.1002281904220581,290.5374755859375,11.232701301574707,140.5931396484375,11.270865440368652
188.0,11.25,0.10058553516864777,290.537109375,11.232558250427246,140.5947265625,11.270865440368652
189.0,11.25,0.10097086429595947,290.5367431640625,11.23240852355957,140.59632873535156,11.270865440368652
190.0,11.25,0.10132930427789688,290.53643798828125,11.232251167297363,140.5979461669922,11.270865440368652
191.0,11.25,0.10174444317817688,290.5361022949219,11.232087135314941,140.59957885742188,11.270865440368652
192.0,11.25,0.10216106474399567,290.5357971191406,11.231914520263672,140.60121154785156,11.270865440368652
193.0,11.25,0.10260691493749619,290.5354919433594,11.231735229492188,140.6028594970703,11.270865440368652
194.0,11.25,0.10305541753768921,290.53521728515625,11.231547355651855,140.60452270507812,11.270865440368652
195.0,11.25,0.10353438556194305,290.5349426269531,11.231351852416992,140.606201171875,11.270865440368652
196.0,11.25,0.10404454916715622,290.53466796875,11.231147766113281,140.60789489746094,11.270865440368652
197.0,11.25,0.1045583188533783,290.534423828125,11.230936050415039,140.60960388183594,11.270865440368652
198.0,11.25,0.10507657378911972,290.5342102050781,11.23071575164795,140.611328125,11.270865440368652
199.0,11.25,0.10562730580568314,290.53399658203125,11.230486869812012,140.61306762695312,11.270865440368652
200.0,11.25,0.10621079802513123,290.5337829589844,11.230249404907227,140.6148223876953,11.270865440368652
201.0,11.25,0.10682731121778488,290.5335693359375,11.230003356933594,140.61659240722656,11.270865440368652
202.0,11.25,0.10745038837194443,290.53338623046875,11.229747772216797,140.61837768554688,11.270865440368652
203.0,11.25,0.1080835685133934,290.5332336425781,11.229483604431152,140.6201934814453,11.270865440368652
204.0,11.25,0.10874854028224945,290.5330810546875,11.229208946228027,140.62200927734375,11.270865440368652
205.0,11.25,0.10945214331150055,290.5329284667969,11.228924751281738,140.6238555908203,11.270865440368652
206.0,11.25,0.11019621044397354,290.53277587890625,11.228618621826172,140.62571716308594,11.270865440368652
207.0,11.25,0.11101951450109482,290.5325927734375,11.22828197479248,140.62762451171875,11.270865440368652
208.0,11.25,0.11185808479785919,290.5324401855469,11.227933883666992,140.6295623779297,11.270865440368652
209.0,11.25,0.11276063323020935,290.5322570800781,11.227574348449707,140.6315155029297,11.270865440368652
210.0,11.25,0.11365416646003723,290.5321350097656,11.227202415466309,140.6334991455078,11.270865440368652
211.0,11.25,0.11458633095026016,290.5320129394531,11.226819038391113,140.635498046875,11.270865440368652
212.0,11.25,0.11556336283683777,290.5318908691406,11.226422309875488,140.6375274658203,11.270865440368652
213.0,11.25,0.11655965447425842,290.53179931640625,11.226014137268066,140.63958740234375,11.270865440368652
214.0,11.25,0.11757165193557739,290.53173828125,11.225591659545898,140.64166259765625,11.270865440368652
215.0,11.25,0.11866170167922974,290.5316467285156,11.2251558303833,140.64378356933594,11.270865440368652
216.0,11.25,0.11974962055683136,290.5316162109375,11.224706649780273,140.64593505859375,11.270865440368652
217.0,11.25,0.12088054418563843,290.5315856933594,11.224242210388184,140.64810180664062,11.270865440368652
218.0,11.25,0.12204305827617645,290.5315856933594,11.223763465881348,140.6503143310547,11.270865440368652
219.0,11.25,0.12325643002986908,290.5315856933594,11.22326946258545,140.65255737304688,11.270865440368652
220.0,11.25,0.12449713051319122,290.5316162109375,11.222760200500488,140.6548309326172,11.270865440368652
221.0,11.25,0.12579059600830078,290.5316467285156,11.222233772277832,140.65713500976562,11.270865440368652
222.0,11.25,0.12709765136241913,290.53173828125,11.221691131591797,140.65948486328125,11.270865440368652
223.0,11.25,0.1284594088792801,290.5318298339844,11.221131324768066,140.661865234375,11.270865440368652
224.0,11.25,0.12988442182540894,290.53192138671875,11.220553398132324,140.66429138183594,11.270865440368652
225.0,11.25,0.13134273886680603,290.53204345703125,11.21995735168457,140.666748046875,11.270865440368652
226.0,11.25,0.13282224535942078,290.5322265625,11.219341278076172,140.66925048828125,11.270865440368652
227.0,11.25,0.13439063727855682,290.5323791503906,11.218706130981445,140.6717987060547,11.270865440368652
228.0,11.25,0.13598313927650452,290.5325927734375,11.218050956726074,140.6743927001953,11.270865440368652
229.0,11.25,0.13764546811580658,290.5328063964844,11.217373847961426,140.67703247070312,11.270865440368652
230.0,11.25,0.13933606445789337,290.5330810546875,11.2166748046875,140.67971801757812,11.270865440368652
231.0,11.25,0.1410984992980957,290.5333557128906,11.215953826904297,140.6824493408203,11.270865440368652
232.0,11.25,0.14292344450950623,290.5336608886719,11.215208053588867,140.68524169921875,11.270865440368652
233.0,11.25,0.14480255544185638,290.53399658203125,11.214438438415527,140.68807983398438,11.270865440368652
234.0,11.25,0.14674726128578186,290.53436279296875,11.213644027709961,140.69097900390625,11.270865440368652
235.0,11.25,0.14874988794326782,290.5347595214844,11.212822914123535,140.6939239501953,11.270865440368652
236.0,11.25,0.1508035659790039,290.53521728515625,11.211973190307617,140.69692993164062,11.270865440368652
237.0,11.25,0.15295758843421936,290.5356750488281,11.21109676361084,140.70001220703125,11.270865440368652
238.0,11.25,0.15515723824501038,290.53619384765625,11.210188865661621,140.70314025878906,11.270865440368652
239.0,11.25,0.15744291245937347,290.5367431640625,11.209251403808594,140.7063446044922,11.270865440368652
240.0,11.25,0.15980666875839233,290.5373229980469,11.208281517028809,140.70960998535156,11.270865440368652
241.0,11.25,0.16226108372211456,290.5379333496094,11.20727825164795,140.71295166015625,11.270865440368652
242.0,11.25,0.1647917479276657,290.5386047363281,11.206239700317383,140.71636962890625,11.270865440368652
243.0,11.25,0.167417973279953,290.539306640625,11.205164909362793,140.71986389160156,11.270865440368652
244.0,11.25,0.1701374053955078,290.5400695800781,11.204051971435547,140.72344970703125,11.270865440368652
245.0,11.25,0.17294564843177795,290.5408630371094,11.202899932861328,140.7270965576172,11.270865440368652
246.0,11.25,0.1758645474910736,290.5417175292969,11.201705932617188,140.73085021972656,11.270865440368652
247.0,11.25,0.17887428402900696,290.5426330566406,11.200468063354492,140.73468017578125,11.270865440368652
248.0,11.25,0.18200087547302246,290.5436096191406,11.199186325073242,140.73861694335938,11.270865440368652
249.0,11.25,0.18525080382823944,290.54461669921875,11.197855949401855,140.74264526367188,11.270865440368652
250.0,11.25,0.18862298130989075,290.54571533203125,11.196475982666016,140.74679565429688,11.270865440368652
251.0,11.25,0.19211141765117645,290.5468444824219,11.19504451751709,140.7510223388672,11.270865440368652
252.0,11.25,0.19574251770973206,290.5480651855469,11.193557739257812,140.75538635253906,11.270865440368652
253.0,11.25,0.19950829446315765,290.5493469238281,11.19201374053955,140.75985717773438,11.270865440368652
254.0,11.25,0.20341375470161438,290.5507507324219,11.190409660339355,140.76446533203125,11.270865440368652
255.0,11.25,0.2074863165616989,290.55218505859375,11.188742637634277,140.76919555664062,11.270865440368652
256.0,11.25,0.21171969175338745,290.5537109375,11.187007904052734,140.77406311035156,11.270865440368652
257.0,11.25,0.21611768007278442,290.5553283691406,11.18520450592041,140.77906799316406,11.270865440368652
258.0,11.25,0.22071222960948944,290.5570373535156,11.18332576751709,140.78424072265625,11.270865440368652
259.0,11.25,0.22547197341918945,290.5588684082031,11.18136978149414,140.78955078125,11.270865440368652
260.0,11.25,0.23044738173484802,290.5607604980469,11.17933177947998,140.79502868652344,11.270865440368652
261.0,11.25,0.23562957346439362,290.56280517578125,11.177206993103027,140.80068969726562,11.270865440368652
262.0,11.25,0.24104246497154236,290.56494140625,11.1749906539917,140.80653381347656,11.270865440368652
263.0,11.25,0.24668343365192413,290.56719970703125,11.172677040100098,140.81256103515625,11.270865440368652
264.0,11.25,0.2525783181190491,290.5696105957031,11.170260429382324,140.8188018798828,11.270865440368652
265.0,11.25,0.25873512029647827,290.5721740722656,11.167734146118164,140.82525634765625,11.270865440368652
266.0,11.25,0.2651805281639099,290.5748596191406,11.165093421936035,140.83193969726562,11.270865440368652
267.0,11.25,0.27192384004592896,290.5777282714844,11.162328720092773,140.8388671875,11.270865440368652
268.0,11.25,0.27899226546287537,290.58074951171875,11.15943431854248,140.84605407714844,11.270865440368652
269.0,11.25,0.2863895297050476,290.5839538574219,11.156399726867676,140.85350036621094,11.270865440368652
270.0,11.25,0.2941467761993408,290.5873718261719,11.153218269348145,140.86123657226562,11.270865440368652
271.0,11.25,0.3023107647895813,290.5909423828125,11.149877548217773,140.86929321289062,11.270865440368652
272.0,11.25,0.3108752369880676,290.59478759765625,11.146368026733398,140.87767028808594,11.270865440368652
273.0,11.25,0.31987011432647705,290.598876953125,11.142678260803223,140.88638305664062,11.270865440368652
274.0,11.25,0.3293493092060089,290.60321044921875,11.1387939453125,140.89547729492188,11.270865440368652
275.0,11.25,0.33932217955589294,290.6078186035156,11.134702682495117,140.9049530029297,11.270865440368652
276.0,11.25,0.3498578369617462,290.6127014160156,11.130388259887695,140.9148712158203,11.270865440368652
277.0,11.25,0.3609673082828522,290.6179504394531,11.125832557678223,140.92523193359375,11.270865440368652
278.0,11.25,0.372709721326828,290.62353515625,11.121018409729004,140.9360809326172,11.270865440368652
279.0,11.25,0.3831363022327423,290.62945556640625,11.116745948791504,140.9456329345703,11.270865440368652
280.0,11.25,0.3933289051055908,290.6357421875,11.112568855285645,140.95486450195312,11.270865440368652
281.0,11.25,0.40395015478134155,290.6423645019531,11.10821533203125,140.96437072753906,11.270865440368652
282.0,11.25,0.41502508521080017,290.6493225097656,11.103676795959473,140.9741668701172,11.270865440368652
283.0,11.25,0.4265689551830292,290.65667724609375,11.098942756652832,140.9842529296875,11.270865440368652
284.0,11.25,0.43862229585647583,290.6644287109375,11.09400463104248,140.99465942382812,11.270865440368652
285.0,11.25,0.4511869251728058,290.672607421875,11.088851928710938,141.00537109375,11.270865440368652
286.0,11.25,0.4643053412437439,290.68121337890625,11.083471298217773,141.01641845703125,11.270865440368652
287.0,11.25,0.4780115485191345,290.6903076171875,11.077853202819824,141.02781677246094,11.270865440368652
288.0,11.25,0.4923352003097534,290.69989013671875,11.07198429107666,141.03958129882812,11.270865440368652
289.0,11.25,0.5073010921478271,290.71002197265625,11.065851211547852,141.0517120361328,11.270865440368652
290.0,11.25,0.522939920425415,290.720703125,11.059440612792969,141.06422424316406,11.270865440368652
291.0,11.25,0.5392934083938599,290.73199462890625,11.052738189697266,141.07713317871094,11.270865440368652
292.0,11.25,0.5563936233520508,290.743896484375,11.04572868347168,141.0904541015625,11.270865440368652
293.0,11.25,0.5742719173431396,290.7564697265625,11.038395881652832,141.10418701171875,11.270865440368652
294.0,11.25,0.5930027365684509,290.769775390625,11.030723571777344,141.11837768554688,11.270865440368652
295.0,11.25,0.6125804781913757,290.7838134765625,11.02269458770752,141.13299560546875,11.270865440368652
296.0,11.25,0.6330902576446533,290.7986755371094,11.014290809631348,141.14808654785156,11.270865440368652
297.0,11.25,0.654556155204773,290.8143615722656,11.005492210388184,141.1636505126953,11.270865440368652
298.0,11.25,0.6770175099372864,290.8309326171875,10.996281623840332,141.1796875,11.270865440368652
299.0,11.25,0.7005536556243896,290.8484802246094,10.986638069152832,141.19622802734375,11.270865440368652
300.0,11.25,0.7246520519256592,290.8668212890625,10.97675895690918,141.2128143310547,11.270865440368652
301.0,11.25,0.7463321089744568,290.885009765625,10.967878341674805,141.2268829345703,11.270865440368652
302.0,11.25,0.7688178420066833,290.9040222167969,10.958656311035156,141.24118041992188,11.270865440368652
303.0,11.25,0.7921767830848694,290.9239196777344,10.949082374572754,141.2557373046875,11.270865440368652
304.0,11.25,0.8164154291152954,290.94476318359375,10.9391450881958,141.2705078125,11.270865440368652
305.0,11.25,0.8415675759315491,290.9665832519531,10.928836822509766,141.28549194335938,11.270865440368652
306.0,11.25,0.8676435351371765,290.9894104003906,10.918148040771484,141.3006591796875,11.270865440368652
307.0,11.25,0.8946529030799866,291.01324462890625,10.907072067260742,141.3159942626953,11.270865440368652
308.0,11.25,0.9226447343826294,291.0381774902344,10.895604133605957,141.33148193359375,11.270865440368652
309.0,11.25,0.951580822467804,291.0641784667969,10.883737564086914,141.34706115722656,11.270865440368652
310.0,11.25,0.9815243482589722,291.0913391113281,10.871472358703613,141.36273193359375,11.270865440368652
311.0,11.25,1.012425184249878,291.11962890625,10.858806610107422,141.37841796875,11.270865440368652
312.0,11.25,1.0442839860916138,291.1490783691406,10.845744132995605,141.39407348632812,11.270865440368652
313.0,11.25,1.0770989656448364,291.1796875,10.832289695739746,141.40966796875,11.270865440368652
314.0,11.25,1.1106953620910645,291.21142578125,10.818525314331055,141.4250030517578,11.270865440368652
315.0,11.25,1.1353904008865356,291.23907470703125,10.808399200439453,141.4329071044922,11.270865440368652
316.0,11.25,1.1601676940917969,291.2672424316406,10.798249244689941,141.4401397705078,11.270865440368652
317.0,11.25,1.1848934888839722,291.2957763671875,10.788106918334961,141.44662475585938,11.270865440368652
318.0,11.25,1.209557056427002,291.32470703125,10.778003692626953,141.4523162841797,11.270865440368652
319.0,11.25,1.2340161800384521,291.3539123535156,10.767977714538574,141.4571075439453,11.270865440368652
320.0,11.25,1.2581968307495117,291.3833312988281,10.758064270019531,141.4609375,11.270865440368652
321.0,11.25,1.2819842100143433,291.412841796875,10.748307228088379,141.4637451171875,11.270865440368652
322.0,11.25,1.3053090572357178,291.4424133300781,10.738748550415039,141.4654541015625,11.270865440368652
323.0,11.25,1.3341360092163086,291.47576904296875,10.726941108703613,141.47000122070312,11.270865440368652
324.0,11.25,1.38866126537323,291.526123046875,10.70458984375,141.4901885986328,11.270865440368652
325.0,11.25,1.446122646331787,291.579345703125,10.681032180786133,141.5107421875,11.270865440368652
326.0,11.25,1.5066986083984375,291.6356506347656,10.656207084655762,141.5316162109375,11.270865440368652
327.0,11.25,1.570502519607544,291.69512939453125,10.63005256652832,141.5527801513672,11.270865440368652
328.0,11.25,1.637695074081421,291.75799560546875,10.602508544921875,141.5741424560547,11.270865440368652
329.0,11.25,1.7084286212921143,291.82440185546875,10.573517799377441,141.5956573486328,11.270865440368652
330.0,11.25,1.7828055620193481,291.8944396972656,10.543025016784668,141.6172637939453,11.270865440368652
331.0,11.25,1.8609867095947266,291.9683532714844,10.510981559753418,141.63880920410156,11.270865440368652
332.0,11.25,1.9430490732192993,292.04620361328125,10.477347373962402,141.66021728515625,11.270865440368652
333.0,11.25,2.029062271118164,292.12811279296875,10.442091941833496,141.6813201904297,11.270865440368652
334.0,11.25,2.119051933288574,292.2141418457031,10.405200004577637,141.7019500732422,11.270865440368652
335.0,11.25,2.2130584716796875,292.30438232421875,10.366671562194824,141.721923828125,11.270865440368652
336.0,11.25,2.246142864227295,292.34912109375,10.353116989135742,141.70889282226562,11.270865440368652
337.0,11.25,2.2699244022369385,292.3866882324219,10.343364715576172,141.69017028808594,11.270865440368652
338.0,11.25,2.2739932537078857,292.40869140625,10.341693878173828,141.66123962402344,11.270865440368652
339.0,11.25,2.276334285736084,292.4288635253906,10.340734481811523,141.63107299804688,11.270865440368652
340.0,11.25,2.2769436836242676,292.4471435546875,10.34048843383789,141.59976196289062,11.270865440368652
341.0,11.25,2.27578067779541,292.46343994140625,10.340960502624512,141.5673828125,11.270865440368652
342.0,11.25,2.272885799407959,292.4777526855469,10.342145919799805,141.53402709960938,11.270865440368652
343.0,11.25,2.268266439437866,292.49005126953125,10.344039916992188,141.49977111816406,11.270865440368652
344.0,11.25,2.2619411945343018,292.50030517578125,10.346632957458496,141.4647216796875,11.270865440368652
345.0,11.25,2.2539520263671875,292.5085144042969,10.349912643432617,141.42898559570312,11.270865440368652
346.0,11.25,2.244297504425049,292.5146484375,10.353862762451172,141.3926239013672,11.270865440368652
347.0,11.25,2.2330777645111084,292.5187683105469,10.358466148376465,141.35577392578125,11.270865440368652
348.0,11.25,2.242321491241455,292.53961181640625,10.354673385620117,141.32568359375,11.270865440368652
349.0,11.25,2.255599021911621,292.5634460449219,10.349237442016602,141.2963409423828,11.270865440368652
350.0,11.25,2.2663979530334473,292.5846862792969,10.344809532165527,141.2656707763672,11.270865440368652
351.0,11.25,2.274657726287842,292.6032409667969,10.341421127319336,141.23374938964844,11.270865440368652
352.0,11.25,2.270961046218872,292.61083984375,10.342930793762207,141.19821166992188,11.270865440368652
353.0,11.25,2.2433924674987793,292.59686279296875,10.354238510131836,141.15664672851562,11.270865440368652
354.0,11.25,2.2131807804107666,292.5797119140625,10.366616249084473,141.11512756347656,11.270865440368652
355.0,11.25,2.180609703063965,292.55963134765625,10.379965782165527,141.07386779785156,11.270865440368652
356.0,11.25,2.145951271057129,292.536865234375,10.394182205200195,141.0330352783203,11.270865440368652
357.0,11.25,2.10939359664917,292.5115661621094,10.409160614013672,140.9927978515625,11.270865440368652
358.0,11.25,2.07125186920166,292.4840393066406,10.424798011779785,140.95330810546875,11.270865440368652
359.0,11.25,2.0317227840423584,292.4544677734375,10.44099235534668,140.9146728515625,11.270865440368652
0.0,5.625,2.69472074508667,293.0572204589844,10.211820602416992,141.0827178955078,11.270865440368652
1.0,5.625,2.672478437423706,293.04522705078125,10.220580101013184,141.03660583496094,11.270865440368652
2.0,5.625,2.6492953300476074,293.0315246582031,10.22972297668457,140.99090576171875,11.270865440368652
3.0,5.625,2.6251776218414307,293.01611328125,10.23922348022461,140.94570922851562,11.270865440368652
4.0,5.625,2.6002347469329834,292.9991149902344,10.249055862426758,140.90106201171875,11.270865440368652
5.0,5.625,2.5744950771331787,292.9805603027344,10.259193420410156,140.85704040527344,11.270865440368652
6.0,5.625,2.522686004638672,292.9373474121094,10.279614448547363,140.8115234375,11.270865440368652
7.0,5.625,2.4325220584869385,292.8581237792969,10.315149307250977,140.76495361328125,11.270865440368652
8.0,5.625,2.3427681922912598,292.77838134765625,10.350523948669434,140.72122192382812,11.270865440368652
9.0,5.625,2.2540149688720703,292.69873046875,10.385494232177734,140.6803741455078,11.270865440368652
10.0,5.625,2.1668336391448975,292.6197814941406,10.419854164123535,140.64239501953125,11.270865440368652
11.0,5.625,2.0701560974121094,292.53143310546875,10.457954406738281,140.60711669921875,11.270865440368652
12.0,5.625,1.9679220914840698,292.4373779296875,10.498237609863281,140.57501220703125,11.270865440368652
13.0,5.625,1.8948078155517578,292.36956787109375,10.527058601379395,140.54541015625,11.270865440368652
14.0,5.625,1.8592333793640137,292.33575439453125,10.541072845458984,140.5165557861328,11.270865440368652
15.0,5.625,1.8240290880203247,292.30181884765625,10.554950714111328,140.48886108398438,11.270865440368652
16.0,5.625,1.7892059087753296,292.2677917480469,10.568673133850098,140.4622802734375,11.270865440368652
17.0,5.625,1.754827618598938,292.2337646484375,10.582223892211914,140.4368133544922,11.270865440368652
18.0,5.625,1.7209001779556274,292.19976806640625,10.595590591430664,140.41246032714844,11.270865440368652
19.0,5.625,1.6874923706054688,292.1658935546875,10.608759880065918,140.38916015625,11.270865440368652
20.0,5.625,1.6546082496643066,292.1321716308594,10.621722221374512,140.36692810058594,11.270865440368652
21.0,5.625,1.6190959215164185,292.09576416015625,10.635710716247559,140.34620666503906,11.270865440368652
22.0,5.625,1.5791972875595093,292.0551452636719,10.651437759399414,140.3274383544922,11.270865440368652
23.0,5.625,1.5398608446121216,292.01483154296875,10.66694164276123,140.3098907470703,11.270865440368652
24.0,5.625,1.5011528730392456,291.97491455078125,10.682194709777832,140.29354858398438,11.270865440368652
25.0,5.625,1.4631433486938477,291.93548583984375,10.697173118591309,140.2783660888672,11.270865440368652
26.0,5.625,1.4258780479431152,291.8966064453125,10.711857795715332,140.2642822265625,11.270865440368652
27.0,5.625,1.3893965482711792,291.85833740234375,10.72623062133789,140.2512664794922,11.270865440368652
28.0,5.625,1.3537439107894897,291.82073974609375,10.740281105041504,140.2392578125,11.270865440368652
29.0,5.625,1.3063461780548096,291.7728271484375,10.758968353271484,140.2317352294922,11.270865440368652
30.0,5.625,1.2397665977478027,291.70831298828125,10.785199165344238,140.2313995361328,11.270865440368652
31.0,5.625,1.1780471801757812,291.64837646484375,10.809532165527344,140.23171997070312,11.270865440368652
32.0,5.625,1.1206825971603394,291.592529296875,10.832134246826172,140.2325897216797,11.270865440368652
33.0,5.625,1.0673303604125977,291.54046630859375,10.853156089782715,140.2339324951172,11.270865440368652
34.0,5.625,1.017659068107605,291.49188232421875,10.872734069824219,140.2356719970703,11.270865440368652
35.0,5.625,0.9713380932807922,291.44647216796875,10.890990257263184,140.23776245117188,11.270865440368652
36.0,5.625,0.9300450086593628,291.4056091308594,10.907264709472656,140.23939514160156,11.270865440368652
37.0,5.625,0.8995025157928467,291.37396240234375,10.91929817199707,140.23805236816406,11.270865440368652
38.0,5.625,0.8704200387001038,291.3437194824219,10.930764198303223,140.2371063232422,11.270865440368652
39.0,5.625,0.8426809906959534,291.31475830078125,10.941694259643555,140.23651123046875,11.270865440368652
40.0,5.625,0.8162339925765991,291.28704833984375,10.952117919921875,140.2362518310547,11.270865440368652
41.0,5.625,0.7909868955612183,291.260498046875,10.962061882019043,140.23629760742188,11.270865440368652
42.0,5.625,0.7669233083724976,291.235107421875,10.971552848815918,140.2366180419922,11.270865440368652
43.0,5.625,0.7431420087814331,291.21014404296875,10.980921745300293,140.23757934570312,11.270865440368652
44.0,5.625,0.6403544545173645,291.124267578125,11.021430015563965,140.27847290039062,11.270865440368652
45.0,5.625,0.5613678693771362,291.0582275390625,11.052553176879883,140.31011962890625,11.270865440368652
46.0,5.625,0.49884292483329773,291.00592041015625,11.077197074890137,140.3353729248047,11.270865440368652
47.0,5.625,0.44812828302383423,290.96343994140625,11.097183227539062,140.3560028076172,11.270865440368652
48.0,5.625,0.4212995767593384,290.9394226074219,11.107755661010742,140.36492919921875,11.270865440368652
49.0,5.625,0.4063691198825836,290.9244689941406,11.11363697052002,140.367919921875,11.270865440368652
50.0,5.625,0.3923627734184265,290.910400390625,11.119159698486328,140.370849609375,11.270865440368652
51.0,5.625,0.37918683886528015,290.8970947265625,11.124354362487793,140.37368774414062,11.270865440368652
52.0,5.625,0.36677247285842896,290.884521484375,11.129247665405273,140.37648010253906,11.270865440368652
53.0,5.625,0.35504528880119324,290.8725891113281,11.13386344909668,140.37921142578125,11.270865440368652
54.0,5.625,0.3439876437187195,290.8612976074219,11.138223648071289,140.3818817138672,11.270865440368652
55.0,5.625,0.3335421681404114,290.8505859375,11.142345428466797,140.38449096679688,11.270865440368652
56.0,5.625,0.3236224055290222,290.8403625488281,11.146248817443848,140.38705444335938,11.270865440368652
57.0,5.625,0.31423553824424744,290.8306579589844,11.149947166442871,140.3895721435547,11.270865440368652
58.0,5.625,0.30533796548843384,290.8214111328125,11.153456687927246,140.39202880859375,11.270865440368652
59.0,5.625,0.2968697249889374,290.81256103515625,11.156789779663086,140.39443969726562,11.270865440368652
60.0,5.625,0.28884685039520264,290.8041687011719,11.159957885742188,140.39682006835938,11.270865440368652
61.0,5.625,0.28119322657585144,290.7961120605469,11.162973403930664,140.39915466308594,11.270865440368652
62.0,5.625,0.2739010453224182,290.78839111328125,11.165843963623047,140.4014434814453,11.270865440368652
63.0,5.625,0.2669494152069092,290.781005859375,11.168581008911133,140.40370178222656,11.270865440368652
64.0,5.625,0.26032310724258423,290.77392578125,11.171192169189453,140.40591430664062,11.270865440368652
65.0,5.625,0.2540031969547272,290.76715087890625,11.173684120178223,140.40809631347656,11.270865440368652
66.0,5.625,0.2479591816663742,290.7606201171875,11.176065444946289,140.4102325439453,11.270865440368652
67.0,5.625,0.24218954145908356,290.7543640136719,11.17834186553955,140.41233825683594,11.270865440368652
68.0,5.625,0.23665934801101685,290.74835205078125,11.180519104003906,140.4144287109375,11.270865440368652
69.0,5.625,0.2313845157623291,290.7425842285156,11.18260383605957,140.41647338867188,11.270865440368652
70.0,5.625,0.22630548477172852,290.73699951171875,11.184600830078125,140.4185028076172,11.270865440368652
71.0,5.625,0.22145520150661469,290.73162841796875,11.186515808105469,140.4204864501953,11.270865440368652
72.0,5.625,0.21679037809371948,290.7264404296875,11.18835163116455,140.42245483398438,11.270865440368652
73.0,5.625,0.2123311161994934,290.7214660644531,11.190113067626953,140.4243927001953,11.270865440368652
74.0,5.625,0.2080199420452118,290.71661376953125,11.191803932189941,140.4263153076172,11.270865440368652
75.0,5.625,0.20391596853733063,290.71197509765625,11.193428993225098,140.42819213867188,11.270865440368652
76.0,5.625,0.19993935525417328,290.70745849609375,11.194990158081055,140.43006896972656,11.270865440368652
77.0,5.625,0.1961231380701065,290.7030944824219,11.196492195129395,140.43191528320312,11.270865440368652
78.0,5.625,0.19247496128082275,290.69891357421875,11.197936058044434,140.43373107910156,11.270865440368652
79.0,5.625,0.18894368410110474,290.69482421875,11.199325561523438,140.43553161621094,11.270865440368652
80.0,5.625,0.18554720282554626,290.6908874511719,11.200664520263672,140.43731689453125,11.270865440368652
81.0,5.625,0.18227523565292358,290.6870422363281,11.201952934265137,140.43907165527344,11.270865440368652
82.0,5.625,0.1791301965713501,290.683349609375,11.203195571899414,140.44081115722656,11.270865440368652
83.0,5.625,0.17609016597270966,290.67974853515625,11.204392433166504,140.44253540039062,11.270865440368652
84.0,5.625,0.17315247654914856,290.6762390136719,11.205546379089355,140.44424438476562,11.270865440368652
85.0,5.625,0.17034348845481873,290.6728820800781,11.206660270690918,140.4459228515625,11.270865440368652
86.0,5.625,0.16760951280593872,290.6695861816406,11.207734107971191,140.44760131835938,11.270865440368652
87.0,5.625,0.16498242318630219,290.6663818359375,11.208771705627441,140.44924926757812,11.270865440368652
88.0,5.625,0.162433460354805,290.66326904296875,11.209772109985352,140.45089721679688,11.270865440368652
89.0,5.625,0.15998618304729462,290.6602478027344,11.210739135742188,140.4525146484375,11.270865440368652
90.0,5.625,0.157610684633255,290.6573181152344,11.211673736572266,140.45413208007812,11.270865440368652
91.0,5.625,0.15532702207565308,290.6544494628906,11.212575912475586,140.45571899414062,11.270865440368652
92.0,5.625,0.1531100571155548,290.65167236328125,11.213448524475098,140.45730590820312,11.270865440368652
93.0,5.625,0.1509670466184616,290.6489562988281,11.2142915725708,140.45887756347656,11.270865440368652
94.0,5.625,0.14889603853225708,290.64630126953125,11.215106964111328,140.46043395996094,11.270865440368652
95.0,5.625,0.14689548313617706,290.6437072753906,11.215895652770996,140.46197509765625,11.270865440368652
96.0,5.625,0.14496631920337677,290.6412048339844,11.216658592224121,140.4635009765625,11.270865440368652
97.0,5.625,0.14308924973011017,290.6387634277344,11.21739673614502,140.46502685546875,11.270865440368652
98.0,5.625,0.14127640426158905,290.6363830566406,11.218111038208008,140.46653747558594,11.270865440368652
99.0,5.625,0.13952632248401642,290.6340637207031,11.218801498413086,140.46803283691406,11.270865440368652
100.0,5.625,0.13782165944576263,290.63177490234375,11.219470977783203,140.4695281982422,11.270865440368652
101.0,5.625,0.13617680966854095,290.6295471191406,11.220118522644043,140.47100830078125,11.270865440368652
102.0,5.625,0.13458943367004395,290.6274108886719,11.220745086669922,140.47247314453125,11.270865440368652
103.0,5.625,0.13305801153182983,290.6252746582031,11.221352577209473,140.4739227294922,11.270865440368652
104.0,5.625,0.13165146112442017,290.6231994628906,11.221904754638672,140.4752960205078,11.270865440368652
105.0,5.625,0.13029901683330536,290.6211853027344,11.222434043884277,140.47665405273438,11.270865440368652
106.0,5.625,0.1290123611688614,290.61920166015625,11.222947120666504,140.4779815673828,11.270865440368652
107.0,5.625,0.12774908542633057,290.61724853515625,11.223443984985352,140.4793243408203,11.270865440368652
108.0,5.625,0.12651865184307098,290.6153564453125,11.223926544189453,140.4806671142578,11.270865440368652
109.0,5.625,0.1253269612789154,290.61346435546875,11.224393844604492,140.4820098876953,11.270865440368652
110.0,5.625,0.12417999655008316,290.61163330078125,11.224846839904785,140.48333740234375,11.270865440368652
111.0,5.625,0.1230664774775505,290.6098327636719,11.225285530090332,140.4846649169922,11.270865440368652
112.0,5.625,0.12199405580759048,290.60809326171875,11.22571086883545,140.48597717285156,11.270865440368652
113.0,5.625,0.12094439566135406,290.6063537597656,11.226122856140137,140.4873046875,11.270865440368652
114.0,5.625,0.11993315070867538,290.60467529296875,11.226522445678711,140.48861694335938,11.270865440368652
115.0,5.625,0.11895769834518433,290.6029968261719,11.226909637451172,140.48992919921875,11.270865440368652
116.0,5.625,0.11800496280193329,290.60137939453125,11.227283477783203,140.49124145507812,11.270865440368652
117.0,5.625,0.11706577986478806,290.59979248046875,11.227646827697754,140.49256896972656,11.270865440368652
118.0,5.625,0.11618874222040176,290.59820556640625,11.227997779846191,140.49386596679688,11.270865440368652
119.0,5.625,0.11531627178192139,290.5966796875,11.228338241577148,140.49517822265625,11.270865440368652
120.0,5.625,0.11449133604764938,290.59515380859375,11.228667259216309,140.49647521972656,11.270865440368652
121.0,5.625,0.11369132995605469,290.5936584472656,11.228985786437988,140.49777221679688,11.270865440368652
122.0,5.625,0.11289283633232117,290.59222412109375,11.229292869567871,140.49908447265625,11.270865440368652
123.0,5.625,0.11213961988687515,290.5907897949219,11.229591369628906,140.50038146972656,11.270865440368652
124.0,5.625,0.11140938103199005,290.5893859863281,11.229878425598145,140.50167846679688,11.270865440368652
125.0,5.625,0.11071144789457321,290.5879821777344,11.230156898498535,140.5029754638672,11.270865440368652
126.0,5.625,0.11002331972122192,290.5866394042969,11.230425834655762,140.5042724609375,11.270865440368652
127.0,5.625,0.10938017070293427,290.5852966308594,11.230684280395508,140.50555419921875,11.270865440368652
128.0,5.625,0.10874339938163757,290.583984375,11.230935096740723,140.50685119628906,11.270865440368652
129.0,5.625,0.10812605172395706,290.58270263671875,11.231175422668457,140.50814819335938,11.270865440368652
130.0,5.625,0.10753963142633438,290.5814208984375,11.23140811920166,140.5094451904297,11.270865440368652
131.0,5.625,0.10697107017040253,290.5801696777344,11.231632232666016,140.5107421875,11.270865440368652
132.0,5.625,0.10641953349113464,290.5789489746094,11.231847763061523,140.5120391845703,11.270865440368652
133.0,5.625,0.105898916721344,290.5777282714844,11.232054710388184,140.51333618164062,11.270865440368652
134.0,5.625,0.10537893325090408,290.5765686035156,11.232254028320312,140.51463317871094,11.270865440368652
135.0,5.625,0.10488900542259216,290.5754089355469,11.232444763183594,140.51593017578125,11.270865440368652
136.0,5.625,0.10442912578582764,290.5742492675781,11.232627868652344,140.51722717285156,11.270865440368652
137.0,5.625,0.1039946973323822,290.5731201171875,11.232803344726562,140.5185089111328,11.270865440368652
138.0,5.625,0.10357865691184998,290.5719909667969,11.23297119140625,140.51980590820312,11.270865440368652
139.0,5.625,0.10314712673425674,290.5709228515625,11.233132362365723,140.5211181640625,11.270865440368652
140.0,5.625,0.1027737557888031,290.56982421875,11.233284950256348,140.5224151611328,11.270865440368652
141.0,5.625,0.10241217911243439,290.5687561035156,11.233430862426758,140.52371215820312,11.270865440368652
142.0,5.625,0.10205091536045074,290.5677185058594,11.233570098876953,140.5250244140625,11.270865440368652
143.0,5.625,0.10171907395124435,290.5666809082031,11.233701705932617,140.52633666992188,11.270865440368652
144.0,5.625,0.10139752924442291,290.565673828125,11.233826637268066,140.52764892578125,11.270865440368652
145.0,5.625,0.10109597444534302,290.564697265625,11.233943939208984,140.52894592285156,11.270865440368652
146.0,5.625,0.10083179175853729,290.5636901855469,11.234055519104004,140.53025817871094,11.270865440368652
147.0,5.625,0.10054732859134674,290.562744140625,11.234159469604492,140.53158569335938,11.270865440368652
148.0,5.625,0.10030053555965424,290.5617980957031,11.234257698059082,140.53289794921875,11.270865440368652
149.0,5.625,0.1000729352235794,290.56085205078125,11.23434829711914,140.5342254638672,11.270865440368652
150.0,5.625,0.09985271841287613,290.5599365234375,11.2344331741333,140.53555297851562,11.270865440368652
151.0,5.625,0.09966080635786057,290.55902099609375,11.234511375427246,140.53688049316406,11.270865440368652
152.0,5.625,0.09946677088737488,290.5581359863281,11.234582901000977,140.53822326660156,11.270865440368652
153.0,5.625,0.09930978715419769,290.5572509765625,11.234647750854492,140.53955078125,11.270865440368652
154.0,5.625,0.09917201846837997,290.5563659667969,11.23470687866211,140.5408935546875,11.270865440368652
155.0,5.625,0.09903155267238617,290.5555114746094,11.234760284423828,140.54225158691406,11.270865440368652
156.0,5.625,0.09890517592430115,290.5546875,11.234806060791016,140.54359436035156,11.270865440368652
157.0,5.625,0.09879812598228455,290.5538635253906,11.234846115112305,140.54495239257812,11.270865440368652
158.0,5.625,0.0987187996506691,290.55303955078125,11.234880447387695,140.5463104248047,11.270865440368652
159.0,5.625,0.09866762161254883,290.5522155761719,11.234908103942871,140.54766845703125,11.270865440368652
160.0,5.625,0.09861300885677338,290.5514221191406,11.234930038452148,140.54904174804688,11.270865440368652
161.0,5.625,0.09855522960424423,290.5506591796875,11.234945297241211,140.55043029785156,11.270865440368652
162.0,5.625,0.09845811128616333,290.5499572753906,11.234983444213867,140.5518341064453,11.270865440368652
163.0,5.625,0.09838041663169861,290.54925537109375,11.235018730163574,140.55325317382812,11.270865440368652
164.0,5.625,0.09829945117235184,290.548583984375,11.235047340393066,140.5546875,11.270865440368652
165.0,5.625,0.09825242310762405,290.54791259765625,11.23507022857666,140.5561065673828,11.270865440368652
166.0,5.625,0.09819574654102325,290.5472717285156,11.235086441040039,140.55755615234375,11.270865440368652
167.0,5.625,0.09817305207252502,290.546630859375,11.235095977783203,140.55899047851562,11.270865440368652
168.0,5.625,0.09817773848772049,290.5459899902344,11.235099792480469,140.5604248046875,11.270865440368652
169.0,5.625,0.09817321598529816,290.5453796386719,11.235097885131836,140.5618896484375,11.270865440368652
170.0,5.625,0.09820207208395004,290.5447692871094,11.235089302062988,140.56333923339844,11.270865440368652
171.0,5.625,0.09822718799114227,290.544189453125,11.235074996948242,140.56480407714844,11.270865440368652
172.0,5.625,0.0982801765203476,290.5436096191406,11.235054016113281,140.56626892089844,11.270865440368652
173.0,5.625,0.09836102277040482,290.54302978515625,11.235026359558105,140.56773376464844,11.270865440368652
174.0,5.625,0.0984383076429367,290.54248046875,11.234992980957031,140.5692138671875,11.270865440368652
175.0,5.625,0.09853915870189667,290.54193115234375,11.234953880310059,140.57070922851562,11.270865440368652
176.0,5.625,0.09864531457424164,290.5414123535156,11.234907150268555,140.5721893310547,11.270865440368652
177.0,5.625,0.0988018587231636,290.5408630371094,11.234855651855469,140.5736846923828,11.270865440368652
178.0,5.625,0.0989290103316307,290.5403747558594,11.234796524047852,140.5751953125,11.270865440368652
179.0,5.625,0.09910814464092255,290.53985595703125,11.234731674194336,140.57672119140625,11.270865440368652
180.0,5.625,0.09928826242685318,290.53936767578125,11.234660148620605,140.5782470703125,11.270865440368652
181.0,5.625,0.09946896135807037,290.5389099121094,11.23458194732666,140.57977294921875,11.270865440368652
182.0,5.625,0.09970250725746155,290.5384216308594,11.234498023986816,140.58131408691406,11.270865440368652
183.0,5.625,0.09993698447942734,290.5379638671875,11.234406471252441,140.58285522460938,11.270865440368652
184.0,5.625,0.10016981512308121,290.53753662109375,11.234308242797852,140.58441162109375,11.270865440368652
185.0,5.625,0.1004273071885109,290.537109375,11.234204292297363,140.58599853515625,11.270865440368652
186.0,5.625,0.10074329376220703,290.5366516113281,11.234092712402344,140.5875701904297,11.270865440368652
187.0,5.625,0.10103058069944382,290.5362548828125,11.23397445678711,140.5891571044922,11.270865440368652
188.0,5.625,0.10134539753198624,290.5358581542969,11.23384952545166,140.59075927734375,11.270865440368652
189.0,5.625,0.10168918967247009,290.53546142578125,11.23371696472168,140.5923614501953,11.270865440368652
190.0,5.625,0.10203263908624649,290.53509521484375,11.233577728271484,140.593994140625,11.270865440368652
191.0,5.625,0.10240547358989716,290.53472900390625,11.233430862426758,140.5956268310547,11.270865440368652
192.0,5.625,0.10280720144510269,290.53436279296875,11.233277320861816,140.59727478027344,11.270865440368652
193.0,5.625,0.10321017354726791,290.5340270996094,11.233116149902344,140.5989227294922,11.270865440368652
194.0,5.625,0.10364343225955963,290.53369140625,11.23294734954834,140.60060119628906,11.270865440368652
195.0,5.625,0.10407920926809311,290.53338623046875,11.232770919799805,140.602294921875,11.270865440368652
196.0,5.625,0.10454519093036652,290.5330810546875,11.232585906982422,140.60398864746094,11.270865440368652
197.0,5.625,0.10504303127527237,290.53277587890625,11.232394218444824,140.605712890625,11.270865440368652
198.0,5.625,0.1055438369512558,290.5325012207031,11.232192993164062,140.60743713378906,11.270865440368652
199.0,5.625,0.10607589036226273,290.5322265625,11.231985092163086,140.6091766357422,11.270865440368652
200.0,5.625,0.10664065182209015,290.5319519042969,11.231767654418945,140.61093139648438,11.270865440368652
201.0,5.625,0.1072123646736145,290.5317077636719,11.231542587280273,140.6127166748047,11.270865440368652
202.0,5.625,0.10779042541980743,290.531494140625,11.231307983398438,140.61451721191406,11.270865440368652
203.0,5.625,0.10839962959289551,290.5312805175781,11.231064796447754,140.61631774902344,11.270865440368652
204.0,5.625,0.10904566198587418,290.53106689453125,11.230813026428223,140.61814880371094,11.270865440368652
205.0,5.625,0.10969962924718857,290.5308837890625,11.230550765991211,140.6199951171875,11.270865440368652
206.0,5.625,0.11038847267627716,290.53070068359375,11.230279922485352,140.62185668945312,11.270865440368652
207.0,5.625,0.11111653596162796,290.530517578125,11.229999542236328,140.62374877929688,11.270865440368652
208.0,5.625,0.11188552528619766,290.53033447265625,11.229697227478027,140.6256561279297,11.270865440368652
209.0,5.625,0.11273455619812012,290.5301208496094,11.229363441467285,140.6276092529297,11.270865440368652
210.0,5.625,0.11359912902116776,290.5299377441406,11.229018211364746,140.6295928955078,11.270865440368652
211.0,5.625,0.11450210213661194,290.5297546386719,11.22866153717041,140.631591796875,11.270865440368652
212.0,5.625,0.11544842272996902,290.5295715332031,11.228293418884277,140.6336212158203,11.270865440368652
213.0,5.625,0.1164134293794632,290.5294189453125,11.227911949157715,140.63568115234375,11.270865440368652
214.0,5.625,0.11741801351308823,290.5292663574219,11.227519035339355,140.63775634765625,11.270865440368652
215.0,5.625,0.11844313144683838,290.5291442871094,11.22711181640625,140.63986206054688,11.270865440368652
216.0,5.625,0.11952053010463715,290.5290222167969,11.226692199707031,140.6420135498047,11.270865440368652
217.0,5.625,0.12061429023742676,290.5289306640625,11.226259231567383,140.64418029785156,11.270865440368652
218.0,5.625,0.12173787504434586,290.52886962890625,11.225811958312988,140.64639282226562,11.270865440368652
219.0,5.625,0.1229051947593689,290.52880859375,11.225349426269531,140.64862060546875,11.270865440368652
220.0,5.625,0.12412910163402557,290.52874755859375,11.224872589111328,140.65089416503906,11.270865440368652
221.0,5.625,0.12538696825504303,290.5287170410156,11.224379539489746,140.65321350097656,11.270865440368652
222.0,5.625,0.12666578590869904,290.5287170410156,11.223871231079102,140.65554809570312,11.270865440368652
223.0,5.625,0.1280052810907364,290.5287170410156,11.223345756530762,140.65792846679688,11.270865440368652
224.0,5.625,0.12938229739665985,290.52874755859375,11.222804069519043,140.6603546142578,11.270865440368652
225.0,5.625,0.13079145550727844,290.52880859375,11.222244262695312,140.66281127929688,11.270865440368652
226.0,5.625,0.13226467370986938,290.52886962890625,11.22166633605957,140.66531372070312,11.270865440368652
227.0,5.625,0.13378028571605682,290.5289611816406,11.2210693359375,140.66786193847656,11.270865440368652
228.0,5.625,0.13533136248588562,290.5290832519531,11.220453262329102,140.67044067382812,11.270865440368652
229.0,5.625,0.13695886731147766,290.5292053222656,11.219816207885742,140.67308044433594,11.270865440368652
230.0,5.625,0.1386415958404541,290.52935791015625,11.219159126281738,140.67578125,11.270865440368652
231.0,5.625,0.1403430849313736,290.5295715332031,11.21847915649414,140.6785125732422,11.270865440368652
232.0,5.625,0.14213763177394867,290.5297546386719,11.217777252197266,140.68128967285156,11.270865440368652
233.0,5.625,0.1439504623413086,290.530029296875,11.217052459716797,140.6841278076172,11.270865440368652
234.0,5.625,0.14586853981018066,290.5302734375,11.216302871704102,140.68702697753906,11.270865440368652
235.0,5.625,0.14783109724521637,290.53057861328125,11.215527534484863,140.6899871826172,11.270865440368652
236.0,5.625,0.14988064765930176,290.5308837890625,11.214726448059082,140.69300842285156,11.270865440368652
237.0,5.625,0.1519688367843628,290.53125,11.213898658752441,140.69607543945312,11.270865440368652
238.0,5.625,0.15415775775909424,290.5316162109375,11.213041305541992,140.69921875,11.270865440368652
239.0,5.625,0.15639972686767578,290.53204345703125,11.21215534210205,140.70242309570312,11.270865440368652
240.0,5.625,0.1587088406085968,290.53253173828125,11.211237907409668,140.70570373535156,11.270865440368652
241.0,5.625,0.16114234924316406,290.5329895019531,11.210289001464844,140.7090606689453,11.270865440368652
242.0,5.625,0.16361889243125916,290.5335388183594,11.209305763244629,140.7124786376953,11.270865440368652
243.0,5.625,0.1662096083164215,290.53411865234375,11.208288192749023,140.71600341796875,11.270865440368652
244.0,5.625,0.1688845455646515,290.53472900390625,11.207233428955078,140.71958923339844,11.270865440368652
245.0,5.625,0.17165586352348328,290.5353698730469,11.206141471862793,140.72325134277344,11.270865440368652
246.0,5.625,0.17452821135520935,290.5361022949219,11.205008506774902,140.72703552246094,11.270865440368652
247.0,5.625,0.17750751972198486,290.5368347167969,11.203834533691406,140.7308807373047,11.270865440368652
248.0,5.625,0.18059492111206055,290.53765869140625,11.202616691589355,140.73484802246094,11.270865440368652
249.0,5.625,0.18380199372768402,290.53851318359375,11.201353073120117,140.73890686035156,11.270865440368652
250.0,5.625,0.18712842464447021,290.5394287109375,11.200040817260742,140.74307250976562,11.270865440368652
251.0,5.625,0.19060349464416504,290.5403747558594,11.198678970336914,140.7473602294922,11.270865440368652
252.0,5.625,0.1941906064748764,290.5414123535156,11.197263717651367,140.7517547607422,11.270865440368652
253.0,5.625,0.19790644943714142,290.54254150390625,11.195793151855469,140.7562713623047,11.270865440368652
254.0,5.625,0.2017945647239685,290.543701171875,11.194263458251953,140.76092529296875,11.270865440368652
255.0,5.625,0.20581962168216705,290.5449523925781,11.192672729492188,140.7657012939453,11.270865440368652
256.0,5.625,0.21003663539886475,290.5462646484375,11.191017150878906,140.77064514160156,11.270865440368652
257.0,5.625,0.21441292762756348,290.54766845703125,11.189292907714844,140.77572631835938,11.270865440368652
258.0,5.625,0.21897698938846588,290.54913330078125,11.18749713897705,140.7809600830078,11.270865440368652
259.0,5.625,0.2237115055322647,290.55072021484375,11.185625076293945,140.78634643554688,11.270865440368652
260.0,5.625,0.22867237031459808,290.5523986816406,11.183671951293945,140.79193115234375,11.270865440368652
261.0,5.625,0.23383820056915283,290.5541687011719,11.181634902954102,140.7976837158203,11.270865440368652
262.0,5.625,0.23924507200717926,290.5560607910156,11.1795072555542,140.80364990234375,11.270865440368652
263.0,5.625,0.24487343430519104,290.5580749511719,11.17728328704834,140.80979919433594,11.270865440368652
264.0,5.625,0.2507827877998352,290.5602111816406,11.174958229064941,140.81619262695312,11.270865440368652
265.0,5.625,0.25696098804473877,290.56243896484375,11.172526359558105,140.8227996826172,11.270865440368652
266.0,5.625,0.26341861486434937,290.5648498535156,11.169979095458984,140.82965087890625,11.270865440368652
267.0,5.625,0.2701925039291382,290.5673828125,11.167309761047363,140.83676147460938,11.270865440368652
268.0,5.625,0.27728959918022156,290.5700988769531,11.164511680603027,140.84414672851562,11.270865440368652
269.0,5.625,0.2847403883934021,290.5729675292969,11.16157341003418,140.85182189941406,11.270865440368652
270.0,5.625,0.29257434606552124,290.5760192871094,11.158487319946289,140.8598175048828,11.270865440368652
271.0,5.625,0.3008100986480713,290.57928466796875,11.155242919921875,140.86814880371094,11.270865440368652
272.0,5.625,0.3094773292541504,290.5827331542969,11.15182876586914,140.8768310546875,11.270865440368652
273.0,5.625,0.31860584020614624,290.58642578125,11.148231506347656,140.88589477539062,11.270865440368652
274.0,5.625,0.32822173833847046,290.5903625488281,11.144438743591309,140.89535522460938,11.270865440368652
275.0,5.625,0.33837971091270447,290.59454345703125,11.140435218811035,140.90525817871094,11.270865440368652
276.0,5.625,0.3491295874118805,290.5990295410156,11.13620376586914,140.9156494140625,11.270865440368652
277.0,5.625,0.36048707365989685,290.60382080078125,11.131726264953613,140.92652893066406,11.270865440368652
278.0,5.625,0.37252241373062134,290.60894775390625,11.126982688903809,140.93795776367188,11.270865440368652
279.0,5.625,0.3852940499782562,290.61444091796875,11.121950149536133,140.94998168945312,11.270865440368652
280.0,5.625,0.3988479673862457,290.6203308105469,11.116604804992676,140.96263122558594,11.270865440368652
281.0,5.625,0.41249221563339233,290.62664794921875,11.111231803894043,140.9752655029297,11.270865440368652
282.0,5.625,0.4244701862335205,290.6333923339844,11.10650634765625,140.9862518310547,11.270865440368652
283.0,5.625,0.4370294213294983,290.64056396484375,11.101556777954102,140.99765014648438,11.270865440368652
284.0,5.625,0.45019835233688354,290.64813232421875,11.096369743347168,141.0094757080078,11.270865440368652
285.0,5.625,0.46400904655456543,290.6561584472656,11.09092903137207,141.02174377441406,11.270865440368652
286.0,5.625,0.4784916639328003,290.6646423339844,11.085219383239746,141.0344696044922,11.270865440368652
287.0,5.625,0.49369803071022034,290.6736755371094,11.079224586486816,141.0476837158203,11.270865440368652
288.0,5.625,0.509689450263977,290.6832580566406,11.07292652130127,141.06143188476562,11.270865440368652
289.0,5.625,0.5264893174171448,290.69342041015625,11.066304206848145,141.07571411132812,11.270865440368652
290.0,5.625,0.5441672205924988,290.7042236328125,11.05933666229248,141.090576171875,11.270865440368652
291.0,5.625,0.5627815127372742,290.7157287597656,11.052002906799316,141.10604858398438,11.270865440368652
292.0,5.625,0.5823845863342285,290.7279357910156,11.044276237487793,141.12216186523438,11.270865440368652
293.0,5.625,0.60306316614151,290.740966796875,11.036130905151367,141.1389617919922,11.270865440368652
294.0,5.625,0.6248525381088257,290.7547912597656,11.027538299560547,141.15646362304688,11.270865440368652
295.0,5.625,0.6478794813156128,290.7695617675781,11.018467903137207,141.17474365234375,11.270865440368652
296.0,5.625,0.6721820831298828,290.7853088378906,11.008886337280273,141.1938018798828,11.270865440368652
297.0,5.625,0.6972834467887878,290.80194091796875,10.998997688293457,141.21319580078125,11.270865440368652
298.0,5.625,0.7197468876838684,290.818603515625,10.990142822265625,141.2298583984375,11.270865440368652
299.0,5.625,0.7432805299758911,290.8362121582031,10.98086929321289,141.24705505371094,11.270865440368652
300.0,5.625,0.7679243087768555,290.8547668457031,10.97115421295166,141.26480102539062,11.270865440368652
301.0,5.625,0.7937644720077515,290.8744201660156,10.960972785949707,141.28311157226562,11.270865440368652
302.0,5.625,0.820847749710083,290.8951416015625,10.950301170349121,141.30201721191406,11.270865440368652
303.0,5.625,0.8492305278778076,290.91705322265625,10.939112663269043,141.32150268554688,11.270865440368652
304.0,5.625,0.8790053129196167,290.9402160644531,10.927380561828613,141.34161376953125,11.270865440368652
305.0,5.625,0.9102267622947693,290.9646911621094,10.915077209472656,141.3623504638672,11.270865440368652
306.0,5.625,0.9429638385772705,290.9905700683594,10.902173042297363,141.3837127685547,11.270865440368652
307.0,5.625,0.9773144125938416,291.0179443359375,10.88863754272461,141.40573120117188,11.270865440368652
308.0,5.625,1.0133403539657593,291.046875,10.874441146850586,141.42840576171875,11.270865440368652
309.0,5.625,1.051106333732605,291.07745361328125,10.859552383422852,141.45172119140625,11.270865440368652
310.0,5.625,1.0907292366027832,291.1097717285156,10.843939781188965,141.47572326660156,11.270865440368652
311.0,5.625,1.13225519657135,291.1439514160156,10.827573776245117,141.50035095214844,11.270865440368652
312.0,5.625,1.175781011581421,291.1800537109375,10.81042194366455,141.525634765625,11.270865440368652
313.0,5.625,1.2190299034118652,291.2170715332031,10.793381690979004,141.54969787597656,11.270865440368652
314.0,5.625,1.2532892227172852,291.2506103515625,10.779875755310059,141.5657958984375,11.270865440368652
315.0,5.625,1.2882670164108276,291.2852783203125,10.766098022460938,141.58154296875,11.270865440368652
316.0,5.625,1.323838233947754,291.3209533691406,10.752069473266602,141.59683227539062,11.270865440368652
317.0,5.625,1.3600034713745117,291.3576965332031,10.73781967163086,141.61160278320312,11.270865440368652
318.0,5.625,1.3966373205184937,291.3954162597656,10.723381996154785,141.625732421875,11.270865440368652
319.0,5.625,1.433652400970459,291.4340515136719,10.708794593811035,141.63912963867188,11.270865440368652
320.0,5.625,1.4709535837173462,291.47357177734375,10.694101333618164,141.65167236328125,11.270865440368652
321.0,5.625,1.508375644683838,291.5138244628906,10.679352760314941,141.66323852539062,11.270865440368652
322.0,5.625,1.5457950830459595,291.5547180175781,10.664604187011719,141.67372131347656,11.270865440368652
323.0,5.625,1.5830469131469727,291.59613037109375,10.649918556213379,141.6829833984375,11.270865440368652
324.0,5.625,1.619983196258545,291.6379699707031,10.635363578796387,141.69088745117188,11.270865440368652
325.0,5.625,1.6563985347747803,291.6800231933594,10.621013641357422,141.69732666015625,11.270865440368652
326.0,5.625,1.7187964916229248,291.7394104003906,10.596429824829102,141.71958923339844,11.270865440368652
327.0,5.625,1.8095934391021729,291.81854248046875,10.56064510345459,141.7583465576172,11.270865440368652
328.0,5.625,1.9066519737243652,291.9035339355469,10.522393226623535,141.79861450195312,11.270865440368652
329.0,5.625,1.9954109191894531,291.984619140625,10.487410545349121,141.8311309814453,11.270865440368652
330.0,5.625,2.090193033218384,292.0713806152344,10.450056076049805,141.86480712890625,11.270865440368652
331.0,5.625,2.19149112701416,292.1642761230469,10.410133361816406,141.89968872070312,11.270865440368652
332.0,5.625,2.299842596054077,292.2638244628906,10.367439270019531,141.93580627441406,11.270865440368652
333.0,5.625,2.415787696838379,292.37054443359375,10.321744918823242,141.97315979003906,11.270865440368652
334.0,5.625,2.539949417114258,292.48504638671875,10.272804260253906,142.01174926757812,11.270865440368652
335.0,5.625,2.673029661178589,292.6080017089844,10.220361709594727,142.05160522460938,11.270865440368652
336.0,5.625,2.723682403564453,292.67108154296875,10.200397491455078,142.04376220703125,11.270865440368652
337.0,5.625,2.727219343185425,292.69873046875,10.19900894165039,142.0097198486328,11.270865440368652
338.0,5.625,2.7276554107666016,292.7234191894531,10.198838233947754,141.97360229492188,11.270865440368652
339.0,5.625,2.725006103515625,292.7450866699219,10.199886322021484,141.93553161621094,11.270865440368652
340.0,5.625,2.719277858734131,292.7636413574219,10.20214557647705,141.89566040039062,11.270865440368652
341.0,5.625,2.71049165725708,292.7790222167969,10.205599784851074,141.8541259765625,11.270865440368652
342.0,5.625,2.6987500190734863,292.7912292480469,10.210225105285645,141.81114196777344,11.270865440368652
343.0,5.625,2.6936826705932617,292.8080139160156,10.212227821350098,141.77099609375,11.270865440368652
344.0,5.625,2.6906561851501465,292.8257141113281,10.213417053222656,141.73150634765625,11.270865440368652
345.0,5.625,2.6851966381073,292.8406982421875,10.215569496154785,141.69076538085938,11.270865440368652
346.0,5.625,2.705366611480713,292.876220703125,10.207621574401855,141.65992736816406,11.270865440368652
347.0,5.625,2.7417359352111816,292.9248962402344,10.193285942077637,141.6343231201172,11.270865440368652
348.0,5.625,2.77675724029541,292.97222900390625,10.17949104309082,141.60682678222656,11.270865440368652
349.0,5.625,2.838636636734009,293.0421142578125,10.155101776123047,141.58738708496094,11.270865440368652
350.0,5.625,2.895895481109619,293.1080627441406,10.132536888122559,141.56427001953125,11.270865440368652
351.0,5.625,2.9477615356445312,293.1692810058594,10.11209774017334,141.53741455078125,11.270865440368652
352.0,5.625,2.9934921264648438,293.2249755859375,10.094066619873047,141.50685119628906,11.270865440368652
353.0,5.625,2.9836630821228027,293.2319030761719,10.097945213317871,141.45855712890625,11.270865440368652
354.0,5.625,2.928795099258423,293.19842529296875,10.119574546813965,141.39796447753906,11.270865440368652
355.0,5.625,2.8737947940826416,293.16351318359375,10.141244888305664,141.3387908935547,11.270865440368652
356.0,5.625,2.818840503692627,293.12738037109375,10.162903785705566,141.2810821533203,11.270865440368652
357.0,5.625,2.7640368938446045,293.09014892578125,10.18449878692627,141.22491455078125,11.270865440368652
358.0,5.625,2.735975742340088,293.0756530761719,10.195560455322266,141.17591857910156,11.270865440368652
359.0,5.625,2.7158796787261963,293.0673522949219,10.203473091125488,141.12918090820312,11.270865440368652
0.0,0.0,3.72739839553833,293.9878234863281,9.877883911132812,141.40992736816406,11.270865440368652
1.0,0.0,3.2378547191619873,293.5585632324219,10.061223983764648,141.25201416015625,11.270865440368652
2.0,0.0,3.175410747528076,293.5128479003906,10.084602355957031,141.18911743164062,11.270865440368652
3.0,0.0,3.15887713432312,293.5076904296875,10.090794563293457,141.1358642578125,11.270865440368652
4.0,0.0,3.1545963287353516,293.51275634765625,10.092398643493652,141.0848846435547,11.270865440368652
5.0,0.0,3.1467385292053223,293.5136413574219,10.0953369140625,141.03338623046875,11.270865440368652
6.0,0.0,3.1353933811187744,293.5104064941406,10.099588394165039,140.98158264160156,11.270865440368652
7.0,0.0,3.120615005493164,293.5030822753906,10.105122566223145,140.92965698242188,11.270865440368652
8.0,0.0,3.1025116443634033,293.49176025390625,10.111903190612793,140.87779235839844,11.270865440368652
9.0,0.0,3.081190586090088,293.4765319824219,10.11988353729248,140.82620239257812,11.270865440368652
10.0,0.0,3.056838274002075,293.45758056640625,10.129009246826172,140.77503967285156,11.270865440368652
11.0,0.0,3.029554843902588,293.43499755859375,10.13922119140625,140.7244873046875,11.270865440368652
12.0,0.0,2.9995760917663574,293.4090270996094,10.150456428527832,140.67471313476562,11.270865440368652
13.0,0.0,2.9670233726501465,293.3797912597656,10.162644386291504,140.6258544921875,11.270865440368652
14.0,0.0,2.846912145614624,293.2685241699219,10.207630157470703,140.57858276367188,11.270865440368652
15.0,0.0,2.7320871353149414,293.161376953125,10.250630378723145,140.5350799560547,11.270865440368652
16.0,0.0,2.6237294673919678,293.0595397949219,10.291210174560547,140.4950714111328,11.270865440368652
17.0,0.0,2.521392345428467,292.9626770019531,10.329526901245117,140.458251953125,11.270865440368652
18.0,0.0,2.4247543811798096,292.8705749511719,10.365726470947266,140.4243927001953,11.270865440368652
19.0,0.0,2.333364725112915,292.7828674316406,10.399946212768555,140.3932342529297,11.270865440368652
20.0,0.0,2.234466791152954,292.6878662109375,10.436983108520508,140.36587524414062,11.270865440368652
21.0,0.0,2.084559679031372,292.5456848144531,10.493119239807129,140.3478240966797,11.270865440368652
22.0,0.0,1.9497710466384888,292.41741943359375,10.54360580444336,140.3326416015625,11.270865440368652
23.0,0.0,1.8824076652526855,292.3509216308594,10.568833351135254,140.3116455078125,11.270865440368652
24.0,0.0,1.8396557569503784,292.30670166015625,10.584844589233398,140.2887725830078,11.270865440368652
25.0,0.0,1.7979302406311035,292.2631530761719,10.600465774536133,140.26718139648438,11.270865440368652
26.0,0.0,1.7572702169418335,292.2203369140625,10.61569595336914,140.2467803955078,11.270865440368652
27.0,0.0,1.7176433801651,292.1782531738281,10.630536079406738,140.22756958007812,11.270865440368652
28.0,0.0,1.6790329217910767,292.13690185546875,10.644989013671875,140.20947265625,11.270865440368652
29.0,0.0,1.6414726972579956,292.0963439941406,10.659058570861816,140.19244384765625,11.270865440368652
30.0,0.0,1.6049355268478394,292.05657958984375,10.672747611999512,140.1764678955078,11.270865440368652
31.0,0.0,1.569358229637146,292.0175476074219,10.686063766479492,140.1614532470703,11.270865440368652
32.0,0.0,1.5347938537597656,291.9793395996094,10.699009895324707,140.14739990234375,11.270865440368652
33.0,0.0,1.5012062788009644,291.9419250488281,10.711593627929688,140.1342315673828,11.270865440368652
34.0,0.0,1.468544602394104,291.9052734375,10.723822593688965,140.12193298339844,11.270865440368652
35.0,0.0,1.4368218183517456,291.8694152832031,10.735703468322754,140.11045837402344,11.270865440368652
36.0,0.0,1.393115520477295,291.8232727050781,10.75206470489502,140.10430908203125,11.270865440368652
37.0,0.0,1.3320958614349365,291.7625732421875,10.774919509887695,140.10598754882812,11.270865440368652
38.0,0.0,1.2519150972366333,291.6861267089844,10.804946899414062,140.11695861816406,11.270865440368652
39.0,0.0,1.179283618927002,291.61676025390625,10.832143783569336,140.12745666503906,11.270865440368652
40.0,0.0,1.1132655143737793,291.5535888671875,10.856867790222168,140.13748168945312,11.270865440368652
41.0,0.0,1.05306077003479,291.4958801269531,10.879419326782227,140.1470947265625,11.270865440368652
42.0,0.0,0.9979642629623413,291.4429626464844,10.900053977966309,140.15631103515625,11.270865440368652
43.0,0.0,0.9473810195922852,291.394287109375,10.918990135192871,140.16517639160156,11.270865440368652
44.0,0.0,0.9008719325065613,291.3494567871094,10.93641471862793,140.1737060546875,11.270865440368652
45.0,0.0,0.8683176040649414,291.3161926269531,10.948603630065918,140.17689514160156,11.270865440368652
46.0,0.0,0.8384184837341309,291.2853698730469,10.959805488586426,140.17982482910156,11.270865440368652
47.0,0.0,0.8100982308387756,291.2560729980469,10.970406532287598,140.18287658691406,11.270865440368652
48.0,0.0,0.783280074596405,291.2282409667969,10.980446815490723,140.18603515625,11.270865440368652
49.0,0.0,0.7220684289932251,291.1747131347656,11.003368377685547,140.20849609375,11.270865440368652
50.0,0.0,0.6187244653701782,291.0907287597656,11.04207992553711,140.25587463378906,11.270865440368652
51.0,0.0,0.5402076840400696,291.02685546875,11.0714750289917,140.29205322265625,11.270865440368652
52.0,0.0,0.4786090552806854,290.9767150878906,11.094542503356934,140.32061767578125,11.270865440368652
53.0,0.0,0.4290362000465393,290.93634033203125,11.113117218017578,140.34376525878906,11.270865440368652
54.0,0.0,0.4100402891635895,290.91845703125,11.120220184326172,140.34983825683594,11.270865440368652
55.0,0.0,0.3953680396080017,290.9039001464844,11.12571907043457,140.3538055419922,11.270865440368652
56.0,0.0,0.381619393825531,290.8902282714844,11.130871772766113,140.35765075683594,11.270865440368652
57.0,0.0,0.3687063455581665,290.8773193359375,11.135709762573242,140.36134338378906,11.270865440368652
58.0,0.0,0.35655975341796875,290.8651428222656,11.1402587890625,140.36492919921875,11.270865440368652
59.0,0.0,0.3451197147369385,290.8536071777344,11.144542694091797,140.36837768554688,11.270865440368652
60.0,0.0,0.33433979749679565,290.84271240234375,11.148581504821777,140.37173461914062,11.270865440368652
61.0,0.0,0.3241543769836426,290.8323669433594,11.152396202087402,140.37498474121094,11.270865440368652
62.0,0.0,0.31452006101608276,290.8225402832031,11.15600299835205,140.37814331054688,11.270865440368652
63.0,0.0,0.30540454387664795,290.8132019042969,11.159417152404785,140.38121032714844,11.270865440368652
64.0,0.0,0.29676616191864014,290.8043212890625,11.162652015686035,140.3842010498047,11.270865440368652
65.0,0.0,0.2885563373565674,290.79583740234375,11.165721893310547,140.38711547851562,11.270865440368652
66.0,0.0,0.2807654142379761,290.7877502441406,11.168636322021484,140.38995361328125,11.270865440368652
67.0,0.0,0.2733820080757141,290.7800598144531,11.171407699584961,140.39271545410156,11.270865440368652
68.0,0.0,0.26633498072624207,290.7726745605469,11.174043655395508,140.39541625976562,11.270865440368652
69.0,0.0,0.25963178277015686,290.765625,11.176554679870605,140.39805603027344,11.270865440368652
70.0,0.0,0.253243625164032,290.75885009765625,11.178948402404785,140.40061950683594,11.270865440368652
71.0,0.0,0.24714364111423492,290.75238037109375,11.181231498718262,140.4031524658203,11.270865440368652
72.0,0.0,0.24132859706878662,290.74615478515625,11.183411598205566,140.40560913085938,11.270865440368652
73.0,0.0,0.23577071726322174,290.7402038574219,11.185494422912598,140.4080352783203,11.270865440368652
74.0,0.0,0.23045824468135834,290.7344665527344,11.187485694885254,140.410400390625,11.270865440368652
75.0,0.0,0.225347638130188,290.7289123535156,11.189390182495117,140.41273498535156,11.270865440368652
76.0,0.0,0.22047221660614014,290.7236022949219,11.191214561462402,140.41502380371094,11.270865440368652
77.0,0.0,0.21582524478435516,290.718505859375,11.192961692810059,140.41725158691406,11.270865440368652
78.0,0.0,0.2113502323627472,290.7135925292969,11.194636344909668,140.41946411132812,11.270865440368652
79.0,0.0,0.20705515146255493,290.7088317871094,11.196243286132812,140.421630859375,11.270865440368652
80.0,0.0,0.202936589717865,290.7042236328125,11.197785377502441,140.4237518310547,11.270865440368652
81.0,0.0,0.1989886462688446,290.6997985839844,11.199265480041504,140.42584228515625,11.270865440368652
82.0,0.0,0.19519498944282532,290.6955261230469,11.200687408447266,140.4279022216797,11.270865440368652
83.0,0.0,0.19155123829841614,290.69140625,11.202054023742676,140.429931640625,11.270865440368652
84.0,0.0,0.18803377449512482,290.6873779296875,11.203368186950684,140.4319305419922,11.270865440368652
85.0,0.0,0.1846587061882019,290.6835021972656,11.204632759094238,140.43389892578125,11.270865440368652
86.0,0.0,0.18141292035579681,290.67974853515625,11.205849647521973,140.4358367919922,11.270865440368652
87.0,0.0,0.17827948927879333,290.6761169433594,11.20702075958252,140.43775939941406,11.270865440368652
88.0,0.0,0.1752679944038391,290.672607421875,11.208148956298828,140.4396514892578,11.270865440368652
89.0,0.0,0.172367662191391,290.669189453125,11.209236145019531,140.44151306152344,11.270865440368652
90.0,0.0,0.16956239938735962,290.6658630371094,11.210284233093262,140.443359375,11.270865440368652
91.0,0.0,0.16686338186264038,290.6626281738281,11.211295127868652,140.44517517089844,11.270865440368652
92.0,0.0,0.16426023840904236,290.6595153808594,11.21226978302002,140.4469757080078,11.270865440368652
93.0,0.0,0.16175730526447296,290.656494140625,11.213210105895996,140.44874572753906,11.270865440368652
94.0,0.0,0.15933312475681305,290.6535339355469,11.214118003845215,140.45050048828125,11.270865440368652
95.0,0.0,0.1569906771183014,290.6506652832031,11.214994430541992,140.45223999023438,11.270865440368652
96.0,0.0,0.1547374576330185,290.6478576660156,11.215840339660645,140.45394897460938,11.270865440368652
97.0,0.0,0.1525469720363617,290.6451416015625,11.216657638549805,140.45565795898438,11.270865440368652
98.0,0.0,0.15044426918029785,290.64251708984375,11.217447280883789,140.45733642578125,11.270865440368652
99.0,0.0,0.14840778708457947,290.6399230957031,11.218210220336914,140.45899963378906,11.270865440368652
100.0,0.0,0.1464405357837677,290.6374206542969,11.218948364257812,140.4606475830078,11.270865440368652
101.0,0.0,0.14452333748340607,290.63494873046875,11.219660758972168,140.46229553222656,11.270865440368652
102.0,0.0,0.14268502593040466,290.632568359375,11.22035026550293,140.4639129638672,11.270865440368652
103.0,0.0,0.14090819656848907,290.6302490234375,11.221016883850098,140.46551513671875,11.270865440368652
104.0,0.0,0.13919061422348022,290.62799072265625,11.221662521362305,140.46710205078125,11.270865440368652
105.0,0.0,0.1375175267457962,290.6257629394531,11.222286224365234,140.46868896484375,11.270865440368652
106.0,0.0,0.13598208129405975,290.62359619140625,11.222862243652344,140.47018432617188,11.270865440368652
107.0,0.0,0.13453462719917297,290.6214904785156,11.223404884338379,140.4716339111328,11.270865440368652
108.0,0.0,0.13312700390815735,290.6194152832031,11.223930358886719,140.47308349609375,11.270865440368652
109.0,0.0,0.13177256286144257,290.61737060546875,11.22443962097168,140.47451782226562,11.270865440368652
110.0,0.0,0.13045328855514526,290.6153869628906,11.224933624267578,140.4759521484375,11.270865440368652
111.0,0.0,0.1291712373495102,290.6134338378906,11.225411415100098,140.47738647460938,11.270865440368652
112.0,0.0,0.1279354840517044,290.6115417480469,11.225873947143555,140.4788055419922,11.270865440368652
113.0,0.0,0.1267482042312622,290.60968017578125,11.226322174072266,140.48020935058594,11.270865440368652
114.0,0.0,0.12558090686798096,290.60784912109375,11.22675609588623,140.48162841796875,11.270865440368652
115.0,0.0,0.12446059286594391,290.6060485839844,11.227176666259766,140.4830322265625,11.270865440368652
116.0,0.0,0.12338081002235413,290.60430908203125,11.227582931518555,140.4844207763672,11.270865440368652
117.0,0.0,0.12231732159852982,290.60260009765625,11.227977752685547,140.48582458496094,11.270865440368652
118.0,0.0,0.12129779160022736,290.6009216308594,11.22835922241211,140.48721313476562,11.270865440368652
119.0,0.0,0.12031492590904236,290.5992431640625,11.228728294372559,140.4886016845703,11.270865440368652
120.0,0.0,0.11936710774898529,290.5976257324219,11.229084968566895,140.48997497558594,11.270865440368652
121.0,0.0,0.11844626069068909,290.5960388183594,11.22943115234375,140.49134826660156,11.270865440368652
122.0,0.0,0.11753897368907928,290.594482421875,11.229764938354492,140.49273681640625,11.270865440368652
123.0,0.0,0.11669314652681351,290.5929260253906,11.23008918762207,140.4940948486328,11.270865440368652
124.0,0.0,0.1158505380153656,290.5914306640625,11.230401039123535,140.49546813964844,11.270865440368652
125.0,0.0,0.11503168940544128,290.5899658203125,11.230703353881836,140.49684143066406,11.270865440368652
126.0,0.0,0.11425971239805222,290.5885009765625,11.230996131896973,140.49819946289062,11.270865440368652
127.0,0.0,0.11351144313812256,290.5870666503906,11.231277465820312,140.4995574951172,11.270865440368652
128.0,0.0,0.1127733588218689,290.585693359375,11.231550216674805,140.50091552734375,11.270865440368652
129.0,0.0,0.112080417573452,290.58428955078125,11.231812477111816,140.5022735595703,11.270865440368652
130.0,0.0,0.11140875518321991,290.58294677734375,11.23206615447998,140.5036163330078,11.270865440368652
131.0,0.0,0.1107441633939743,290.5816345214844,11.23231029510498,140.50497436523438,11.270865440368652
132.0,0.0,0.11011169850826263,290.580322265625,11.232545852661133,140.50633239746094,11.270865440368652
133.0,0.0,0.10951031744480133,290.57904052734375,11.232772827148438,140.50767517089844,11.270865440368652
134.0,0.0,0.10892874002456665,290.5777587890625,11.232991218566895,140.509033203125,11.270865440368652
135.0,0.0,0.10836247354745865,290.5765380859375,11.233201026916504,140.5103759765625,11.270865440368652
136.0,0.0,0.10784256458282471,290.5752868652344,11.233402252197266,140.51171875,11.270865440368652
137.0,0.0,0.10731177031993866,290.5740966796875,11.233595848083496,140.51307678222656,11.270865440368652
138.0,0.0,0.10682377219200134,290.5729064941406,11.233781814575195,140.51441955566406,11.270865440368652
139.0,0.0,0.10635095834732056,290.5717468261719,11.233959197998047,140.51576232910156,11.270865440368652
140.0,0.0,0.10589175671339035,290.57061767578125,11.234129905700684,140.51710510253906,11.270865440368652
141.0,0.0,0.10545200109481812,290.5694885253906,11.234292030334473,140.51846313476562,11.270865440368652
142.0,0.0,0.10505394637584686,290.568359375,11.234447479248047,140.51980590820312,11.270865440368652
143.0,0.0,0.10464002192020416,290.5672912597656,11.23459529876709,140.5211639404297,11.270865440368652
144.0,0.0,0.10428491234779358,290.5661926269531,11.234736442565918,140.5225067138672,11.270865440368652
145.0,0.0,0.10391256958246231,290.5651550292969,11.234869956970215,140.52386474609375,11.270865440368652
146.0,0.0,0.10358918458223343,290.5640869140625,11.23499584197998,140.5252227783203,11.270865440368652
147.0,0.0,0.10326739400625229,290.5630798339844,11.235116004943848,140.5265655517578,11.270865440368652
148.0,0.0,0.102964848279953,290.56207275390625,11.235228538513184,140.52792358398438,11.270865440368652
149.0,0.0,0.10268156230449677,290.5610656738281,11.235335350036621,140.529296875,11.270865440368652
150.0,0.0,0.10241806507110596,290.5600891113281,11.235434532165527,140.53065490722656,11.270865440368652
151.0,0.0,0.10217428207397461,290.5591125488281,11.235527038574219,140.5320281982422,11.270865440368652
152.0,0.0,0.10194822400808334,290.55816650390625,11.235613822937012,140.53338623046875,11.270865440368652
153.0,0.0,0.10172083228826523,290.5572509765625,11.235692977905273,140.53475952148438,11.270865440368652
154.0,0.0,0.10152198374271393,290.55633544921875,11.235766410827637,140.5361328125,11.270865440368652
155.0,0.0,0.10134333372116089,290.555419921875,11.235833168029785,140.5375213623047,11.270865440368652
156.0,0.0,0.10118012130260468,290.5545349121094,11.235894203186035,140.5388946533203,11.270865440368652
157.0,0.0,0.1010371670126915,290.55364990234375,11.23594856262207,140.540283203125,11.270865440368652
158.0,0.0,0.10092303901910782,290.5527648925781,11.235997200012207,140.5416717529297,11.270865440368652
159.0,0.0,0.10081527382135391,290.5519104003906,11.236038208007812,140.54306030273438,11.270865440368652
160.0,0.0,0.10070418566465378,290.55108642578125,11.236074447631836,140.54446411132812,11.270865440368652
161.0,0.0,0.10062181949615479,290.5502624511719,11.236104011535645,140.54586791992188,11.270865440368652
162.0,0.0,0.1005682498216629,290.5494384765625,11.236126899719238,140.54727172851562,11.270865440368652
163.0,0.0,0.10052838921546936,290.5486145019531,11.23614501953125,140.5487060546875,11.270865440368652
164.0,0.0,0.10040104389190674,290.54791259765625,11.236187934875488,140.55015563964844,11.270865440368652
165.0,0.0,0.10029478371143341,290.5472106933594,11.236225128173828,140.55162048339844,11.270865440368652
166.0,0.0,0.10021728277206421,290.5465087890625,11.236255645751953,140.55308532714844,11.270865440368652
167.0,0.0,0.10016854852437973,290.5458068847656,11.236279487609863,140.55455017089844,11.270865440368652
168.0,0.0,0.10011666268110275,290.5451354980469,11.236297607421875,140.5560302734375,11.270865440368652
169.0,0.0,0.10006756335496902,290.54449462890625,11.236310005187988,140.55751037597656,11.270865440368652
170.0,0.0,0.10007287561893463,290.5438232421875,11.236315727233887,140.55899047851562,11.270865440368652
171.0,0.0,0.10007551312446594,290.5431823730469,11.23631477355957,140.56048583984375,11.270865440368652
172.0,0.0,0.10008043050765991,290.5425720214844,11.236308097839355,140.56198120117188,11.270865440368652
173.0,0.0,0.10011354088783264,290.5419616699219,11.236295700073242,140.5634765625,11.270865440368652
174.0,0.0,0.10017045587301254,290.5413513183594,11.236276626586914,140.5649871826172,11.270865440368652
175.0,0.0,0.10022948682308197,290.540771484375,11.236250877380371,140.56649780273438,11.270865440368652
176.0,0.0,0.10031674802303314,290.5401916503906,11.23621940612793,140.56800842285156,11.270865440368652
177.0,0.0,0.10042810440063477,290.53961181640625,11.23618221282959,140.5695343017578,11.270865440368652
178.0,0.0,0.10053765028715134,290.5390625,11.236137390136719,140.57107543945312,11.270865440368652
179.0,0.0,0.10067903995513916,290.53851318359375,11.236087799072266,140.57260131835938,11.270865440368652
180.0,0.0,0.10081502795219421,290.5379943847656,11.236030578613281,140.57415771484375,11.270865440368652
181.0,0.0,0.10097967088222504,290.5374755859375,11.235967636108398,140.57571411132812,11.270865440368652
182.0,0.0,0.10117283463478088,290.5369567871094,11.235898971557617,140.5772705078125,11.270865440368652
183.0,0.0,0.1013924703001976,290.53643798828125,11.235822677612305,140.57884216308594,11.270865440368652
184.0,0.0,0.10158263146877289,290.5359802246094,11.235740661621094,140.58042907714844,11.270865440368652
185.0,0.0,0.1018301323056221,290.5354919433594,11.235651016235352,140.58201599121094,11.270865440368652
186.0,0.0,0.10207632929086685,290.5350341796875,11.235555648803711,140.5836181640625,11.270865440368652
187.0,0.0,0.10237976163625717,290.5345458984375,11.235453605651855,140.58522033691406,11.270865440368652
188.0,0.0,0.1026531308889389,290.53411865234375,11.235344886779785,140.58685302734375,11.270865440368652
189.0,0.0,0.10295754671096802,290.53369140625,11.235228538513184,140.58847045898438,11.270865440368652
190.0,0.0,0.10328900814056396,290.53326416015625,11.235105514526367,140.59011840820312,11.270865440368652
191.0,0.0,0.10364937037229538,290.5328369140625,11.234975814819336,140.59178161621094,11.270865440368652
192.0,0.0,0.10401156544685364,290.5324401855469,11.234838485717773,140.59344482421875,11.270865440368652
193.0,0.0,0.1044030413031578,290.53204345703125,11.234694480895996,140.59512329101562,11.270865440368652
194.0,0.0,0.10479628294706345,290.53167724609375,11.234542846679688,140.59681701660156,11.270865440368652
195.0,0.0,0.10521968454122543,290.53131103515625,11.234383583068848,140.5985107421875,11.270865440368652
196.0,0.0,0.10564544051885605,290.5309753417969,11.234217643737793,140.60023498535156,11.270865440368652
197.0,0.0,0.10613112896680832,290.5306091308594,11.23404312133789,140.6019744873047,11.270865440368652
198.0,0.0,0.10661917179822922,290.5302734375,11.233860969543457,140.6037139892578,11.270865440368652
199.0,0.0,0.10711193829774857,290.52996826171875,11.233671188354492,140.60548400878906,11.270865440368652
200.0,0.0,0.10766566544771194,290.5296325683594,11.23347282409668,140.60726928710938,11.270865440368652
201.0,0.0,0.10819413512945175,290.52935791015625,11.233266830444336,140.6090545654297,11.270865440368652
202.0,0.0,0.10878577828407288,290.529052734375,11.233052253723145,140.61087036132812,11.270865440368652
203.0,0.0,0.1093832328915596,290.5287780761719,11.232829093933105,140.61270141601562,11.270865440368652
204.0,0.0,0.10998733341693878,290.5285339355469,11.232596397399902,140.6145477294922,11.270865440368652
205.0,0.0,0.11062564700841904,290.5282897949219,11.232356071472168,140.6164093017578,11.270865440368652
206.0,0.0,0.11130212247371674,290.5280456542969,11.23210620880127,140.61830139160156,11.270865440368652
207.0,0.0,0.1120111495256424,290.5278015136719,11.231846809387207,140.6201934814453,11.270865440368652
208.0,0.0,0.11273176223039627,290.527587890625,11.23157787322998,140.6221160888672,11.270865440368652
209.0,0.0,0.1134655699133873,290.52740478515625,11.231298446655273,140.6240692138672,11.270865440368652
210.0,0.0,0.11427416652441025,290.5271911621094,11.230992317199707,140.6260528564453,11.270865440368652
211.0,0.0,0.1151575818657875,290.5269470214844,11.230660438537598,140.62806701660156,11.270865440368652
212.0,0.0,0.11608389765024185,290.5267028808594,11.230317115783691,140.63011169433594,11.270865440368652
213.0,0.0,0.11705415695905685,290.5264587402344,11.229961395263672,140.63218688964844,11.270865440368652
214.0,0.0,0.11801101267337799,290.5262756347656,11.229593276977539,140.63427734375,11.270865440368652
215.0,0.0,0.11901291459798813,290.5260925292969,11.22921371459961,140.6363983154297,11.270865440368652
216.0,0.0,0.1200665608048439,290.5259094238281,11.22882080078125,140.63856506347656,11.270865440368652
217.0,0.0,0.12116163223981857,290.5257263183594,11.228415489196777,140.6407470703125,11.270865440368652
218.0,0.0,0.12228453904390335,290.52557373046875,11.227995872497559,140.64297485351562,11.270865440368652
219.0,0.0,0.12342490255832672,290.52545166015625,11.227561950683594,140.6452178955078,11.270865440368652
220.0,0.0,0.12464604526758194,290.5252990722656,11.2271146774292,140.6475067138672,11.270865440368652
221.0,0.0,0.12587371468544006,290.52520751953125,11.226652145385742,140.64984130859375,11.270865440368652
222.0,0.0,0.12712876498699188,290.525146484375,11.226173400878906,140.65220642089844,11.270865440368652
223.0,0.0,0.12846118211746216,290.5250549316406,11.225679397583008,140.65460205078125,11.270865440368652
224.0,0.0,0.1298363357782364,290.5249938964844,11.22516918182373,140.6570587158203,11.270865440368652
225.0,0.0,0.13123473525047302,290.52496337890625,11.224641799926758,140.65953063964844,11.270865440368652
226.0,0.0,0.1327032744884491,290.5249328613281,11.22409725189209,140.6620635986328,11.270865440368652
227.0,0.0,0.13418087363243103,290.52496337890625,11.22353458404541,140.6646270751953,11.270865440368652
228.0,0.0,0.13575595617294312,290.52496337890625,11.222951889038086,140.66725158691406,11.270865440368652
229.0,0.0,0.1373656988143921,290.5249938964844,11.22235107421875,140.66990661621094,11.270865440368652
230.0,0.0,0.13900592923164368,290.52508544921875,11.221729278564453,140.67262268066406,11.270865440368652
231.0,0.0,0.14071595668792725,290.5251770019531,11.221086502075195,140.67538452148438,11.270865440368652
232.0,0.0,0.14250493049621582,290.5252685546875,11.220422744750977,140.67820739746094,11.270865440368652
233.0,0.0,0.1443440318107605,290.525390625,11.219735145568848,140.6810760498047,11.270865440368652
234.0,0.0,0.14622172713279724,290.52557373046875,11.219024658203125,140.6840057373047,11.270865440368652
235.0,0.0,0.1482047438621521,290.5257263183594,11.218290328979492,140.68699645996094,11.270865440368652
236.0,0.0,0.15024039149284363,290.52593994140625,11.217530250549316,140.6900634765625,11.270865440368652
237.0,0.0,0.15233325958251953,290.52618408203125,11.216743469238281,140.69317626953125,11.270865440368652
238.0,0.0,0.15450447797775269,290.5264587402344,11.21592903137207,140.6963653564453,11.270865440368652
239.0,0.0,0.15674637258052826,290.5267639160156,11.215085983276367,140.69961547851562,11.270865440368652
240.0,0.0,0.1591009944677353,290.5270690917969,11.214212417602539,140.7029571533203,11.270865440368652
241.0,0.0,0.1614913046360016,290.5274658203125,11.213308334350586,140.70635986328125,11.270865440368652
242.0,0.0,0.16399894654750824,290.5278625488281,11.212371826171875,140.70985412597656,11.270865440368652
243.0,0.0,0.1665857434272766,290.5282897949219,11.211400985717773,140.71340942382812,11.270865440368652
244.0,0.0,0.16928613185882568,290.52874755859375,11.210393905639648,140.71707153320312,11.270865440368652
245.0,0.0,0.1720741093158722,290.5292663574219,11.209349632263184,140.7208251953125,11.270865440368652
246.0,0.0,0.17495903372764587,290.5298156738281,11.208267211914062,140.7246551513672,11.270865440368652
247.0,0.0,0.17796064913272858,290.5304260253906,11.20714282989502,140.72860717773438,11.270865440368652
248.0,0.0,0.1810760796070099,290.53106689453125,11.205976486206055,140.73265075683594,11.270865440368652
249.0,0.0,0.18433137238025665,290.53173828125,11.204764366149902,140.73681640625,11.270865440368652
250.0,0.0,0.18767443299293518,290.5325012207031,11.20350456237793,140.74107360839844,11.270865440368652
251.0,0.0,0.19117537140846252,290.5332946777344,11.20219612121582,140.74546813964844,11.270865440368652
252.0,0.0,0.1948109120130539,290.5341491699219,11.200835227966309,140.74998474121094,11.270865440368652
253.0,0.0,0.19859710335731506,290.5350646972656,11.199419021606445,140.754638671875,11.270865440368652
254.0,0.0,0.202525332570076,290.5360412597656,11.197945594787598,140.75941467285156,11.270865440368652
255.0,0.0,0.20662471652030945,290.5370788574219,11.196410179138184,140.76434326171875,11.270865440368652
256.0,0.0,0.21088580787181854,290.5382080078125,11.19481086730957,140.76942443847656,11.270865440368652
257.0,0.0,0.2153397798538208,290.5393981933594,11.193142890930176,140.77467346191406,11.270865440368652
258.0,0.0,0.21999019384384155,290.5406494140625,11.191404342651367,140.78009033203125,11.270865440368652
259.0,0.0,0.22484323382377625,290.5419921875,11.18958854675293,140.7856903076172,11.270865440368652
260.0,0.0,0.22989295423030853,290.54345703125,11.187691688537598,140.79147338867188,11.270865440368652
261.0,0.0,0.23519375920295715,290.54498291015625,11.185709953308105,140.79747009277344,11.270865440368652
262.0,0.0,0.24072685837745667,290.5466003417969,11.183637619018555,140.8036651611328,11.270865440368652
263.0,0.0,0.24651791155338287,290.5483703613281,11.18146800994873,140.8101043701172,11.270865440368652
264.0,0.0,0.252590537071228,290.5502014160156,11.17919635772705,140.8167724609375,11.270865440368652
265.0,0.0,0.2589491009712219,290.55218505859375,11.176815032958984,140.82369995117188,11.270865440368652
266.0,0.0,0.2656247019767761,290.5542907714844,11.17431640625,140.83090209960938,11.270865440368652
267.0,0.0,0.2726297974586487,290.5565490722656,11.171693801879883,140.83839416503906,11.270865440368652
268.0,0.0,0.27998730540275574,290.5589599609375,11.168937683105469,140.84619140625,11.270865440368652
269.0,0.0,0.2877199649810791,290.5615234375,11.166038513183594,140.85430908203125,11.270865440368652
270.0,0.0,0.2958713471889496,290.56427001953125,11.162985801696777,140.86279296875,11.270865440368652
271.0,0.0,0.3044582009315491,290.5671691894531,11.159769058227539,140.87164306640625,11.270865440368652
272.0,0.0,0.31352829933166504,290.5703125,11.15637493133545,140.88092041015625,11.270865440368652
273.0,0.0,0.3231063485145569,290.5736389160156,11.152789115905762,140.890625,11.270865440368652
274.0,0.0,0.33322083950042725,290.57720947265625,11.148998260498047,140.90078735351562,11.270865440368652
275.0,0.0,0.34395232796669006,290.5810546875,11.144983291625977,140.91148376464844,11.270865440368652
276.0,0.0,0.35531648993492126,290.5851745605469,11.140726089477539,140.92271423339844,11.270865440368652
277.0,0.0,0.3673848807811737,290.5895690917969,11.13620662689209,140.93453979492188,11.270865440368652
278.0,0.0,0.3802218437194824,290.5943298339844,11.131401062011719,140.947021484375,11.270865440368652
279.0,0.0,0.39387649297714233,290.5994567871094,11.126282691955566,140.96018981933594,11.270865440368652
280.0,0.0,0.4084542989730835,290.6049499511719,11.12082290649414,140.97413635253906,11.270865440368652
281.0,0.0,0.4240434765815735,290.61090087890625,11.114988327026367,140.9889373779297,11.270865440368652
282.0,0.0,0.4407271146774292,290.6173095703125,11.10874080657959,141.00465393066406,11.270865440368652
283.0,0.0,0.45861557126045227,290.6242370605469,11.102039337158203,141.02137756347656,11.270865440368652
284.0,0.0,0.4741003215312958,290.63177490234375,11.09624195098877,141.03575134277344,11.270865440368652
285.0,0.0,0.4900149405002594,290.6398010253906,11.090279579162598,141.05038452148438,11.270865440368652
286.0,0.0,0.5068470239639282,290.64837646484375,11.083980560302734,141.0657196044922,11.270865440368652
287.0,0.0,0.5246349573135376,290.65753173828125,11.077317237854004,141.08177185058594,11.270865440368652
288.0,0.0,0.5434644818305969,290.6673583984375,11.07026195526123,141.09860229492188,11.270865440368652
289.0,0.0,0.5634443759918213,290.6778259277344,11.062783241271973,141.11630249023438,11.270865440368652
290.0,0.0,0.584632158279419,290.6891174316406,11.05484676361084,141.1348876953125,11.270865440368652
291.0,0.0,0.6071521639823914,290.701171875,11.04641342163086,141.1544647216797,11.270865440368652
292.0,0.0,0.6311095952987671,290.7141418457031,11.037442207336426,141.1750946044922,11.270865440368652
293.0,0.0,0.6566339135169983,290.72808837890625,11.027884483337402,141.19686889648438,11.270865440368652
294.0,0.0,0.6819417476654053,290.7427978515625,11.018404960632324,141.21812438964844,11.270865440368652
295.0,0.0,0.7055652141571045,290.7579345703125,11.00955581665039,141.23751831054688,11.270865440368652
296.0,0.0,0.7305183410644531,290.7740783691406,11.000215530395508,141.2577667236328,11.270865440368652
297.0,0.0,0.7568689584732056,290.791259765625,10.990346908569336,141.27890014648438,11.270865440368652
298.0,0.0,0.7847402095794678,290.8095703125,10.979909896850586,141.30099487304688,11.270865440368652
299.0,0.0,0.8142307996749878,290.8291015625,10.968864440917969,141.3240966796875,11.270865440368652
300.0,0.0,0.8454723358154297,290.8499450683594,10.957161903381348,141.34828186035156,11.270865440368652
301.0,0.0,0.8786070346832275,290.8722229003906,10.94475269317627,141.37362670898438,11.270865440368652
302.0,0.0,0.913773775100708,290.8960266113281,10.931581497192383,141.40020751953125,11.270865440368652
303.0,0.0,0.9511566162109375,290.9215393066406,10.917586326599121,141.42811584472656,11.270865440368652
304.0,0.0,0.990894079208374,290.9488220214844,10.902702331542969,141.45742797851562,11.270865440368652
305.0,0.0,1.033202052116394,290.9781188964844,10.886855125427246,141.4882354736328,11.270865440368652
306.0,0.0,1.0783038139343262,291.0095520019531,10.869964599609375,141.5206756591797,11.270865440368652
307.0,0.0,1.1264326572418213,291.0433349609375,10.851943016052246,141.5548553466797,11.270865440368652
308.0,0.0,1.177832007408142,291.0796813964844,10.83269214630127,141.59088134765625,11.270865440368652
309.0,0.0,1.2328157424926758,291.11883544921875,10.81210708618164,141.62892150878906,11.270865440368652
310.0,0.0,1.291670322418213,291.1610412597656,10.790067672729492,141.66909790039062,11.270865440368652
311.0,0.0,1.3547414541244507,291.2065734863281,10.766444206237793,141.71157836914062,11.270865440368652
312.0,0.0,1.4057080745697021,291.2484130859375,10.747357368469238,141.74290466308594,11.270865440368652
313.0,0.0,1.4572205543518066,291.291748046875,10.728059768676758,141.77354431152344,11.270865440368652
314.0,0.0,1.5109448432922363,291.33740234375,10.7079439163208,141.8047637939453,11.270865440368652
315.0,0.0,1.5668823719024658,291.3854064941406,10.686994552612305,141.83648681640625,11.270865440368652
316.0,0.0,1.6250730752944946,291.4358215332031,10.665201187133789,141.86866760253906,11.270865440368652
317.0,0.0,1.685541033744812,291.48876953125,10.642557144165039,141.9011993408203,11.270865440368652
318.0,0.0,1.7482719421386719,291.54425048828125,10.619068145751953,141.9340057373047,11.270865440368652
319.0,0.0,1.8132421970367432,291.60235595703125,10.594741821289062,141.96693420410156,11.270865440368652
320.0,0.0,1.8803465366363525,291.66302490234375,10.569599151611328,141.9998321533203,11.270865440368652
321.0,0.0,1.9495941400527954,291.7263488769531,10.54367446899414,142.0325927734375,11.270865440368652
322.0,0.0,2.020780086517334,291.792236328125,10.517010688781738,142.06495666503906,11.270865440368652
323.0,0.0,2.0670814514160156,291.8449401855469,10.49967098236084,142.07760620117188,11.270865440368652
324.0,0.0,2.1108317375183105,291.8968811035156,10.483284950256348,142.08706665039062,11.270865440368652
325.0,0.0,2.153721332550049,291.9490051269531,10.467226028442383,142.09454345703125,11.270865440368652
326.0,0.0,2.1955065727233887,292.0010681152344,10.451581001281738,142.0998992919922,11.270865440368652
327.0,0.0,2.235907554626465,292.0528259277344,10.436444282531738,142.1029510498047,11.270865440368652
328.0,0.0,2.275628089904785,292.10467529296875,10.421576499938965,142.10418701171875,11.270865440368652
329.0,0.0,2.4123597145080566,292.22100830078125,10.370367050170898,142.16725158691406,11.270865440368652
330.0,0.0,2.562673568725586,292.3490905761719,10.314072608947754,142.23536682128906,11.270865440368652
331.0,0.0,2.728496551513672,292.4905700683594,10.251974105834961,142.30921936035156,11.270865440368652
332.0,0.0,3.494851589202881,293.0514221191406,9.964978218078613,142.74839782714844,11.270865440368652
333.0,0.0,3.9368367195129395,293.3996887207031,9.79945182800293,142.97259521484375,11.270865440368652
334.0,0.0,4.149166107177734,293.5924072265625,9.71993637084961,143.04940795898438,11.270865440368652
335.0,0.0,4.170401573181152,293.650146484375,9.711982727050781,143.00961303710938,11.270865440368652
336.0,0.0,4.150730609893799,293.6773681640625,9.719352722167969,142.94537353515625,11.270865440368652
337.0,0.0,4.139833450317383,293.70977783203125,9.723430633544922,142.88580322265625,11.270865440368652
338.0,0.0,4.125901699066162,293.73876953125,9.728646278381348,142.82415771484375,11.270865440368652
339.0,0.0,4.1089982986450195,293.7642822265625,9.734973907470703,142.76063537597656,11.270865440368652
340.0,0.0,4.089225769042969,293.78631591796875,9.742384910583496,142.6954345703125,11.270865440368652
341.0,0.0,4.071378707885742,293.80853271484375,9.749064445495605,142.63108825683594,11.270865440368652
342.0,0.0,4.1409502029418945,293.89849853515625,9.723011016845703,142.60910034179688,11.270865440368652
343.0,0.0,4.2083048820495605,293.98687744140625,9.697792053222656,142.5835418701172,11.270865440368652
344.0,0.0,4.273055553436279,294.0732421875,9.673538208007812,142.55430603027344,11.270865440368652
345.0,0.0,4.334887981414795,294.1572265625,9.650385856628418,142.52134704589844,11.270865440368652
346.0,0.0,4.3933892250061035,294.23834228515625,9.628471374511719,142.48463439941406,11.270865440368652
347.0,0.0,4.408295631408691,294.2831115722656,9.622888565063477,142.4275360107422,11.270865440368652
348.0,0.0,4.411185264587402,294.3169250488281,9.621804237365723,142.36465454101562,11.270865440368652
349.0,0.0,4.39072847366333,294.3299865722656,9.629467964172363,142.2921142578125,11.270865440368652
350.0,0.0,4.36535120010376,294.33746337890625,9.638975143432617,142.21783447265625,11.270865440368652
351.0,0.0,4.3352203369140625,294.33941650390625,9.65025806427002,142.14210510253906,11.270865440368652
352.0,0.0,4.300574779510498,294.3359680175781,9.663235664367676,142.06527709960938,11.270865440368652
353.0,0.0,4.261625289916992,294.3272399902344,9.67782211303711,141.98764038085938,11.270865440368652
354.0,0.0,4.199387073516846,294.2966003417969,9.701122283935547,141.90350341796875,11.270865440368652
355.0,0.0,4.134185314178467,294.2615661621094,9.725543022155762,141.8199920654297,11.270865440368652
356.0,0.0,4.084434509277344,294.2384033203125,9.744173049926758,141.74244689941406,11.270865440368652
357.0,0.0,4.039315223693848,294.2177734375,9.761076927185059,141.6673126220703,11.270865440368652
358.0,0.0,3.992302656173706,294.1939392089844,9.778680801391602,141.5927734375,11.270865440368652
359.0,0.0,3.943593978881836,294.1670837402344,9.796918869018555,141.51901245117188,11.270865440368652
0.0,-5.625,5.656978130340576,295.7266845703125,9.286513328552246,142.0328826904297,11.270865440368652
1.0,-5.625,5.63469123840332,295.7308044433594,9.29434585571289,141.93838500976562,11.270865440368652
2.0,-5.625,5.608448028564453,295.7295837402344,9.303565979003906,141.8433074951172,11.270865440368652
3.0,-5.625,5.544626712799072,295.6922912597656,9.325989723205566,141.7409210205078,11.270865440368652
4.0,-5.625,5.446800231933594,295.621826171875,9.36035442352295,141.63372802734375,11.270865440368652
5.0,-5.625,5.347858905792236,295.54815673828125,9.39510440826416,141.5291748046875,11.270865440368652
6.0,-5.625,5.248179912567139,295.4717102050781,9.430124282836914,141.42739868164062,11.270865440368652
7.0,-5.625,5.148022174835205,295.3927917480469,9.465303421020508,141.32850646972656,11.270865440368652
8.0,-5.625,5.047426223754883,295.3115234375,9.50064754486084,141.23255920410156,11.270865440368652
9.0,-5.625,4.942476749420166,295.2243347167969,9.537518501281738,141.13922119140625,11.270865440368652
10.0,-5.625,4.844928741455078,295.1422424316406,9.571788787841797,141.04978942871094,11.270865440368652
11.0,-5.625,4.746157646179199,295.05731201171875,9.606489181518555,140.96331787109375,11.270865440368652
12.0,-5.625,4.646536827087402,294.969970703125,9.6414794921875,140.8798828125,11.270865440368652
13.0,-5.625,4.546499252319336,294.8807067871094,9.67662239074707,140.7996063232422,11.270865440368652
14.0,-5.625,4.446352005004883,294.7898864746094,9.711798667907715,140.72251892089844,11.270865440368652
15.0,-5.625,4.282464504241943,294.6380310058594,9.769376754760742,140.6479034423828,11.270865440368652
16.0,-5.625,4.090395927429199,294.45849609375,9.836845397949219,140.5787353515625,11.270865440368652
17.0,-5.625,3.944887638092041,294.3214111328125,9.887969970703125,140.51490783691406,11.270865440368652
18.0,-5.625,3.7977325916290283,294.1817626953125,9.939666748046875,140.45591735839844,11.270865440368652
19.0,-5.625,3.498352289199829,293.89892578125,10.044832229614258,140.4098663330078,11.270865440368652
20.0,-5.625,3.39823055267334,293.80169677734375,10.080008506774902,140.3597869873047,11.270865440368652
21.0,-5.625,3.3011813163757324,293.70660400390625,10.114093780517578,140.31277465820312,11.270865440368652
22.0,-5.625,3.207246780395508,293.61376953125,10.14709758758545,140.26870727539062,11.270865440368652
23.0,-5.625,2.9787886142730713,293.3954162597656,10.2273530960083,140.24368286132812,11.270865440368652
24.0,-5.625,2.6882660388946533,293.1196594238281,10.3294095993042,140.2345428466797,11.270865440368652
25.0,-5.625,2.5669023990631104,293.0008239746094,10.372052192687988,140.20941162109375,11.270865440368652
26.0,-5.625,2.454080104827881,292.8897705078125,10.411684036254883,140.1868896484375,11.270865440368652
27.0,-5.625,2.3490359783172607,292.78582763671875,10.44858455657959,140.1667022705078,11.270865440368652
28.0,-5.625,2.2510502338409424,292.6883544921875,10.483002662658691,140.1486053466797,11.270865440368652
29.0,-5.625,2.1595046520233154,292.5968017578125,10.515158653259277,140.13238525390625,11.270865440368652
30.0,-5.625,2.0738768577575684,292.5107116699219,10.545248031616211,140.11785888671875,11.270865440368652
31.0,-5.625,1.9702528715133667,292.4084777832031,10.581646919250488,140.11062622070312,11.270865440368652
32.0,-5.625,1.9006366729736328,292.337158203125,10.606100082397461,140.09788513183594,11.270865440368652
33.0,-5.625,1.850612759590149,292.2834777832031,10.623677253723145,140.08204650878906,11.270865440368652
34.0,-5.625,1.8023650646209717,292.2313537597656,10.640625,140.06739807128906,11.270865440368652
35.0,-5.625,1.7558380365371704,292.1807556152344,10.656965255737305,140.0538787841797,11.270865440368652
36.0,-5.625,1.7110035419464111,292.1316833496094,10.672720909118652,140.0414276123047,11.270865440368652
37.0,-5.625,1.6632895469665527,292.08013916015625,10.689483642578125,140.03147888183594,11.270865440368652
38.0,-5.625,1.6166702508926392,292.0296630859375,10.705853462219238,140.02276611328125,11.270865440368652
39.0,-5.625,1.5722731351852417,291.98126220703125,10.72145938873291,140.01483154296875,11.270865440368652
40.0,-5.625,1.5298781394958496,291.9347229003906,10.736349105834961,140.00762939453125,11.270865440368652
41.0,-5.625,1.4894068241119385,291.8899841308594,10.750565528869629,140.0010986328125,11.270865440368652
42.0,-5.625,1.4507603645324707,291.8469543457031,10.764145851135254,139.99517822265625,11.270865440368652
43.0,-5.625,1.4137905836105347,291.8055114746094,10.777130126953125,139.9898681640625,11.270865440368652
44.0,-5.625,1.331397533416748,291.726806640625,10.806078910827637,140.00595092773438,11.270865440368652
45.0,-5.625,1.2685190439224243,291.66497802734375,10.82816219329834,140.01565551757812,11.270865440368652
46.0,-5.625,1.2109044790267944,291.60809326171875,10.848398208618164,140.02484130859375,11.270865440368652
47.0,-5.625,1.1579571962356567,291.55560302734375,10.8670015335083,140.0335693359375,11.270865440368652
48.0,-5.625,1.1010804176330566,291.5006103515625,10.886987686157227,140.0458984375,11.270865440368652
49.0,-5.625,1.0350193977355957,291.43914794921875,10.910188674926758,140.06468200683594,11.270865440368652
50.0,-5.625,0.9755100607872009,291.3836975097656,10.93109130859375,140.0819854736328,11.270865440368652
51.0,-5.625,0.9216816425323486,291.3334655761719,10.950006484985352,140.09799194335938,11.270865440368652
52.0,-5.625,0.8727460503578186,291.2877197265625,10.967195510864258,140.1128692626953,11.270865440368652
53.0,-5.625,0.8396750688552856,291.2545471191406,10.978819847106934,140.1201934814453,11.270865440368652
54.0,-5.625,0.8092238903045654,291.2237548828125,10.98951244354248,140.1269989013672,11.270865440368652
55.0,-5.625,0.7175863981246948,291.1490478515625,11.021698951721191,140.17098999023438,11.270865440368652
56.0,-5.625,0.6096362471580505,291.0644226074219,11.059623718261719,140.227294921875,11.270865440368652
57.0,-5.625,0.5290107727050781,291.00115966796875,11.087945938110352,140.26951599121094,11.270865440368652
58.0,-5.625,0.46653470396995544,290.9521179199219,11.109891891479492,140.3024139404297,11.270865440368652
59.0,-5.625,0.41756176948547363,290.9135437011719,11.127096176147461,140.32823181152344,11.270865440368652
60.0,-5.625,0.4019247591495514,290.8983459472656,11.132593154907227,140.33352661132812,11.270865440368652
61.0,-5.625,0.387317955493927,290.88409423828125,11.137722969055176,140.3385772705078,11.270865440368652
62.0,-5.625,0.37366732954978943,290.8707275390625,11.142518997192383,140.34339904785156,11.270865440368652
63.0,-5.625,0.3608812093734741,290.858154296875,11.147011756896973,140.34800720214844,11.270865440368652
64.0,-5.625,0.348879873752594,290.8463134765625,11.151227951049805,140.35243225097656,11.270865440368652
65.0,-5.625,0.3375881314277649,290.8351135253906,11.155191421508789,140.35667419433594,11.270865440368652
66.0,-5.625,0.3269686698913574,290.8245544433594,11.158921241760254,140.3607635498047,11.270865440368652
67.0,-5.625,0.3169787526130676,290.8145751953125,11.16243839263916,140.36468505859375,11.270865440368652
68.0,-5.625,0.307500422000885,290.8050537109375,11.16575813293457,140.3684844970703,11.270865440368652
69.0,-5.625,0.2985844612121582,290.79608154296875,11.168896675109863,140.3721466064453,11.270865440368652
70.0,-5.625,0.29012081027030945,290.7875061035156,11.171867370605469,140.3756866455078,11.270865440368652
71.0,-5.625,0.2821049690246582,290.77935791015625,11.174680709838867,140.37911987304688,11.270865440368652
72.0,-5.625,0.27452030777931213,290.7716064453125,11.177350997924805,140.38243103027344,11.270865440368652
73.0,-5.625,0.26730257272720337,290.7641906738281,11.179885864257812,140.38565063476562,11.270865440368652
74.0,-5.625,0.2604306936264038,290.7571105957031,11.182294845581055,140.3887939453125,11.270865440368652
75.0,-5.625,0.25391948223114014,290.7503662109375,11.184587478637695,140.39183044433594,11.270865440368652
76.0,-5.625,0.2477072775363922,290.743896484375,11.18677043914795,140.39479064941406,11.270865440368652
77.0,-5.625,0.24177417159080505,290.7377014160156,11.188851356506348,140.39768981933594,11.270865440368652
78.0,-5.625,0.23612454533576965,290.73175048828125,11.190835952758789,140.40049743652344,11.270865440368652
79.0,-5.625,0.23073941469192505,290.7260437011719,11.192730903625488,140.40322875976562,11.270865440368652
80.0,-5.625,0.22557401657104492,290.7205505371094,11.194541931152344,140.40591430664062,11.270865440368652
81.0,-5.625,0.22064802050590515,290.7153015136719,11.196271896362305,140.40853881835938,11.270865440368652
82.0,-5.625,0.21594321727752686,290.7102355957031,11.197928428649902,140.4110870361328,11.270865440368652
83.0,-5.625,0.21141649782657623,290.7053527832031,11.19951343536377,140.41360473632812,11.270865440368652
84.0,-5.625,0.20710167288780212,290.7006530761719,11.201032638549805,140.41604614257812,11.270865440368652
85.0,-5.625,0.2029545158147812,290.6961364746094,11.20248794555664,140.41845703125,11.270865440368652
86.0,-5.625,0.19898614287376404,290.6917724609375,11.20388412475586,140.42080688476562,11.270865440368652
87.0,-5.625,0.19516563415527344,290.68756103515625,11.20522403717041,140.42312622070312,11.270865440368652
88.0,-5.625,0.1915070116519928,290.6834716796875,11.206510543823242,140.42538452148438,11.270865440368652
89.0,-5.625,0.18798866868019104,290.6795349121094,11.207745552062988,140.4276123046875,11.270865440368652
90.0,-5.625,0.1846110224723816,290.67572021484375,11.20893383026123,140.42979431152344,11.270865440368652
91.0,-5.625,0.18136513233184814,290.67205810546875,11.210075378417969,140.43194580078125,11.270865440368652
92.0,-5.625,0.1782318353652954,290.6684875488281,11.211174011230469,140.43406677246094,11.270865440368652
93.0,-5.625,0.17522329092025757,290.6650085449219,11.212230682373047,140.43614196777344,11.270865440368652
94.0,-5.625,0.172334685921669,290.66168212890625,11.213248252868652,140.4381866455078,11.270865440368652
95.0,-5.625,0.16954466700553894,290.6584167480469,11.214228630065918,140.44020080566406,11.270865440368652
96.0,-5.625,0.16684812307357788,290.6552734375,11.21517276763916,140.44219970703125,11.270865440368652
97.0,-5.625,0.16426464915275574,290.6522216796875,11.216082572937012,140.44415283203125,11.270865440368652
98.0,-5.625,0.1617632806301117,290.6492614746094,11.216959953308105,140.4460906982422,11.270865440368652
99.0,-5.625,0.15935221314430237,290.6463623046875,11.217805862426758,140.447998046875,11.270865440368652
100.0,-5.625,0.15703274309635162,290.6435546875,11.218622207641602,140.4498748779297,11.270865440368652
101.0,-5.625,0.1547878533601761,290.6408386230469,11.219409942626953,140.4517364501953,11.270865440368652
102.0,-5.625,0.152625173330307,290.6381530761719,11.220170021057129,140.4535675048828,11.270865440368652
103.0,-5.625,0.15053421258926392,290.6355895996094,11.220904350280762,140.45538330078125,11.270865440368652
104.0,-5.625,0.14852233231067657,290.633056640625,11.221612930297852,140.45716857910156,11.270865440368652
105.0,-5.625,0.14657588303089142,290.630615234375,11.222296714782715,140.4589385986328,11.270865440368652
106.0,-5.625,0.14469105005264282,290.62823486328125,11.2229585647583,140.460693359375,11.270865440368652
107.0,-5.625,0.14286768436431885,290.6258850097656,11.223596572875977,140.46243286132812,11.270865440368652
108.0,-5.625,0.14118285477161407,290.6236267089844,11.224187850952148,140.46408081054688,11.270865440368652
109.0,-5.625,0.1396186351776123,290.62139892578125,11.224742889404297,140.4656524658203,11.270865440368652
110.0,-5.625,0.13808061182498932,290.6192321777344,11.225279808044434,140.4672393798828,11.270865440368652
111.0,-5.625,0.13659553229808807,290.61712646484375,11.225798606872559,140.46881103515625,11.270865440368652
112.0,-5.625,0.13516366481781006,290.61505126953125,11.226302146911621,140.47036743164062,11.270865440368652
113.0,-5.625,0.13378526270389557,290.6130065917969,11.226788520812988,140.47190856933594,11.270865440368652
114.0,-5.625,0.13244125247001648,290.61102294921875,11.227258682250977,140.47344970703125,11.270865440368652
115.0,-5.625,0.1311432123184204,290.6091003417969,11.227714538574219,140.4749755859375,11.270865440368652
116.0,-5.625,0.12989962100982666,290.607177734375,11.228155136108398,140.4764862060547,11.270865440368652
117.0,-5.625,0.12868580222129822,290.6053161621094,11.228581428527832,140.47799682617188,11.270865440368652
118.0,-5.625,0.1275055706501007,290.6034851074219,11.228994369506836,140.47950744628906,11.270865440368652
119.0,-5.625,0.12636606395244598,290.6017150878906,11.229393005371094,140.4810028076172,11.270865440368652
120.0,-5.625,0.1252785474061966,290.5999450683594,11.229779243469238,140.48248291015625,11.270865440368652
121.0,-5.625,0.12421484291553497,290.5982360839844,11.23015308380127,140.4839630126953,11.270865440368652
122.0,-5.625,0.12318095564842224,290.5965576171875,11.230514526367188,140.48544311523438,11.270865440368652
123.0,-5.625,0.12217625975608826,290.59490966796875,11.230863571166992,140.48692321777344,11.270865440368652
124.0,-5.625,0.12122689932584763,290.5932922363281,11.231201171875,140.48837280273438,11.270865440368652
125.0,-5.625,0.12030043452978134,290.5916748046875,11.231528282165527,140.48983764648438,11.270865440368652
126.0,-5.625,0.11940549314022064,290.5901184082031,11.231842994689941,140.4912872314453,11.270865440368652
127.0,-5.625,0.11853577941656113,290.5885925292969,11.232148170471191,140.49273681640625,11.270865440368652
128.0,-5.625,0.11769126355648041,290.58709716796875,11.232441902160645,140.4941864013672,11.270865440368652
129.0,-5.625,0.11688368767499924,290.58563232421875,11.232726097106934,140.49562072753906,11.270865440368652
130.0,-5.625,0.11611074209213257,290.58416748046875,11.233000755310059,140.49705505371094,11.270865440368652
131.0,-5.625,0.11534899473190308,290.582763671875,11.233264923095703,140.4984893798828,11.270865440368652
132.0,-5.625,0.11462128907442093,290.58135986328125,11.233519554138184,140.4999237060547,11.270865440368652
133.0,-5.625,0.11392748355865479,290.5799865722656,11.233765602111816,140.5013427734375,11.270865440368652
134.0,-5.625,0.11324162781238556,290.5786437988281,11.234002113342285,140.50277709960938,11.270865440368652
135.0,-5.625,0.1126018762588501,290.5773010253906,11.234230041503906,140.5041961669922,11.270865440368652
136.0,-5.625,0.11197955161333084,290.5760192871094,11.23444938659668,140.50559997558594,11.270865440368652
137.0,-5.625,0.11137743294239044,290.5747375488281,11.234660148620605,140.50701904296875,11.270865440368652
138.0,-5.625,0.11080846190452576,290.5734558105469,11.234862327575684,140.50843811035156,11.270865440368652
139.0,-5.625,0.11024141311645508,290.5722351074219,11.23505687713623,140.50985717773438,11.270865440368652
140.0,-5.625,0.10971855372190475,290.5710144042969,11.23524284362793,140.51126098632812,11.270865440368652
141.0,-5.625,0.10921137034893036,290.56982421875,11.235421180725098,140.51266479492188,11.270865440368652
142.0,-5.625,0.1087244376540184,290.5686340332031,11.235591888427734,140.5140838623047,11.270865440368652
143.0,-5.625,0.1082640141248703,290.5674743652344,11.23575496673584,140.51548767089844,11.270865440368652
144.0,-5.625,0.10781760513782501,290.56634521484375,11.235910415649414,140.5168914794922,11.270865440368652
145.0,-5.625,0.10739106684923172,290.5652160644531,11.236059188842773,140.518310546875,11.270865440368652
146.0,-5.625,0.10700736939907074,290.5640869140625,11.236200332641602,140.51971435546875,11.270865440368652
147.0,-5.625,0.10660715401172638,290.5630187988281,11.236333847045898,140.52113342285156,11.270865440368652
148.0,-5.625,0.10626743733882904,290.5619201660156,11.23646068572998,140.5225372314453,11.270865440368652
149.0,-5.625,0.10590954124927521,290.5608825683594,11.236580848693848,140.52395629882812,11.270865440368652
150.0,-5.625,0.10559241473674774,290.5598449707031,11.2366943359375,140.52536010742188,11.270865440368652
151.0,-5.625,0.10529603064060211,290.5588073730469,11.236800193786621,140.5267791748047,11.270865440368652
152.0,-5.625,0.10499892383813858,290.5578308105469,11.236900329589844,140.52818298339844,11.270865440368652
153.0,-5.625,0.104732945561409,290.55682373046875,11.236993789672852,140.5296173095703,11.270865440368652
154.0,-5.625,0.10448629409074783,290.55584716796875,11.237080574035645,140.53103637695312,11.270865440368652
155.0,-5.625,0.1042482852935791,290.5549011230469,11.237160682678223,140.53245544433594,11.270865440368652
156.0,-5.625,0.10405294597148895,290.5539245605469,11.237234115600586,140.5338897705078,11.270865440368652
157.0,-5.625,0.10387493669986725,290.552978515625,11.23730182647705,140.53530883789062,11.270865440368652
158.0,-5.625,0.10367311537265778,290.5520935058594,11.2373628616333,140.5367431640625,11.270865440368652
159.0,-5.625,0.10351507365703583,290.5511779785156,11.237417221069336,140.53819274902344,11.270865440368652
160.0,-5.625,0.10339562594890594,290.5502624511719,11.237465858459473,140.5396270751953,11.270865440368652
161.0,-5.625,0.10328294336795807,290.54937744140625,11.237507820129395,140.5410614013672,11.270865440368652
162.0,-5.625,0.10316799581050873,290.54852294921875,11.237544059753418,140.54251098632812,11.270865440368652
163.0,-5.625,0.10307468473911285,290.54766845703125,11.237574577331543,140.54397583007812,11.270865440368652
164.0,-5.625,0.10301908850669861,290.54681396484375,11.237598419189453,140.54542541503906,11.270865440368652
165.0,-5.625,0.1029248982667923,290.5460205078125,11.237628936767578,140.54690551757812,11.270865440368652
166.0,-5.625,0.10281437635421753,290.5452575683594,11.237672805786133,140.5484161376953,11.270865440368652
167.0,-5.625,0.10270892083644867,290.5445251464844,11.237709999084473,140.5499267578125,11.270865440368652
168.0,-5.625,0.10260789841413498,290.5438232421875,11.237740516662598,140.5514373779297,11.270865440368652
169.0,-5.625,0.10255495458841324,290.5430908203125,11.237765312194824,140.55296325683594,11.270865440368652
170.0,-5.625,0.102480448782444,290.54241943359375,11.237784385681152,140.5544891357422,11.270865440368652
171.0,-5.625,0.10246133804321289,290.5417175292969,11.237796783447266,140.55601501464844,11.270865440368652
172.0,-5.625,0.10244018584489822,290.5410461425781,11.237802505493164,140.55755615234375,11.270865440368652
173.0,-5.625,0.10244829207658768,290.5403747558594,11.23780345916748,140.55909729003906,11.270865440368652
174.0,-5.625,0.10245978087186813,290.53973388671875,11.237797737121582,140.56063842773438,11.270865440368652
175.0,-5.625,0.10247406363487244,290.53912353515625,11.237785339355469,140.5621795654297,11.270865440368652
176.0,-5.625,0.10253924131393433,290.5384826660156,11.237767219543457,140.56373596191406,11.270865440368652
177.0,-5.625,0.10260266810655594,290.5378723144531,11.23774242401123,140.5653076171875,11.270865440368652
178.0,-5.625,0.1027001366019249,290.5372619628906,11.237711906433105,140.56686401367188,11.270865440368652
179.0,-5.625,0.10279521346092224,290.53668212890625,11.237675666809082,140.5684356689453,11.270865440368652
180.0,-5.625,0.10291596502065659,290.5361022949219,11.237632751464844,140.5700225830078,11.270865440368652
181.0,-5.625,0.10306663811206818,290.5355224609375,11.23758316040039,140.5716094970703,11.270865440368652
182.0,-5.625,0.10321561992168427,290.53497314453125,11.237527847290039,140.57321166992188,11.270865440368652
183.0,-5.625,0.10339418798685074,290.534423828125,11.237466812133789,140.57481384277344,11.270865440368652
184.0,-5.625,0.10357195883989334,290.5339050292969,11.237398147583008,140.57643127441406,11.270865440368652
185.0,-5.625,0.10380737483501434,290.5333557128906,11.237323760986328,140.5780487060547,11.270865440368652
186.0,-5.625,0.10404210537672043,290.5328369140625,11.237242698669434,140.57968139648438,11.270865440368652
187.0,-5.625,0.10427645593881607,290.5323486328125,11.237154960632324,140.58132934570312,11.270865440368652
188.0,-5.625,0.10453902930021286,290.5318603515625,11.237060546875,140.58299255371094,11.270865440368652
189.0,-5.625,0.10483203828334808,290.5313720703125,11.236959457397461,140.58465576171875,11.270865440368652
190.0,-5.625,0.10515492409467697,290.5308837890625,11.236852645874023,140.58631896972656,11.270865440368652
191.0,-5.625,0.10544996708631516,290.53045654296875,11.236738204956055,140.58799743652344,11.270865440368652
192.0,-5.625,0.10583048313856125,290.52996826171875,11.236616134643555,140.58970642089844,11.270865440368652
193.0,-5.625,0.1061844751238823,290.529541015625,11.236488342285156,140.59141540527344,11.270865440368652
194.0,-5.625,0.10656879842281342,290.52911376953125,11.236352920532227,140.5931396484375,11.270865440368652
195.0,-5.625,0.10698408633470535,290.5286865234375,11.236209869384766,140.59486389160156,11.270865440368652
196.0,-5.625,0.10740125179290771,290.5282897949219,11.23606014251709,140.59661865234375,11.270865440368652
197.0,-5.625,0.10785000026226044,290.52789306640625,11.235902786254883,140.598388671875,11.270865440368652
198.0,-5.625,0.10833018273115158,290.5274963378906,11.235737800598145,140.60015869140625,11.270865440368652
199.0,-5.625,0.10881452262401581,290.5271301269531,11.235565185546875,140.60195922851562,11.270865440368652
200.0,-5.625,0.10933192819356918,290.5267639160156,11.235383987426758,140.60377502441406,11.270865440368652
201.0,-5.625,0.10985363274812698,290.52642822265625,11.235196113586426,140.60560607910156,11.270865440368652
202.0,-5.625,0.11040760576725006,290.5260925292969,11.234999656677246,140.60743713378906,11.270865440368652
203.0,-5.625,0.11099700629711151,290.5257568359375,11.234794616699219,140.6092987060547,11.270865440368652
204.0,-5.625,0.11159252375364304,290.52545166015625,11.234580993652344,140.61117553710938,11.270865440368652
205.0,-5.625,0.1122228279709816,290.525146484375,11.234358787536621,140.61306762695312,11.270865440368652
206.0,-5.625,0.11289069801568985,290.52484130859375,11.23412799835205,140.614990234375,11.270865440368652
207.0,-5.625,0.11356624215841293,290.5245666503906,11.233888626098633,140.61692810058594,11.270865440368652
208.0,-5.625,0.1143091693520546,290.5242614746094,11.23363971710205,140.618896484375,11.270865440368652
209.0,-5.625,0.11503004282712936,290.5240173339844,11.233381271362305,140.62086486816406,11.270865440368652
210.0,-5.625,0.11579488962888718,290.5237731933594,11.233113288879395,140.6228790283203,11.270865440368652
211.0,-5.625,0.11659400910139084,290.5235290527344,11.23283576965332,140.62489318847656,11.270865440368652
212.0,-5.625,0.11748155206441879,290.52325439453125,11.232516288757324,140.62696838378906,11.270865440368652
213.0,-5.625,0.11844044178724289,290.52294921875,11.232184410095215,140.6290740966797,11.270865440368652
214.0,-5.625,0.11941216140985489,290.5226745605469,11.231840133666992,140.63119506835938,11.270865440368652
215.0,-5.625,0.12043282389640808,290.52239990234375,11.231485366821289,140.63336181640625,11.270865440368652
216.0,-5.625,0.12146804481744766,290.52215576171875,11.231117248535156,140.6355438232422,11.270865440368652
217.0,-5.625,0.12255486845970154,290.52191162109375,11.23073673248291,140.6377716064453,11.270865440368652
218.0,-5.625,0.1236894428730011,290.52166748046875,11.230342864990234,140.64002990722656,11.270865440368652
219.0,-5.625,0.12484598159790039,290.5214538574219,11.229935646057129,140.64231872558594,11.270865440368652
220.0,-5.625,0.12603172659873962,290.5212707519531,11.229514122009277,140.6446533203125,11.270865440368652
221.0,-5.625,0.12726815044879913,290.5210876464844,11.22907829284668,140.6470184326172,11.270865440368652
222.0,-5.625,0.12855559587478638,290.5209045410156,11.228628158569336,140.6494140625,11.270865440368652
223.0,-5.625,0.12988242506980896,290.520751953125,11.22816276550293,140.65187072753906,11.270865440368652
224.0,-5.625,0.131262868642807,290.5205993652344,11.227681159973145,140.65435791015625,11.270865440368652
225.0,-5.625,0.13267256319522858,290.5204772949219,11.227182388305664,140.65687561035156,11.270865440368652
226.0,-5.625,0.1341264694929123,290.5203857421875,11.226667404174805,140.65945434570312,11.270865440368652
227.0,-5.625,0.13564413785934448,290.5202941894531,11.22613525390625,140.66207885742188,11.270865440368652
228.0,-5.625,0.13721928000450134,290.52020263671875,11.225584030151367,140.66473388671875,11.270865440368652
229.0,-5.625,0.13885155320167542,290.5201416015625,11.225013732910156,140.66746520996094,11.270865440368652
230.0,-5.625,0.14051946997642517,290.5201110839844,11.224424362182617,140.67022705078125,11.270865440368652
231.0,-5.625,0.14226391911506653,290.52008056640625,11.223814964294434,140.6730499267578,11.270865440368652
232.0,-5.625,0.14406360685825348,290.52008056640625,11.223183631896973,140.67593383789062,11.270865440368652
233.0,-5.625,0.14592036604881287,290.5201110839844,11.222530364990234,140.6788787841797,11.270865440368652
234.0,-5.625,0.147836372256279,290.5201721191406,11.221854209899902,140.681884765625,11.270865440368652
235.0,-5.625,0.1498267501592636,290.5202331542969,11.22115421295166,140.6849365234375,11.270865440368652
236.0,-5.625,0.15189826488494873,290.52032470703125,11.220428466796875,140.68807983398438,11.270865440368652
237.0,-5.625,0.15405592322349548,290.5204162597656,11.219677925109863,140.6912841796875,11.270865440368652
238.0,-5.625,0.1562490463256836,290.52056884765625,11.218900680541992,140.6945343017578,11.270865440368652
239.0,-5.625,0.1585405468940735,290.520751953125,11.218093872070312,140.69789123535156,11.270865440368652
240.0,-5.625,0.16093358397483826,290.52093505859375,11.21725845336914,140.70132446289062,11.270865440368652
241.0,-5.625,0.16339939832687378,290.5211486816406,11.216392517089844,140.70481872558594,11.270865440368652
242.0,-5.625,0.16595104336738586,290.52142333984375,11.215494155883789,140.7084197998047,11.270865440368652
243.0,-5.625,0.16859135031700134,290.521728515625,11.214561462402344,140.71209716796875,11.270865440368652
244.0,-5.625,0.17135155200958252,290.52203369140625,11.213594436645508,140.7158660888672,11.270865440368652
245.0,-5.625,0.17420698702335358,290.52239990234375,11.212590217590332,140.71974182128906,11.270865440368652
246.0,-5.625,0.1771799921989441,290.5227966308594,11.211546897888184,140.72372436523438,11.270865440368652
247.0,-5.625,0.18027308583259583,290.5232238769531,11.210463523864746,140.72781372070312,11.270865440368652
248.0,-5.625,0.18346074223518372,290.5237121582031,11.209336280822754,140.73199462890625,11.270865440368652
249.0,-5.625,0.1868084967136383,290.52423095703125,11.208165168762207,140.736328125,11.270865440368652
250.0,-5.625,0.19028589129447937,290.5247802734375,11.20694637298584,140.7407684326172,11.270865440368652
251.0,-5.625,0.19389057159423828,290.525390625,11.20567798614502,140.74533081054688,11.270865440368652
252.0,-5.625,0.19765032827854156,290.52606201171875,11.204357147216797,140.7500457763672,11.270865440368652
253.0,-5.625,0.20157325267791748,290.5267639160156,11.202980995178223,140.75489807128906,11.270865440368652
254.0,-5.625,0.20564427971839905,290.5275573730469,11.201546669006348,140.75990295410156,11.270865440368652
255.0,-5.625,0.20991070568561554,290.52838134765625,11.200050354003906,140.76507568359375,11.270865440368652
256.0,-5.625,0.214347705245018,290.529296875,11.198488235473633,140.77041625976562,11.270865440368652
257.0,-5.625,0.21898695826530457,290.5302734375,11.196857452392578,140.77593994140625,11.270865440368652
258.0,-5.625,0.22384607791900635,290.53131103515625,11.19515323638916,140.7816619873047,11.270865440368652
259.0,-5.625,0.22891704738140106,290.53240966796875,11.193371772766113,140.78756713867188,11.270865440368652
260.0,-5.625,0.23423105478286743,290.5335998535156,11.191506385803223,140.793701171875,11.270865440368652
261.0,-5.625,0.2397938370704651,290.5348815917969,11.189554214477539,140.80006408691406,11.270865440368652
262.0,-5.625,0.24561405181884766,290.5362854003906,11.187507629394531,140.80667114257812,11.270865440368652
263.0,-5.625,0.2517215311527252,290.5377502441406,11.1853609085083,140.8135223388672,11.270865440368652
264.0,-5.625,0.25813978910446167,290.5393371582031,11.183107376098633,140.82066345214844,11.270865440368652
265.0,-5.625,0.2648874521255493,290.541015625,11.180739402770996,140.82809448242188,11.270865440368652
266.0,-5.625,0.27196523547172546,290.5428466796875,11.17824935913086,140.83583068847656,11.270865440368652
267.0,-5.625,0.2794327735900879,290.5447998046875,11.175627708435059,140.8439178466797,11.270865440368652
268.0,-5.625,0.2872900664806366,290.5469055175781,11.17286491394043,140.85235595703125,11.270865440368652
269.0,-5.625,0.29559630155563354,290.54913330078125,11.169950485229492,140.86119079589844,11.270865440368652
270.0,-5.625,0.3043588399887085,290.5515441894531,11.166872024536133,140.8704376220703,11.270865440368652
271.0,-5.625,0.31361693143844604,290.55413818359375,11.163617134094238,140.880126953125,11.270865440368652
272.0,-5.625,0.323438435792923,290.5569152832031,11.160170555114746,140.89031982421875,11.270865440368652
273.0,-5.625,0.3338369131088257,290.5599365234375,11.156517028808594,140.90103149414062,11.270865440368652
274.0,-5.625,0.3448817729949951,290.5631408691406,11.152637481689453,140.9123077392578,11.270865440368652
275.0,-5.625,0.35660675168037415,290.566650390625,11.14851188659668,140.9241943359375,11.270865440368652
276.0,-5.625,0.3691246807575226,290.5704040527344,11.144118309020996,140.93678283691406,11.270865440368652
277.0,-5.625,0.38246235251426697,290.5744323730469,11.13943099975586,140.95008850097656,11.270865440368652
278.0,-5.625,0.3967255651950836,290.5788269042969,11.134421348571777,140.96421813964844,11.270865440368652
279.0,-5.625,0.41199791431427,290.58355712890625,11.129056930541992,140.97923278808594,11.270865440368652
280.0,-5.625,0.428390234708786,290.5887451171875,11.123300552368164,140.9952392578125,11.270865440368652
281.0,-5.625,0.44600510597229004,290.5943603515625,11.117110252380371,141.01231384277344,11.270865440368652
282.0,-5.625,0.46499544382095337,290.6004638671875,11.110438346862793,141.0305938720703,11.270865440368652
283.0,-5.625,0.4855201244354248,290.60711669921875,11.103227615356445,141.0502166748047,11.270865440368652
284.0,-5.625,0.5077701807022095,290.6144104003906,11.095414161682129,141.07135009765625,11.270865440368652
285.0,-5.625,0.5319299697875977,290.6224365234375,11.086923599243164,141.09414672851562,11.270865440368652
286.0,-5.625,0.5542672276496887,290.6311950683594,11.079078674316406,141.11509704589844,11.270865440368652
287.0,-5.625,0.5764027237892151,290.6407165527344,11.07130241394043,141.1356964111328,11.270865440368652
288.0,-5.625,0.6000998616218567,290.6510009765625,11.062979698181152,141.15757751464844,11.270865440368652
289.0,-5.625,0.6255002021789551,290.66217041015625,11.054057121276855,141.18084716796875,11.270865440368652
290.0,-5.625,0.6527755260467529,290.67425537109375,11.044472694396973,141.2056427001953,11.270865440368652
291.0,-5.625,0.677635908126831,290.68701171875,11.035738945007324,141.22793579101562,11.270865440368652
292.0,-5.625,0.7028961777687073,290.7005920410156,11.02686595916748,141.25033569335938,11.270865440368652
293.0,-5.625,0.7297685146331787,290.7151794433594,11.017424583435059,141.27394104003906,11.270865440368652
294.0,-5.625,0.75840163230896,290.7308654785156,11.007366180419922,141.29885864257812,11.270865440368652
295.0,-5.625,0.7889600396156311,290.7477111816406,10.99663257598877,141.32521057128906,11.270865440368652
296.0,-5.625,0.8209772706031799,290.7657470703125,10.985384941101074,141.35252380371094,11.270865440368652
297.0,-5.625,0.850842297077179,290.7843933105469,10.974893569946289,141.37744140625,11.270865440368652
298.0,-5.625,0.88271164894104,290.8043518066406,10.96369743347168,141.4037628173828,11.270865440368652
299.0,-5.625,0.9167839288711548,290.82574462890625,10.951728820800781,141.43162536621094,11.270865440368652
300.0,-5.625,0.9532634615898132,290.84869384765625,10.938910484313965,141.46116638183594,11.270865440368652
301.0,-5.625,0.9924389123916626,290.8734130859375,10.925152778625488,141.49258422851562,11.270865440368652
302.0,-5.625,1.0345515012741089,290.9000549316406,10.910356521606445,141.52603149414062,11.270865440368652
303.0,-5.625,1.0799436569213867,290.9288635253906,10.894407272338867,141.56173706054688,11.270865440368652
304.0,-5.625,1.129016637802124,290.9600524902344,10.87717056274414,141.59999084472656,11.270865440368652
305.0,-5.625,1.1821902990341187,290.99395751953125,10.858494758605957,141.64105224609375,11.270865440368652
306.0,-5.625,1.2399502992630005,291.0308532714844,10.838201522827148,141.6852569580078,11.270865440368652
307.0,-5.625,1.3029148578643799,291.0711669921875,10.816080093383789,141.73301696777344,11.270865440368652
308.0,-5.625,1.3717838525772095,291.1153869628906,10.791887283325195,141.7847900390625,11.270865440368652
309.0,-5.625,1.497589111328125,291.18255615234375,10.747693061828613,141.88433837890625,11.270865440368652
310.0,-5.625,1.6005303859710693,291.24456787109375,10.711530685424805,141.96234130859375,11.270865440368652
311.0,-5.625,1.6795676946640015,291.2998962402344,10.683764457702637,142.018310546875,11.270865440368652
312.0,-5.625,1.7649571895599365,291.3599853515625,10.653767585754395,142.0780792236328,11.270865440368652
313.0,-5.625,1.8573983907699585,291.4253845214844,10.621295928955078,142.14202880859375,11.270865440368652
314.0,-5.625,1.957680106163025,291.4967041015625,10.586066246032715,142.21058654785156,11.270865440368652
315.0,-5.625,2.066732406616211,291.57464599609375,10.54775333404541,142.28427124023438,11.270865440368652
316.0,-5.625,2.1856472492218018,291.6600646972656,10.50598430633545,142.36367797851562,11.270865440368652
317.0,-5.625,2.3156213760375977,291.75390625,10.460323333740234,142.44943237304688,11.270865440368652
318.0,-5.625,2.5050976276397705,291.8807678222656,10.393756866455078,142.57952880859375,11.270865440368652
319.0,-5.625,2.764744758605957,292.04852294921875,10.302546501159668,142.76065063476562,11.270865440368652
320.0,-5.625,3.071445941925049,292.24774169921875,10.194804191589355,142.97286987304688,11.270865440368652
321.0,-5.625,3.28338623046875,292.4035339355469,10.12035083770752,143.1062774658203,11.270865440368652
322.0,-5.625,3.4493696689605713,292.5389709472656,10.06203842163086,143.2002410888672,11.270865440368652
323.0,-5.625,3.6280665397644043,292.6854248046875,9.999268531799316,143.29966735839844,11.270865440368652
324.0,-5.625,3.8065707683563232,292.8357849121094,9.936559677124023,143.39459228515625,11.270865440368652
325.0,-5.625,3.993961811065674,292.9953308105469,9.87073040008545,143.49148559570312,11.270865440368652
326.0,-5.625,4.253423690795898,293.2024841308594,9.779582977294922,143.6351318359375,11.270865440368652
327.0,-5.625,4.496819496154785,293.4054260253906,9.694080352783203,143.76104736328125,11.270865440368652
328.0,-5.625,4.690086364746094,293.5819091796875,9.626180648803711,143.84603881835938,11.270865440368652
329.0,-5.625,4.736265659332275,293.6678161621094,9.609957695007324,143.8254852294922,11.270865440368652
330.0,-5.625,4.780717849731445,293.75274658203125,9.594338417053223,143.80177307128906,11.270865440368652
331.0,-5.625,4.870430946350098,293.8678894042969,9.562823295593262,143.80587768554688,11.270865440368652
332.0,-5.625,5.000565528869629,294.0114440917969,9.51711368560791,143.83309936523438,11.270865440368652
333.0,-5.625,5.150874137878418,294.1707763671875,9.46430492401123,143.86907958984375,11.270865440368652
334.0,-5.625,5.42690372467041,294.4201965332031,9.367337226867676,143.97882080078125,11.270865440368652
335.0,-5.625,5.707448959350586,294.67767333984375,9.268787384033203,144.08355712890625,11.270865440368652
336.0,-5.625,5.700488090515137,294.73291015625,9.271228790283203,144.00819396972656,11.270865440368652
337.0,-5.625,5.666560173034668,294.7670593261719,9.283150672912598,143.91616821289062,11.270865440368652
338.0,-5.625,5.630037307739258,294.7973327636719,9.295985221862793,143.822509765625,11.270865440368652
339.0,-5.625,5.5910210609436035,294.82373046875,9.30968952178955,143.7274169921875,11.270865440368652
340.0,-5.625,5.586544990539551,294.87432861328125,9.311256408691406,143.6512908935547,11.270865440368652
341.0,-5.625,5.643291473388672,294.9706726074219,9.291328430175781,143.60699462890625,11.270865440368652
342.0,-5.625,5.697268486022949,295.0645751953125,9.272361755371094,143.558837890625,11.270865440368652
343.0,-5.625,5.731900691986084,295.14288330078125,9.260198593139648,143.49850463867188,11.270865440368652
344.0,-5.625,5.769841194152832,295.2230529785156,9.246864318847656,143.43797302246094,11.270865440368652
345.0,-5.625,5.840749740600586,295.3290100097656,9.221954345703125,143.39129638671875,11.270865440368652
346.0,-5.625,5.881776809692383,295.4104309082031,9.207545280456543,143.32789611816406,11.270865440368652
347.0,-5.625,5.919083118438721,295.4880065917969,9.194438934326172,143.2608184814453,11.270865440368652
348.0,-5.625,5.952534198760986,295.5614929199219,9.18269157409668,143.190185546875,11.270865440368652
349.0,-5.625,5.981926918029785,295.6305847167969,9.172357559204102,143.1160888671875,11.270865440368652
350.0,-5.625,6.007212162017822,295.69512939453125,9.163484573364258,143.0386962890625,11.270865440368652
351.0,-5.625,6.0281853675842285,295.75482177734375,9.156110763549805,142.95811462402344,11.270865440368652
352.0,-5.625,6.0423173904418945,295.807373046875,9.15114974975586,142.87362670898438,11.270865440368652
353.0,-5.625,5.990588188171387,295.8016662597656,9.16932201385498,142.76417541503906,11.270865440368652
354.0,-5.625,5.936790466308594,295.79193115234375,9.18822193145752,142.6549072265625,11.270865440368652
355.0,-5.625,5.881049156188965,295.77825927734375,9.207796096801758,142.5460205078125,11.270865440368652
356.0,-5.625,5.823576927185059,295.7608642578125,9.22799301147461,142.4376678466797,11.270865440368652
357.0,-5.625,5.764464378356934,295.73980712890625,9.248757362365723,142.33004760742188,11.270865440368652
358.0,-5.625,5.70388650894165,295.71527099609375,9.270037651062012,142.22329711914062,11.270865440368652
359.0,-5.625,5.675224781036377,295.7171936035156,9.280105590820312,142.12655639648438,11.270865440368652
0.0,-11.25,7.980340957641602,297.8204040527344,8.682483673095703,142.8879852294922,11.270865440368652
1.0,-11.25,7.91564416885376,297.8006896972656,8.70349407196045,142.74456787109375,11.270865440368652
2.0,-11.25,7.849194526672363,297.7765808105469,8.725072860717773,142.6020965576172,11.270865440368652
3.0,-11.25,7.789140224456787,297.75555419921875,8.7445707321167,142.462646484375,11.270865440368652
4.0,-11.25,7.750426292419434,297.75146484375,8.75714111328125,142.32933044433594,11.270865440368652
5.0,-11.25,7.655584812164307,297.693115234375,8.787944793701172,142.18507385253906,11.270865440368652
6.0,-11.25,7.557652950286865,297.6290588378906,8.819741249084473,142.0428009033203,11.270865440368652
7.0,-11.25,7.457034111022949,297.5597229003906,8.85241413116455,141.90277099609375,11.270865440368652
8.0,-11.25,7.363370418548584,297.494140625,8.882822036743164,141.7667236328125,11.270865440368652
9.0,-11.25,7.297729015350342,297.4521484375,8.904135704040527,141.6373748779297,11.270865440368652
10.0,-11.25,7.228793144226074,297.4046630859375,8.926518440246582,141.50942993164062,11.270865440368652
11.0,-11.25,7.1568169593811035,297.3519592285156,8.949893951416016,141.3831024169922,11.270865440368652
12.0,-11.25,7.081998348236084,297.29425048828125,8.974184036254883,141.25865173339844,11.270865440368652
13.0,-11.25,6.983205795288086,297.211669921875,9.006268501281738,141.13461303710938,11.270865440368652
14.0,-11.25,6.869910717010498,297.1131286621094,9.043055534362793,141.0127716064453,11.270865440368652
15.0,-11.25,6.756311416625977,297.0120849609375,9.079940795898438,140.89453125,11.270865440368652
16.0,-11.25,6.6426615715026855,296.90887451171875,9.11684513092041,140.77993774414062,11.270865440368652
17.0,-11.25,6.529181003570557,296.8038024902344,9.153695106506348,140.66903686523438,11.270865440368652
18.0,-11.25,6.432742118835449,296.7129211425781,9.185009002685547,140.561767578125,11.270865440368652
19.0,-11.25,6.346954345703125,296.6302795410156,9.212871551513672,140.4574737548828,11.270865440368652
20.0,-11.25,6.26019287109375,296.5449523925781,9.241043090820312,140.3560791015625,11.270865440368652
21.0,-11.25,6.146228313446045,296.4322509765625,9.278042793273926,140.25912475585938,11.270865440368652
22.0,-11.25,5.973942279815674,296.26300048828125,9.333992958068848,140.170166015625,11.270865440368652
23.0,-11.25,5.804290294647217,296.0949401855469,9.389076232910156,140.0867919921875,11.270865440368652
24.0,-11.25,5.624821662902832,295.91650390625,9.447346687316895,140.01016235351562,11.270865440368652
25.0,-11.25,4.934260368347168,295.2576599121094,9.671584129333496,140.00123596191406,11.270865440368652
26.0,-11.25,4.744513511657715,295.0690002441406,9.733199119567871,139.946533203125,11.270865440368652
27.0,-11.25,4.5648932456970215,294.88934326171875,9.791521072387695,139.89666748046875,11.270865440368652
28.0,-11.25,4.3781585693359375,294.7027282714844,9.852154731750488,139.85406494140625,11.270865440368652
29.0,-11.25,4.096600532531738,294.42803955078125,9.943578720092773,139.8353729248047,11.270865440368652
30.0,-11.25,3.927966356277466,294.25836181640625,9.998336791992188,139.80322265625,11.270865440368652
31.0,-11.25,3.755133867263794,294.08489990234375,10.054452896118164,139.7776641845703,11.270865440368652
32.0,-11.25,3.556300163269043,293.88787841796875,10.119017601013184,139.76400756835938,11.270865440368652
33.0,-11.25,3.137044906616211,293.49041748046875,10.255155563354492,139.81204223632812,11.270865440368652
34.0,-11.25,2.989337682723999,293.34222412109375,10.303117752075195,139.80148315429688,11.270865440368652
35.0,-11.25,2.544534206390381,292.92633056640625,10.44755744934082,139.87953186035156,11.270865440368652
36.0,-11.25,2.4366304874420166,292.81658935546875,10.482589721679688,139.8716278076172,11.270865440368652
37.0,-11.25,2.335123300552368,292.7130126953125,10.515549659729004,139.86532592773438,11.270865440368652
38.0,-11.25,2.239551067352295,292.61517333984375,10.546581268310547,139.86045837402344,11.270865440368652
39.0,-11.25,2.1495168209075928,292.522705078125,10.575813293457031,139.85687255859375,11.270865440368652
40.0,-11.25,2.0646605491638184,292.4352722167969,10.603371620178223,139.8544158935547,11.270865440368652
41.0,-11.25,1.822960376739502,292.2121276855469,10.681848526000977,139.91351318359375,11.270865440368652
42.0,-11.25,1.7656443119049072,292.15057373046875,10.700462341308594,139.90830993652344,11.270865440368652
43.0,-11.25,1.711418628692627,292.09197998046875,10.718074798583984,139.90379333496094,11.270865440368652
44.0,-11.25,1.6600253582000732,292.0361022949219,10.734755516052246,139.89991760253906,11.270865440368652
45.0,-11.25,1.611327052116394,291.9828186035156,10.75057315826416,139.8966064453125,11.270865440368652
46.0,-11.25,1.5650907754898071,291.9319152832031,10.765586853027344,139.8938446044922,11.270865440368652
47.0,-11.25,1.5211420059204102,291.8832092285156,10.779850006103516,139.8915557861328,11.270865440368652
48.0,-11.25,1.4793918132781982,291.8366394042969,10.793414115905762,139.88970947265625,11.270865440368652
49.0,-11.25,1.4263660907745361,291.7812805175781,10.81063175201416,139.89480590820312,11.270865440368652
50.0,-11.25,1.304011583328247,291.67108154296875,10.850362777709961,139.9366912841797,11.270865440368652
51.0,-11.25,1.2413997650146484,291.60992431640625,10.870691299438477,139.9511260986328,11.270865440368652
52.0,-11.25,1.1842163801193237,291.5538635253906,10.889264106750488,139.96461486816406,11.270865440368652
53.0,-11.25,1.1317455768585205,291.502197265625,10.906293869018555,139.9772491455078,11.270865440368652
54.0,-11.25,1.0835291147232056,291.45452880859375,10.921958923339844,139.98912048339844,11.270865440368652
55.0,-11.25,1.0389970541000366,291.4103088378906,10.936413764953613,140.00033569335938,11.270865440368652
56.0,-11.25,0.9978138208389282,291.3692321777344,10.949787139892578,140.0109405517578,11.270865440368652
57.0,-11.25,0.9596135020256042,291.3309631347656,10.962193489074707,140.02101135253906,11.270865440368652
58.0,-11.25,0.9240807294845581,291.2951965332031,10.973730087280273,140.0305938720703,11.270865440368652
59.0,-11.25,0.8894438147544861,291.2606201171875,10.984977722167969,140.04067993164062,11.270865440368652
60.0,-11.25,0.8433937430381775,291.2186279296875,10.99992847442627,140.05906677246094,11.270865440368652
61.0,-11.25,0.7166680097579956,291.1219482421875,11.041074752807617,140.13107299804688,11.270865440368652
62.0,-11.25,0.603397011756897,291.0371398925781,11.077860832214355,140.19741821289062,11.270865440368652
63.0,-11.25,0.5202256441116333,290.97479248046875,11.10486125946045,140.24627685546875,11.270865440368652
64.0,-11.25,0.456626832485199,290.9270935058594,11.125513076782227,140.28379821777344,11.270865440368652
65.0,-11.25,0.41124391555786133,290.89251708984375,11.140254020690918,140.31021118164062,11.270865440368652
66.0,-11.25,0.39557766914367676,290.87762451171875,11.145341873168945,140.31671142578125,11.270865440368652
67.0,-11.25,0.38098523020744324,290.86370849609375,11.150077819824219,140.3228759765625,11.270865440368652
68.0,-11.25,0.36737555265426636,290.8506774902344,11.154496192932129,140.32872009277344,11.270865440368652
69.0,-11.25,0.3546573519706726,290.8384704589844,11.158625602722168,140.33428955078125,11.270865440368652
70.0,-11.25,0.34275639057159424,290.8269958496094,11.162492752075195,140.33958435058594,11.270865440368652
71.0,-11.25,0.33157995343208313,290.816162109375,11.166120529174805,140.34463500976562,11.270865440368652
72.0,-11.25,0.3210889995098114,290.80596923828125,11.169529914855957,140.34947204589844,11.270865440368652
73.0,-11.25,0.31118959188461304,290.7962951660156,11.172738075256348,140.35411071777344,11.270865440368652
74.0,-11.25,0.30188485980033875,290.78717041015625,11.175762176513672,140.35855102539062,11.270865440368652
75.0,-11.25,0.29308977723121643,290.77850341796875,11.178616523742676,140.36282348632812,11.270865440368652
76.0,-11.25,0.28478050231933594,290.7702941894531,11.181314468383789,140.366943359375,11.270865440368652
77.0,-11.25,0.2769278883934021,290.7624816894531,11.183867454528809,140.3708953857422,11.270865440368652
78.0,-11.25,0.2694705128669739,290.7550354003906,11.186285972595215,140.37472534179688,11.270865440368652
79.0,-11.25,0.26239722967147827,290.7479248046875,11.188580513000488,140.37841796875,11.270865440368652
80.0,-11.25,0.25570088624954224,290.7411804199219,11.19075870513916,140.38198852539062,11.270865440368652
81.0,-11.25,0.2493191361427307,290.7347106933594,11.192829132080078,140.3854522705078,11.270865440368652
82.0,-11.25,0.24325793981552124,290.7285461425781,11.194798469543457,140.38880920410156,11.270865440368652
83.0,-11.25,0.23748435080051422,290.7226257324219,11.196674346923828,140.39205932617188,11.270865440368652
84.0,-11.25,0.2319793999195099,290.7169494628906,11.19846248626709,140.3952178955078,11.270865440368652
85.0,-11.25,0.2267235368490219,290.7115173339844,11.200167655944824,140.39830017089844,11.270865440368652
86.0,-11.25,0.2217126339673996,290.706298828125,11.201794624328613,140.4012908935547,11.270865440368652
87.0,-11.25,0.21692700684070587,290.7012939453125,11.203350067138672,140.40420532226562,11.270865440368652
88.0,-11.25,0.21233785152435303,290.69647216796875,11.20483684539795,140.4070587158203,11.270865440368652
89.0,-11.25,0.20796754956245422,290.69183349609375,11.206258773803711,140.40982055664062,11.270865440368652
90.0,-11.25,0.20376980304718018,290.6873779296875,11.207620620727539,140.41253662109375,11.270865440368652
91.0,-11.25,0.19975855946540833,290.6830749511719,11.208925247192383,140.41517639160156,11.270865440368652
92.0,-11.25,0.19590263068675995,290.6789245605469,11.210174560546875,140.4177703857422,11.270865440368652
93.0,-11.25,0.19221724569797516,290.6748962402344,11.211374282836914,140.4202880859375,11.270865440368652
94.0,-11.25,0.18867217004299164,290.6710510253906,11.2125244140625,140.4227752685547,11.270865440368652
95.0,-11.25,0.1852698028087616,290.66729736328125,11.213628768920898,140.42520141601562,11.270865440368652
96.0,-11.25,0.1820002794265747,290.6636657714844,11.214689254760742,140.42758178710938,11.270865440368652
97.0,-11.25,0.17886526882648468,290.6601867675781,11.21570873260498,140.42991638183594,11.270865440368652
98.0,-11.25,0.1758500337600708,290.65679931640625,11.216689109802246,140.4322052001953,11.270865440368652
99.0,-11.25,0.17294277250766754,290.6535339355469,11.217631340026855,140.43446350097656,11.270865440368652
100.0,-11.25,0.17014575004577637,290.65032958984375,11.218538284301758,140.43667602539062,11.270865440368652
101.0,-11.25,0.16745072603225708,290.6472473144531,11.21941089630127,140.43885803222656,11.270865440368652
102.0,-11.25,0.16486777365207672,290.644287109375,11.220251083374023,140.4409942626953,11.270865440368652
103.0,-11.25,0.1623712033033371,290.641357421875,11.221060752868652,140.44309997558594,11.270865440368652
104.0,-11.25,0.15998134016990662,290.6385498046875,11.221840858459473,140.44515991210938,11.270865440368652
105.0,-11.25,0.15766209363937378,290.63580322265625,11.222593307495117,140.44720458984375,11.270865440368652
106.0,-11.25,0.1554276943206787,290.6331481933594,11.223318099975586,140.44921875,11.270865440368652
107.0,-11.25,0.15327449142932892,290.63055419921875,11.224017143249512,140.45120239257812,11.270865440368652
108.0,-11.25,0.15120083093643188,290.6280517578125,11.224691390991211,140.45315551757812,11.270865440368652
109.0,-11.25,0.14919041097164154,290.6255798339844,11.225341796875,140.45509338378906,11.270865440368652
110.0,-11.25,0.1473669707775116,290.6231994628906,11.225935935974121,140.45689392089844,11.270865440368652
111.0,-11.25,0.14562135934829712,290.620849609375,11.226499557495117,140.4586639404297,11.270865440368652
112.0,-11.25,0.1439453512430191,290.61859130859375,11.227044105529785,140.4604034423828,11.270865440368652
113.0,-11.25,0.14232902228832245,290.6163330078125,11.227570533752441,140.46212768554688,11.270865440368652
114.0,-11.25,0.1407606303691864,290.61419677734375,11.228079795837402,140.46383666992188,11.270865440368652
115.0,-11.25,0.13925008475780487,290.612060546875,11.228571891784668,140.4655303955078,11.270865440368652
116.0,-11.25,0.13779017329216003,290.6099853515625,11.229046821594238,140.4672088623047,11.270865440368652
117.0,-11.25,0.13636881113052368,290.6079406738281,11.229506492614746,140.46888732910156,11.270865440368652
118.0,-11.25,0.13500887155532837,290.60595703125,11.229950904846191,140.4705352783203,11.270865440368652
119.0,-11.25,0.13367962837219238,290.6040344238281,11.23038101196289,140.47218322753906,11.270865440368652
120.0,-11.25,0.13240592181682587,290.60211181640625,11.230795860290527,140.47381591796875,11.270865440368652
121.0,-11.25,0.131160706281662,290.6002502441406,11.231197357177734,140.47544860839844,11.270865440368652
122.0,-11.25,0.12997710704803467,290.5984191894531,11.231585502624512,140.47705078125,11.270865440368652
123.0,-11.25,0.1288188397884369,290.5966491699219,11.23196029663086,140.47865295410156,11.270865440368652
124.0,-11.25,0.12769171595573425,290.59490966796875,11.232322692871094,140.48025512695312,11.270865440368652
125.0,-11.25,0.1266227811574936,290.59320068359375,11.232672691345215,140.48182678222656,11.270865440368652
126.0,-11.25,0.1255698800086975,290.5915222167969,11.233010292053223,140.48341369628906,11.270865440368652
127.0,-11.25,0.12455931305885315,290.5898742675781,11.23333740234375,140.4849853515625,11.270865440368652
128.0,-11.25,0.12360087782144547,290.5882263183594,11.233652114868164,140.48654174804688,11.270865440368652
129.0,-11.25,0.12264923006296158,290.586669921875,11.233957290649414,140.48809814453125,11.270865440368652
130.0,-11.25,0.12176112830638885,290.5851135253906,11.234251022338867,140.4896240234375,11.270865440368652
131.0,-11.25,0.12089666724205017,290.58355712890625,11.23453426361084,140.4911651611328,11.270865440368652
132.0,-11.25,0.12003403156995773,290.58209228515625,11.234807968139648,140.49270629882812,11.270865440368652
133.0,-11.25,0.11924553662538528,290.5805969238281,11.235071182250977,140.4942169189453,11.270865440368652
134.0,-11.25,0.11845507472753525,290.57916259765625,11.23532485961914,140.49574279785156,11.270865440368652
135.0,-11.25,0.11769989877939224,290.5777282714844,11.235569953918457,140.4972686767578,11.270865440368652
136.0,-11.25,0.11696624755859375,290.57635498046875,11.23580551147461,140.498779296875,11.270865440368652
137.0,-11.25,0.1162799745798111,290.5749816894531,11.236031532287598,140.50027465820312,11.270865440368652
138.0,-11.25,0.11560149490833282,290.5736389160156,11.236248970031738,140.5017852783203,11.270865440368652
139.0,-11.25,0.11495473980903625,290.57232666015625,11.236458778381348,140.50328063964844,11.270865440368652
140.0,-11.25,0.11434243619441986,290.5710144042969,11.236659049987793,140.50477600097656,11.270865440368652
141.0,-11.25,0.11374829709529877,290.5697326660156,11.236852645874023,140.5062713623047,11.270865440368652
142.0,-11.25,0.11317245662212372,290.5684814453125,11.23703670501709,140.5077667236328,11.270865440368652
143.0,-11.25,0.11264167726039886,290.5672302246094,11.237214088439941,140.50924682617188,11.270865440368652
144.0,-11.25,0.11211074143648148,290.5660400390625,11.237382888793945,140.51072692871094,11.270865440368652
145.0,-11.25,0.11162983626127243,290.5648193359375,11.237544059753418,140.51220703125,11.270865440368652
146.0,-11.25,0.11113522946834564,290.56365966796875,11.237698554992676,140.51370239257812,11.270865440368652
147.0,-11.25,0.11069580912590027,290.5625,11.237845420837402,140.51516723632812,11.270865440368652
148.0,-11.25,0.11024826765060425,290.5613708496094,11.237984657287598,140.51666259765625,11.270865440368652
149.0,-11.25,0.10985489189624786,290.56024169921875,11.238117218017578,140.51812744140625,11.270865440368652
150.0,-11.25,0.10947264730930328,290.5591125488281,11.238242149353027,140.51962280273438,11.270865440368652
151.0,-11.25,0.10910463333129883,290.55804443359375,11.238361358642578,140.52108764648438,11.270865440368652
152.0,-11.25,0.10874754190444946,290.5569763183594,11.238472938537598,140.5225830078125,11.270865440368652
153.0,-11.25,0.10843285918235779,290.555908203125,11.238577842712402,140.52406311035156,11.270865440368652
154.0,-11.25,0.10813942551612854,290.55487060546875,11.238676071166992,140.52552795410156,11.270865440368652
155.0,-11.25,0.1078365296125412,290.5538635253906,11.238767623901367,140.5270233154297,11.270865440368652
156.0,-11.25,0.10759608447551727,290.5528259277344,11.238853454589844,140.52850341796875,11.270865440368652
157.0,-11.25,0.10733459889888763,290.5518493652344,11.238932609558105,140.52999877929688,11.270865440368652
158.0,-11.25,0.10711368918418884,290.5508728027344,11.239005088806152,140.53147888183594,11.270865440368652
159.0,-11.25,0.10691492259502411,290.5498962402344,11.239070892333984,140.53297424316406,11.270865440368652
160.0,-11.25,0.10672473907470703,290.5489501953125,11.239130973815918,140.5344696044922,11.270865440368652
161.0,-11.25,0.10656549036502838,290.5480041503906,11.239185333251953,140.5359649658203,11.270865440368652
162.0,-11.25,0.10643760859966278,290.54705810546875,11.239233016967773,140.53746032714844,11.270865440368652
163.0,-11.25,0.10628554224967957,290.5461730957031,11.239274024963379,140.53897094726562,11.270865440368652
164.0,-11.25,0.10618769377470016,290.5452575683594,11.239310264587402,140.5404815673828,11.270865440368652
165.0,-11.25,0.10607307404279709,290.5444030761719,11.239338874816895,140.5419921875,11.270865440368652
166.0,-11.25,0.10601285845041275,290.54351806640625,11.239362716674805,140.5435028076172,11.270865440368652
167.0,-11.25,0.1058695837855339,290.542724609375,11.239411354064941,140.54507446289062,11.270865440368652
168.0,-11.25,0.1057325154542923,290.5419616699219,11.239453315734863,140.54664611816406,11.270865440368652
169.0,-11.25,0.10561881959438324,290.54119873046875,11.239490509033203,140.54823303222656,11.270865440368652
170.0,-11.25,0.10551800578832626,290.54046630859375,11.239520072937012,140.5498046875,11.270865440368652
171.0,-11.25,0.10544717311859131,290.53973388671875,11.239544868469238,140.55137634277344,11.270865440368652
172.0,-11.25,0.10539481043815613,290.53900146484375,11.239562034606934,140.552978515625,11.270865440368652
173.0,-11.25,0.10535922646522522,290.5382995605469,11.239574432373047,140.55455017089844,11.270865440368652
174.0,-11.25,0.105342335999012,290.53759765625,11.239580154418945,140.55615234375,11.270865440368652
175.0,-11.25,0.10535635054111481,290.5368957519531,11.239580154418945,140.55775451660156,11.270865440368652
176.0,-11.25,0.10537443310022354,290.5362243652344,11.239574432373047,140.55935668945312,11.270865440368652
177.0,-11.25,0.10539119690656662,290.53558349609375,11.239562034606934,140.56097412109375,11.270865440368652
178.0,-11.25,0.10546571761369705,290.534912109375,11.239543914794922,140.56259155273438,11.270865440368652
179.0,-11.25,0.105516716837883,290.5343017578125,11.239519119262695,140.564208984375,11.270865440368652
180.0,-11.25,0.10562536120414734,290.5336608886719,11.23948860168457,140.56582641601562,11.270865440368652
181.0,-11.25,0.10573258250951767,290.5330505371094,11.239452362060547,140.5674591064453,11.270865440368652
182.0,-11.25,0.1058667004108429,290.5324401855469,11.239409446716309,140.56910705566406,11.270865440368652
183.0,-11.25,0.10603193938732147,290.5318298339844,11.239359855651855,140.5707550048828,11.270865440368652
184.0,-11.25,0.10619612038135529,290.53125,11.23930549621582,140.57241821289062,11.270865440368652
185.0,-11.25,0.10639171302318573,290.5306701660156,11.239243507385254,140.57408142089844,11.270865440368652
186.0,-11.25,0.10661503672599792,290.53009033203125,11.239175796508789,140.5757598876953,11.270865440368652
187.0,-11.25,0.10681285709142685,290.5295715332031,11.23910140991211,140.5774383544922,11.270865440368652
188.0,-11.25,0.10706469416618347,290.5290222167969,11.239021301269531,140.5791473388672,11.270865440368652
189.0,-11.25,0.10734815895557404,290.5284729003906,11.238934516906738,140.5808563232422,11.270865440368652
190.0,-11.25,0.1076347678899765,290.5279541015625,11.238840103149414,140.5825653076172,11.270865440368652
191.0,-11.25,0.1079200804233551,290.5274658203125,11.238739967346191,140.5843048095703,11.270865440368652
192.0,-11.25,0.10826722532510757,290.5269470214844,11.238633155822754,140.58602905273438,11.270865440368652
193.0,-11.25,0.1086142435669899,290.5264587402344,11.238519668579102,140.58778381347656,11.270865440368652
194.0,-11.25,0.10899195075035095,290.5259704589844,11.238399505615234,140.5895538330078,11.270865440368652
195.0,-11.25,0.10937229543924332,290.5255126953125,11.238271713256836,140.59133911132812,11.270865440368652
196.0,-11.25,0.1097845733165741,290.5250549316406,11.238137245178223,140.59312438964844,11.270865440368652
197.0,-11.25,0.11022859066724777,290.52459716796875,11.237995147705078,140.5949249267578,11.270865440368652
198.0,-11.25,0.11070484668016434,290.5241394042969,11.237845420837402,140.5967559814453,11.270865440368652
199.0,-11.25,0.11118493229150772,290.5237121582031,11.237689018249512,140.59860229492188,11.270865440368652
200.0,-11.25,0.11166897416114807,290.5233154296875,11.23752498626709,140.60044860839844,11.270865440368652
201.0,-11.25,0.1122150793671608,290.52288818359375,11.237353324890137,140.60231018066406,11.270865440368652
202.0,-11.25,0.11276701837778091,290.5224914550781,11.237174034118652,140.6042022705078,11.270865440368652
203.0,-11.25,0.11332492530345917,290.5221252441406,11.23698616027832,140.60610961914062,11.270865440368652
204.0,-11.25,0.1139465793967247,290.521728515625,11.23678970336914,140.6080322265625,11.270865440368652
205.0,-11.25,0.11457636207342148,290.5213623046875,11.23658561706543,140.6099853515625,11.270865440368652
206.0,-11.25,0.11524221301078796,290.52099609375,11.236372947692871,140.61195373535156,11.270865440368652
207.0,-11.25,0.11591584980487823,290.5206604003906,11.236151695251465,140.6139373779297,11.270865440368652
208.0,-11.25,0.11659769713878632,290.5203552246094,11.235921859741211,140.61593627929688,11.270865440368652
209.0,-11.25,0.11734796315431595,290.52001953125,11.235682487487793,140.6179656982422,11.270865440368652
210.0,-11.25,0.11813594400882721,290.5196838378906,11.235433578491211,140.62001037597656,11.270865440368652
211.0,-11.25,0.11893665790557861,290.5193786621094,11.235176086425781,140.62208557128906,11.270865440368652
212.0,-11.25,0.11975190043449402,290.51910400390625,11.234908103942871,140.6241912841797,11.270865440368652
213.0,-11.25,0.12064500153064728,290.518798828125,11.234609603881836,140.62632751464844,11.270865440368652
214.0,-11.25,0.12164556980133057,290.5184326171875,11.234288215637207,140.62850952148438,11.270865440368652
215.0,-11.25,0.12265918403863907,290.5180969238281,11.233955383300781,140.63070678710938,11.270865440368652
216.0,-11.25,0.12372266501188278,290.51776123046875,11.233611106872559,140.63294982910156,11.270865440368652
217.0,-11.25,0.12483789771795273,290.5174255371094,11.233253479003906,140.63523864746094,11.270865440368652
218.0,-11.25,0.12597373127937317,290.5171203613281,11.23288345336914,140.63755798339844,11.270865440368652
219.0,-11.25,0.12715281546115875,290.5168151855469,11.232501029968262,140.639892578125,11.270865440368652
220.0,-11.25,0.12836526334285736,290.51654052734375,11.232104301452637,140.6422882080078,11.270865440368652
221.0,-11.25,0.12965472042560577,290.5162353515625,11.231694221496582,140.64471435546875,11.270865440368652
222.0,-11.25,0.1309482753276825,290.5159912109375,11.231269836425781,140.64718627929688,11.270865440368652
223.0,-11.25,0.13229449093341827,290.5157470703125,11.230830192565918,140.64968872070312,11.270865440368652
224.0,-11.25,0.13370004296302795,290.5155029296875,11.230375289916992,140.65223693847656,11.270865440368652
225.0,-11.25,0.1351470947265625,290.5152893066406,11.229904174804688,140.65484619140625,11.270865440368652
226.0,-11.25,0.13664957880973816,290.51507568359375,11.229416847229004,140.65748596191406,11.270865440368652
227.0,-11.25,0.1382223665714264,290.5148620605469,11.228911399841309,140.66018676757812,11.270865440368652
228.0,-11.25,0.13983428478240967,290.5146789550781,11.228388786315918,140.66293334960938,11.270865440368652
229.0,-11.25,0.1414945423603058,290.5145263671875,11.227848052978516,140.66574096679688,11.270865440368652
230.0,-11.25,0.14322246611118317,290.5143737792969,11.227287292480469,140.66859436035156,11.270865440368652
231.0,-11.25,0.1450020670890808,290.5142517089844,11.226707458496094,140.6715087890625,11.270865440368652
232.0,-11.25,0.1468600034713745,290.5141296386719,11.226105690002441,140.6744842529297,11.270865440368652
233.0,-11.25,0.1487734168767929,290.5140380859375,11.225482940673828,140.67752075195312,11.270865440368652
234.0,-11.25,0.15075324475765228,290.51397705078125,11.224837303161621,140.68063354492188,11.270865440368652
235.0,-11.25,0.1528160274028778,290.513916015625,11.22416877746582,140.68380737304688,11.270865440368652
236.0,-11.25,0.15496313571929932,290.51385498046875,11.223475456237793,140.68704223632812,11.270865440368652
237.0,-11.25,0.15716910362243652,290.51385498046875,11.222756385803223,140.69036865234375,11.270865440368652
238.0,-11.25,0.15946324169635773,290.51385498046875,11.222010612487793,140.69375610351562,11.270865440368652
239.0,-11.25,0.1618436574935913,290.5138854980469,11.221237182617188,140.69723510742188,11.270865440368652
240.0,-11.25,0.16431346535682678,290.5139465332031,11.220434188842773,140.7008056640625,11.270865440368652
241.0,-11.25,0.16687533259391785,290.5140380859375,11.219600677490234,140.7044677734375,11.270865440368652
242.0,-11.25,0.16954268515110016,290.5141296386719,11.218734741210938,140.7082061767578,11.270865440368652
243.0,-11.25,0.17231664061546326,290.5142517089844,11.217835426330566,140.71205139160156,11.270865440368652
244.0,-11.25,0.17518040537834167,290.5144348144531,11.216900825500488,140.71600341796875,11.270865440368652
245.0,-11.25,0.178196519613266,290.51458740234375,11.215929985046387,140.72006225585938,11.270865440368652
246.0,-11.25,0.18130026757717133,290.51483154296875,11.214919090270996,140.7242431640625,11.270865440368652
247.0,-11.25,0.18454203009605408,290.51507568359375,11.213868141174316,140.72853088378906,11.270865440368652
248.0,-11.25,0.18790926039218903,290.515380859375,11.212773323059082,140.7329559326172,11.270865440368652
249.0,-11.25,0.19141294062137604,290.5157165527344,11.211633682250977,140.7375030517578,11.270865440368652
250.0,-11.25,0.19506791234016418,290.5160827636719,11.210445404052734,140.7421875,11.270865440368652
251.0,-11.25,0.19888272881507874,290.5165100097656,11.209207534790039,140.74703979492188,11.270865440368652
252.0,-11.25,0.20287352800369263,290.5169372558594,11.207915306091309,140.7520294189453,11.270865440368652
253.0,-11.25,0.20701611042022705,290.5174560546875,11.20656681060791,140.75718688964844,11.270865440368652
254.0,-11.25,0.2113608717918396,290.51800537109375,11.205158233642578,140.7625274658203,11.270865440368652
255.0,-11.25,0.21588410437107086,290.51861572265625,11.203685760498047,140.76803588867188,11.270865440368652
256.0,-11.25,0.2206421196460724,290.5192565917969,11.202146530151367,140.7737579345703,11.270865440368652
257.0,-11.25,0.22559793293476105,290.5199890136719,11.20053482055664,140.77967834472656,11.270865440368652
258.0,-11.25,0.23079673945903778,290.5207824707031,11.198847770690918,140.78582763671875,11.270865440368652
259.0,-11.25,0.236244797706604,290.5216369628906,11.197078704833984,140.79220581054688,11.270865440368652
260.0,-11.25,0.24196013808250427,290.5225524902344,11.195222854614258,140.798828125,11.270865440368652
261.0,-11.25,0.24796082079410553,290.5235595703125,11.193275451660156,140.80572509765625,11.270865440368652
262.0,-11.25,0.25426799058914185,290.524658203125,11.191227912902832,140.8129119873047,11.270865440368652
263.0,-11.25,0.26090115308761597,290.52581787109375,11.18907356262207,140.8203887939453,11.270865440368652
264.0,-11.25,0.26788198947906494,290.527099609375,11.186806678771973,140.8282012939453,11.270865440368652
265.0,-11.25,0.2752452790737152,290.5284729003906,11.184415817260742,140.83636474609375,11.270865440368652
266.0,-11.25,0.2830146849155426,290.52996826171875,11.181893348693848,140.84490966796875,11.270865440368652
267.0,-11.25,0.2912135124206543,290.5315856933594,11.179228782653809,140.85385131835938,11.270865440368652
268.0,-11.25,0.29989221692085266,290.5333251953125,11.176410675048828,140.8632354736328,11.270865440368652
269.0,-11.25,0.3090841472148895,290.5352478027344,11.17342472076416,140.87310791015625,11.270865440368652
270.0,-11.25,0.3188561201095581,290.5372619628906,11.170258522033691,140.8834991455078,11.270865440368652
271.0,-11.25,0.32919836044311523,290.53948974609375,11.166895866394043,140.89442443847656,11.270865440368652
272.0,-11.25,0.3402174711227417,290.5419006347656,11.163318634033203,140.90597534179688,11.270865440368652
273.0,-11.25,0.35194918513298035,290.5445251464844,11.159505844116211,140.91818237304688,11.270865440368652
274.0,-11.25,0.36448603868484497,290.5473327636719,11.155437469482422,140.93112182617188,11.270865440368652
275.0,-11.25,0.3778817653656006,290.5504150390625,11.15108585357666,140.94485473632812,11.270865440368652
276.0,-11.25,0.3922555446624756,290.55377197265625,11.14642333984375,140.95948791503906,11.270865440368652
277.0,-11.25,0.40767166018486023,290.5574035644531,11.141416549682617,140.97506713867188,11.270865440368652
278.0,-11.25,0.42426586151123047,290.5614013671875,11.136027336120605,140.99172973632812,11.270865440368652
279.0,-11.25,0.4421653747558594,290.5657653808594,11.130213737487793,141.00958251953125,11.270865440368652
280.0,-11.25,0.46153873205184937,290.5705261230469,11.123924255371094,141.02877807617188,11.270865440368652
281.0,-11.25,0.4825476109981537,290.5758056640625,11.117101669311523,141.04946899414062,11.270865440368652
282.0,-11.25,0.5054066181182861,290.5815734863281,11.109678268432617,141.07183837890625,11.270865440368652
283.0,-11.25,0.5303775072097778,290.58795166015625,11.101572036743164,141.09613037109375,11.270865440368652
284.0,-11.25,0.5577337145805359,290.59503173828125,11.092689514160156,141.12258911132812,11.270865440368652
285.0,-11.25,0.5878174901008606,290.6028747558594,11.082918167114258,141.15151977539062,11.270865440368652
286.0,-11.25,0.6210781931877136,290.6116638183594,11.07211971282959,141.18333435058594,11.270865440368652
287.0,-11.25,0.6540926694869995,290.6215515136719,11.061397552490234,141.2147674560547,11.270865440368652
288.0,-11.25,0.6743208169937134,290.6324462890625,11.054829597473145,141.2339324951172,11.270865440368652
289.0,-11.25,0.6957585215568542,290.64404296875,11.047869682312012,141.25404357910156,11.270865440368652
290.0,-11.25,0.7184928059577942,290.6564025878906,11.040485382080078,141.27516174316406,11.270865440368652
291.0,-11.25,0.7426726222038269,290.6695861816406,11.032637596130371,141.2974090576172,11.270865440368652
292.0,-11.25,0.7683891654014587,290.6836242675781,11.024285316467285,141.3208465576172,11.270865440368652
293.0,-11.25,0.7958062887191772,290.6986999511719,11.015380859375,141.34559631347656,11.270865440368652
294.0,-11.25,0.825093150138855,290.7148132324219,11.00587272644043,141.37179565429688,11.270865440368652
295.0,-11.25,0.8564369082450867,290.73211669921875,10.995698928833008,141.3995819091797,11.270865440368652
296.0,-11.25,0.8900099992752075,290.7507019042969,10.98479175567627,141.4290771484375,11.270865440368652
297.0,-11.25,0.926102876663208,290.770751953125,10.973073959350586,141.46051025390625,11.270865440368652
298.0,-11.25,0.9649686217308044,290.79241943359375,10.960455894470215,141.4940643310547,11.270865440368652
299.0,-11.25,1.0069100856781006,290.81585693359375,10.9468355178833,141.52996826171875,11.270865440368652
300.0,-11.25,1.052306890487671,290.8412780761719,10.932093620300293,141.56851196289062,11.270865440368652
301.0,-11.25,1.1015903949737549,290.86895751953125,10.916093826293945,141.61001586914062,11.270865440368652
302.0,-11.25,1.1552356481552124,290.899169921875,10.898673057556152,141.6548309326172,11.270865440368652
303.0,-11.25,1.213843822479248,290.9322509765625,10.879643440246582,141.7034149169922,11.270865440368652
304.0,-11.25,1.278092384338379,290.9685974121094,10.858779907226562,141.7562713623047,11.270865440368652
305.0,-11.25,1.3665711879730225,291.01373291015625,10.830052375793457,141.83004760742188,11.270865440368652
306.0,-11.25,1.5196956396102905,291.0807189941406,10.780328750610352,141.96063232421875,11.270865440368652
307.0,-11.25,1.7085647583007812,291.16357421875,10.718998908996582,142.12110900878906,11.270865440368652
308.0,-11.25,1.8734266757965088,291.2442626953125,10.665467262268066,142.2577667236328,11.270865440368652
309.0,-11.25,1.9928878545761108,291.31427001953125,10.626677513122559,142.35202026367188,11.270865440368652
310.0,-11.25,2.126047134399414,291.39263916015625,10.583439826965332,142.456298828125,11.270865440368652
311.0,-11.25,2.275275945663452,291.4808654785156,10.534984588623047,142.57229614257812,11.270865440368652
312.0,-11.25,2.443531036376953,291.5807800292969,10.480350494384766,142.70213317871094,11.270865440368652
313.0,-11.25,2.6344988346099854,291.69464111328125,10.418341636657715,142.8484649658203,11.270865440368652
314.0,-11.25,2.8529067039489746,291.8254089355469,10.347421646118164,143.01466369628906,11.270865440368652
315.0,-11.25,3.1048662662506104,291.976806640625,10.265608787536621,143.20513916015625,11.270865440368652
316.0,-11.25,3.398413896560669,292.15386962890625,10.170287132263184,143.4256134033203,11.270865440368652
317.0,-11.25,3.7444076538085938,292.36328125,10.057939529418945,143.6838836669922,11.270865440368652
318.0,-11.25,4.157749176025391,292.6142883300781,9.923724174499512,143.9906005859375,11.270865440368652
319.0,-11.25,4.659564018249512,292.91998291015625,9.760783195495605,144.36087036132812,11.270865440368652
320.0,-11.25,4.817174911499023,293.0650329589844,9.709602355957031,144.4462890625,11.270865440368652
321.0,-11.25,4.907224655151367,293.17864990234375,9.680365562438965,144.47434997558594,11.270865440368652
322.0,-11.25,4.996494770050049,293.2935485839844,9.65137767791748,144.49899291992188,11.270865440368652
323.0,-11.25,5.139242649078369,293.4393310546875,9.605026245117188,144.56204223632812,11.270865440368652
324.0,-11.25,5.42197322845459,293.66650390625,9.513215065002441,144.72784423828125,11.270865440368652
325.0,-11.25,5.824084281921387,293.96875,9.382649421691895,144.9766387939453,11.270865440368652
326.0,-11.25,6.282817840576172,294.3137512207031,9.233692169189453,145.258056640625,11.270865440368652
327.0,-11.25,6.708036422729492,294.6494140625,9.095620155334473,145.504150390625,11.270865440368652
328.0,-11.25,6.928038120269775,294.8691101074219,9.024182319641113,145.5918731689453,11.270865440368652
329.0,-11.25,7.0766119956970215,295.0484313964844,8.975942611694336,145.62265014648438,11.270865440368652
330.0,-11.25,7.028465270996094,295.1048278808594,8.99157428741455,145.51107788085938,11.270865440368652
331.0,-11.25,6.977952003479004,295.1571350097656,9.007972717285156,145.3974609375,11.270865440368652
332.0,-11.25,6.885800838470459,295.1793518066406,9.037901878356934,145.25534057617188,11.270865440368652
333.0,-11.25,6.934589385986328,295.29278564453125,9.022056579589844,145.20765686035156,11.270865440368652
334.0,-11.25,7.728239059448242,295.91546630859375,8.764350891113281,145.64393615722656,11.270865440368652
335.0,-11.25,7.723676681518555,295.99957275390625,8.765829086303711,145.54798889160156,11.270865440368652
336.0,-11.25,7.725735187530518,296.0866394042969,8.765162467956543,145.4547882080078,11.270865440368652
337.0,-11.25,7.7523579597473145,296.189697265625,8.756521224975586,145.37521362304688,11.270865440368652
338.0,-11.25,7.756890296936035,296.2755432128906,8.755041122436523,145.28018188476562,11.270865440368652
339.0,-11.25,7.6962666511535645,296.3116760253906,8.77473258972168,145.14508056640625,11.270865440368652
340.0,-11.25,7.685133457183838,296.3818664550781,8.778348922729492,145.0387725830078,11.270865440368652
341.0,-11.25,7.67004919052124,296.44708251953125,8.783246040344238,144.92916870117188,11.270865440368652
342.0,-11.25,7.649322509765625,296.5058898925781,8.789971351623535,144.81553649902344,11.270865440368652
343.0,-11.25,7.901703834533691,296.7749328613281,8.708020210266113,144.84814453125,11.270865440368652
344.0,-11.25,8.227697372436523,297.10479736328125,8.6021728515625,144.91119384765625,11.270865440368652
345.0,-11.25,8.256170272827148,297.2017822265625,8.592920303344727,144.8120574951172,11.270865440368652
346.0,-11.25,8.234781265258789,297.25714111328125,8.59986400604248,144.6860809326172,11.270865440368652
347.0,-11.25,8.18729019165039,297.28887939453125,8.615283012390137,144.54685974121094,11.270865440368652
348.0,-11.25,8.139084815979004,297.31719970703125,8.630941390991211,144.40745544433594,11.270865440368652
349.0,-11.25,8.165068626403809,297.4042663574219,8.622503280639648,144.3019256591797,11.270865440368652
350.0,-11.25,8.199667930603027,297.49688720703125,8.611268997192383,144.1983184814453,11.270865440368652
351.0,-11.25,8.184288024902344,297.54571533203125,8.616264343261719,144.0713653564453,11.270865440368652
352.0,-11.25,8.175169944763184,297.5975341796875,8.619226455688477,143.94639587402344,11.270865440368652
353.0,-11.25,8.182938575744629,297.66162109375,8.616706848144531,143.82733154296875,11.270865440368652
354.0,-11.25,8.163999557495117,297.7005310058594,8.62285041809082,143.69691467285156,11.270865440368652
355.0,-11.25,8.157804489135742,297.7481689453125,8.62486743927002,143.5707550048828,11.270865440368652
356.0,-11.25,8.144731521606445,297.7875061035156,8.62910270690918,143.4414825439453,11.270865440368652
357.0,-11.25,8.123987197875977,297.8177185058594,8.635845184326172,143.30918884277344,11.270865440368652
358.0,-11.25,8.099530220031738,297.8421936035156,8.643791198730469,143.17552185058594,11.270865440368652
359.0,-11.25,8.043194770812988,297.83563232421875,8.662084579467773,143.0321807861328,11.270865440368652
0.0,-16.875,10.075687408447266,299.7086486816406,8.301480293273926,143.79647827148438,11.270865440368652
1.0,-16.875,9.993590354919434,299.6886901855469,8.325695037841797,143.6127471923828,11.270865440368652
2.0,-16.875,9.946660995483398,299.6971740722656,8.339546203613281,143.4407501220703,11.270865440368652
3.0,-16.875,9.915380477905273,299.7167663574219,8.348767280578613,143.2736053466797,11.270865440368652
4.0,-16.875,9.911477088928223,299.7585144042969,8.349920272827148,143.1136016845703,11.270865440368652
5.0,-16.875,9.901086807250977,299.79144287109375,8.352985382080078,142.951416015625,11.270865440368652
6.0,-16.875,9.840665817260742,299.7749938964844,8.370809555053711,142.7777557373047,11.270865440368652
7.0,-16.875,9.830916404724121,299.8025817871094,8.373685836791992,142.61578369140625,11.270865440368652
8.0,-16.875,9.832862854003906,299.8382568359375,8.373114585876465,142.4557342529297,11.270865440368652
9.0,-16.875,9.789787292480469,299.8288269042969,8.385824203491211,142.28729248046875,11.270865440368652
10.0,-16.875,9.709460258483887,299.7812194824219,8.409514427185059,142.11392211914062,11.270865440368652
11.0,-16.875,9.626924514770508,299.7283020019531,8.433865547180176,141.94241333007812,11.270865440368652
12.0,-16.875,9.542329788208008,299.6702575683594,8.458822250366211,141.77296447753906,11.270865440368652
13.0,-16.875,9.455814361572266,299.6072692871094,8.484338760375977,141.6057586669922,11.270865440368652
14.0,-16.875,9.367600440979004,299.53961181640625,8.510363578796387,141.44094848632812,11.270865440368652
15.0,-16.875,9.27782154083252,299.46746826171875,8.536848068237305,141.27870178222656,11.270865440368652
16.0,-16.875,9.180163383483887,299.3848876953125,8.565656661987305,141.11878967285156,11.270865440368652
17.0,-16.875,9.06542682647705,299.28314208984375,8.599502563476562,140.96127319335938,11.270865440368652
18.0,-16.875,8.949146270751953,299.1771240234375,8.633806228637695,140.80743408203125,11.270865440368652
19.0,-16.875,8.831570625305176,299.0671691894531,8.668490409851074,140.6573944091797,11.270865440368652
20.0,-16.875,8.743480682373047,298.9827880859375,8.694478988647461,140.510986328125,11.270865440368652
21.0,-16.875,8.661541938781738,298.9017639160156,8.718643188476562,140.3673553466797,11.270865440368652
22.0,-16.875,8.56447982788086,298.8038635253906,8.747278213500977,140.22718811035156,11.270865440368652
23.0,-16.875,8.384846687316895,298.6248779296875,8.800277709960938,140.09530639648438,11.270865440368652
24.0,-16.875,8.239583015441895,298.4765625,8.843123435974121,139.96693420410156,11.270865440368652
25.0,-16.875,8.117862701416016,298.3486328125,8.879033088684082,139.84136962890625,11.270865440368652
26.0,-16.875,7.990324020385742,298.2132263183594,8.916659355163574,139.72073364257812,11.270865440368652
27.0,-16.875,7.857685565948486,298.0711669921875,8.95578384399414,139.60523986816406,11.270865440368652
28.0,-16.875,7.720727443695068,297.92333984375,8.996185302734375,139.49502563476562,11.270865440368652
29.0,-16.875,7.527322292327881,297.7207946777344,9.053247451782227,139.39865112304688,11.270865440368652
30.0,-16.875,7.194093704223633,297.3858337402344,9.151544570922852,139.33355712890625,11.270865440368652
31.0,-16.875,6.856388092041016,297.0466613769531,9.251161575317383,139.28060913085938,11.270865440368652
32.0,-16.875,6.654025077819824,296.8340148925781,9.31086540222168,139.2109375,11.270865440368652
33.0,-16.875,6.5131330490112305,296.67803955078125,9.352428436279297,139.1344757080078,11.270865440368652
34.0,-16.875,6.378587245941162,296.5271911621094,9.39211654663086,139.06149291992188,11.270865440368652
35.0,-16.875,5.971076965332031,296.12445068359375,9.51233196258545,139.0634002685547,11.270865440368652
36.0,-16.875,5.640021324157715,295.793701171875,9.60999584197998,139.05801391601562,11.270865440368652
37.0,-16.875,5.4535231590271,295.59619140625,9.665008544921875,139.0219268798828,11.270865440368652
38.0,-16.875,5.265634536743164,295.3977966308594,9.720438957214355,138.99269104003906,11.270865440368652
39.0,-16.875,4.480332374572754,294.6621398925781,9.952096939086914,139.16122436523438,11.270865440368652
40.0,-16.875,3.67543363571167,293.91650390625,10.189537048339844,139.3614501953125,11.270865440368652
41.0,-16.875,3.4462811946868896,293.69085693359375,10.257142066955566,139.3848114013672,11.270865440368652
42.0,-16.875,3.2216811180114746,293.4710998535156,10.323396682739258,139.41397094726562,11.270865440368652
43.0,-16.875,3.0452113151550293,293.2955017089844,10.375456809997559,139.4320068359375,11.270865440368652
44.0,-16.875,2.8848743438720703,293.1354675292969,10.422758102416992,139.4493865966797,11.270865440368652
45.0,-16.875,2.7386112213134766,292.989013671875,10.465899467468262,139.46615600585938,11.270865440368652
46.0,-16.875,2.577892541885376,292.83160400390625,10.51330852508545,139.49386596679688,11.270865440368652
47.0,-16.875,2.442742347717285,292.69757080078125,10.553178787231445,139.515380859375,11.270865440368652
48.0,-16.875,2.3189775943756104,292.5745544433594,10.589693069458008,139.53602600097656,11.270865440368652
49.0,-16.875,1.7703152894973755,292.099853515625,10.751546859741211,139.76104736328125,11.270865440368652
50.0,-16.875,1.7133580446243286,292.0382080078125,10.768351554870605,139.76319885253906,11.270865440368652
51.0,-16.875,1.6596457958221436,291.979736328125,10.784194946289062,139.76560974121094,11.270865440368652
52.0,-16.875,1.6089600324630737,291.9242248535156,10.799150466918945,139.7682342529297,11.270865440368652
53.0,-16.875,1.5610325336456299,291.8714294433594,10.813287734985352,139.77108764648438,11.270865440368652
54.0,-16.875,1.5156826972961426,291.8211669921875,10.826665878295898,139.7741241455078,11.270865440368652
55.0,-16.875,1.4091708660125732,291.723876953125,10.858088493347168,139.8126678466797,11.270865440368652
56.0,-16.875,1.2780272960662842,291.6094055175781,10.896770477294922,139.86834716796875,11.270865440368652
57.0,-16.875,1.2158761024475098,291.54949951171875,10.915104866027832,139.8875732421875,11.270865440368652
58.0,-16.875,1.1592384576797485,291.49468994140625,10.931812286376953,139.90536499023438,11.270865440368652
59.0,-16.875,1.1074492931365967,291.4443664550781,10.94709587097168,139.92189025878906,11.270865440368652
60.0,-16.875,1.0598750114440918,291.39794921875,10.961124420166016,139.9373321533203,11.270865440368652
61.0,-16.875,1.0160962343215942,291.35504150390625,10.974043846130371,139.95176696777344,11.270865440368652
62.0,-16.875,0.9756269454956055,291.3152160644531,10.98597526550293,139.96536254882812,11.270865440368652
63.0,-16.875,0.9381872415542603,291.2781982421875,10.997025489807129,139.9781494140625,11.270865440368652
64.0,-16.875,0.9033939838409424,291.2436218261719,11.007286071777344,139.990234375,11.270865440368652
65.0,-16.875,0.8710190057754517,291.2113037109375,11.01683521270752,140.00169372558594,11.270865440368652
66.0,-16.875,0.835246205329895,291.1773681640625,11.027393341064453,140.01646423339844,11.270865440368652
67.0,-16.875,0.7078999876976013,291.0850830078125,11.064958572387695,140.0968017578125,11.270865440368652
68.0,-16.875,0.5919721126556396,291.0030212402344,11.099159240722656,140.17198181152344,11.270865440368652
69.0,-16.875,0.5079965591430664,290.94354248046875,11.123931884765625,140.2266082763672,11.270865440368652
70.0,-16.875,0.44437718391418457,290.8984375,11.142696380615234,140.26812744140625,11.270865440368652
71.0,-16.875,0.40568891167640686,290.8697204589844,11.154112815856934,140.29244995117188,11.270865440368652
72.0,-16.875,0.3899993896484375,290.8552551269531,11.158736228942871,140.30018615722656,11.270865440368652
73.0,-16.875,0.3754483461380005,290.841796875,11.163029670715332,140.30746459960938,11.270865440368652
74.0,-16.875,0.36191341280937195,290.8292541503906,11.16702651977539,140.31434631347656,11.270865440368652
75.0,-16.875,0.3492492437362671,290.81744384765625,11.170754432678223,140.32086181640625,11.270865440368652
76.0,-16.875,0.3374595642089844,290.8064270019531,11.174238204956055,140.3270263671875,11.270865440368652
77.0,-16.875,0.326393187046051,290.7960205078125,11.177501678466797,140.3328857421875,11.270865440368652
78.0,-16.875,0.3160122334957123,290.7862243652344,11.180562019348145,140.33847045898438,11.270865440368652
79.0,-16.875,0.30625855922698975,290.7769775390625,11.183439254760742,140.3437957763672,11.270865440368652
80.0,-16.875,0.2970941662788391,290.7682800292969,11.18614673614502,140.34889221191406,11.270865440368652
81.0,-16.875,0.2884487807750702,290.760009765625,11.188698768615723,140.353759765625,11.270865440368652
82.0,-16.875,0.280273973941803,290.7521667480469,11.191107749938965,140.3584442138672,11.270865440368652
83.0,-16.875,0.27254605293273926,290.74468994140625,11.193384170532227,140.36293029785156,11.270865440368652
84.0,-16.875,0.26524239778518677,290.73760986328125,11.195539474487305,140.36724853515625,11.270865440368652
85.0,-16.875,0.25832849740982056,290.7308654785156,11.19758129119873,140.37139892578125,11.270865440368652
86.0,-16.875,0.2517578899860382,290.72442626953125,11.199517250061035,140.3754119873047,11.270865440368652
87.0,-16.875,0.24552233517169952,290.7182922363281,11.201355934143066,140.37928771972656,11.270865440368652
88.0,-16.875,0.23960302770137787,290.7124328613281,11.203104019165039,140.38302612304688,11.270865440368652
89.0,-16.875,0.23396924138069153,290.7068176269531,11.204767227172852,140.3866424560547,11.270865440368652
90.0,-16.875,0.22860123217105865,290.7014465332031,11.206350326538086,140.39015197753906,11.270865440368652
91.0,-16.875,0.2234918773174286,290.6963195800781,11.207859992980957,140.3935546875,11.270865440368652
92.0,-16.875,0.21859443187713623,290.69134521484375,11.20930004119873,140.39686584472656,11.270865440368652
93.0,-16.875,0.21394464373588562,290.6866149902344,11.210674285888672,140.4000701904297,11.270865440368652
94.0,-16.875,0.2095056176185608,290.68206787109375,11.211986541748047,140.40318298339844,11.270865440368652
95.0,-16.875,0.2052363008260727,290.67767333984375,11.213242530822754,140.40623474121094,11.270865440368652
96.0,-16.875,0.20116174221038818,290.6734313964844,11.21444320678711,140.40919494628906,11.270865440368652
97.0,-16.875,0.1972699761390686,290.66937255859375,11.215592384338379,140.41207885742188,11.270865440368652
98.0,-16.875,0.19354347884655,290.6654357910156,11.216693878173828,140.41488647460938,11.270865440368652
99.0,-16.875,0.18995647132396698,290.6616516113281,11.217748641967773,140.4176483154297,11.270865440368652
100.0,-16.875,0.18653254210948944,290.65802001953125,11.21876049041748,140.4203338623047,11.270865440368652
101.0,-16.875,0.18324416875839233,290.65447998046875,11.219731330871582,140.42295837402344,11.270865440368652
102.0,-16.875,0.18007850646972656,290.65106201171875,11.220664024353027,140.425537109375,11.270865440368652
103.0,-16.875,0.17704367637634277,290.6477355957031,11.221558570861816,140.4280548095703,11.270865440368652
104.0,-16.875,0.17412514984607697,290.64453125,11.222418785095215,140.43052673339844,11.270865440368652
105.0,-16.875,0.17133380472660065,290.6414489746094,11.223245620727539,140.4329376220703,11.270865440368652
106.0,-16.875,0.16863498091697693,290.6384582519531,11.224040031433105,140.43531799316406,11.270865440368652
107.0,-16.875,0.16603897511959076,290.6355285644531,11.224804878234863,140.43765258789062,11.270865440368652
108.0,-16.875,0.16354645788669586,290.6327209472656,11.225540161132812,140.43994140625,11.270865440368652
109.0,-16.875,0.16115202009677887,290.62994384765625,11.226248741149902,140.4421844482422,11.270865440368652
110.0,-16.875,0.15884068608283997,290.6272888183594,11.226930618286133,140.44439697265625,11.270865440368652
111.0,-16.875,0.15662480890750885,290.6247253417969,11.227581977844238,140.44656372070312,11.270865440368652
112.0,-16.875,0.154631569981575,290.6221618652344,11.228170394897461,140.4485626220703,11.270865440368652
113.0,-16.875,0.15271176397800446,290.6197204589844,11.228737831115723,140.45053100585938,11.270865440368652
114.0,-16.875,0.1508503556251526,290.6173400878906,11.229286193847656,140.45248413085938,11.270865440368652
115.0,-16.875,0.14906342327594757,290.614990234375,11.229814529418945,140.45440673828125,11.270865440368652
116.0,-16.875,0.14733242988586426,290.6127014160156,11.230324745178223,140.45631408691406,11.270865440368652
117.0,-16.875,0.14565539360046387,290.6104736328125,11.230817794799805,140.4582061767578,11.270865440368652
118.0,-16.875,0.14404502511024475,290.6083068847656,11.231293678283691,140.46006774902344,11.270865440368652
119.0,-16.875,0.14248992502689362,290.6061706542969,11.231752395629883,140.4619140625,11.270865440368652
120.0,-16.875,0.14099812507629395,290.6040954589844,11.232195854187012,140.46372985839844,11.270865440368652
121.0,-16.875,0.13953907787799835,290.6020812988281,11.232624053955078,140.46554565429688,11.270865440368652
122.0,-16.875,0.1381312906742096,290.60009765625,11.233037948608398,140.46734619140625,11.270865440368652
123.0,-16.875,0.13677455484867096,290.59814453125,11.233436584472656,140.46913146972656,11.270865440368652
124.0,-16.875,0.1354745626449585,290.59625244140625,11.233821868896484,140.47088623046875,11.270865440368652
125.0,-16.875,0.13422256708145142,290.5943908691406,11.2341947555542,140.47262573242188,11.270865440368652
126.0,-16.875,0.13299620151519775,290.59259033203125,11.234553337097168,140.474365234375,11.270865440368652
127.0,-16.875,0.13182425498962402,290.5907897949219,11.23490047454834,140.47608947753906,11.270865440368652
128.0,-16.875,0.13068914413452148,290.58905029296875,11.235235214233398,140.47779846191406,11.270865440368652
129.0,-16.875,0.129598468542099,290.58734130859375,11.235557556152344,140.4794921875,11.270865440368652
130.0,-16.875,0.12853722274303436,290.5856628417969,11.235869407653809,140.48118591308594,11.270865440368652
131.0,-16.875,0.1275186985731125,290.5840148925781,11.236169815063477,140.4828643798828,11.270865440368652
132.0,-16.875,0.12654177844524384,290.5823974609375,11.236459732055664,140.48452758789062,11.270865440368652
133.0,-16.875,0.1255805343389511,290.5808410644531,11.236739158630371,140.48619079589844,11.270865440368652
134.0,-16.875,0.12467048317193985,290.57928466796875,11.237008094787598,140.4878387451172,11.270865440368652
135.0,-16.875,0.12379920482635498,290.5777587890625,11.23726749420166,140.48947143554688,11.270865440368652
136.0,-16.875,0.12295296043157578,290.5762634277344,11.237516403198242,140.49110412597656,11.270865440368652
137.0,-16.875,0.12214343249797821,290.5747985839844,11.237756729125977,140.4927215576172,11.270865440368652
138.0,-16.875,0.12135680764913559,290.5733642578125,11.237988471984863,140.4943389892578,11.270865440368652
139.0,-16.875,0.12059266120195389,290.57196044921875,11.238210678100586,140.49595642089844,11.270865440368652
140.0,-16.875,0.11987768858671188,290.570556640625,11.238423347473145,140.49755859375,11.270865440368652
141.0,-16.875,0.11919628083705902,290.5691833496094,11.238628387451172,140.4991455078125,11.270865440368652
142.0,-16.875,0.1185229942202568,290.5678405761719,11.238824844360352,140.50074768066406,11.270865440368652
143.0,-16.875,0.11786539852619171,290.5665588378906,11.239013671875,140.50233459472656,11.270865440368652
144.0,-16.875,0.11725899577140808,290.56524658203125,11.2391939163208,140.50392150878906,11.270865440368652
145.0,-16.875,0.11668319255113602,290.56396484375,11.23936653137207,140.5054931640625,11.270865440368652
146.0,-16.875,0.11612507700920105,290.5627136230469,11.239531517028809,140.50706481933594,11.270865440368652
147.0,-16.875,0.11558389663696289,290.5614929199219,11.239688873291016,140.50863647460938,11.270865440368652
148.0,-16.875,0.11507704108953476,290.5602722167969,11.239838600158691,140.5102081298828,11.270865440368652
149.0,-16.875,0.11458608508110046,290.55908203125,11.239981651306152,140.51177978515625,11.270865440368652
150.0,-16.875,0.1141405999660492,290.5578918457031,11.240117073059082,140.51333618164062,11.270865440368652
151.0,-16.875,0.11369898170232773,290.5567321777344,11.240245819091797,140.51490783691406,11.270865440368652
152.0,-16.875,0.11328242719173431,290.55560302734375,11.240367889404297,140.51646423339844,11.270865440368652
153.0,-16.875,0.11289920657873154,290.5544738769531,11.240483283996582,140.5180206298828,11.270865440368652
154.0,-16.875,0.11252942681312561,290.5533752441406,11.240591049194336,140.5195770263672,11.270865440368652
155.0,-16.875,0.1121823787689209,290.5522766113281,11.240693092346191,140.52114868164062,11.270865440368652
156.0,-16.875,0.1118583083152771,290.55120849609375,11.240787506103516,140.522705078125,11.270865440368652
157.0,-16.875,0.11156699061393738,290.5501403808594,11.240876197814941,140.52426147460938,11.270865440368652
158.0,-16.875,0.11128683388233185,290.5491027832031,11.240959167480469,140.52581787109375,11.270865440368652
159.0,-16.875,0.11103032529354095,290.5480651855469,11.241034507751465,140.5273895263672,11.270865440368652
160.0,-16.875,0.11079344153404236,290.54705810546875,11.241105079650879,140.52894592285156,11.270865440368652
161.0,-16.875,0.11058035492897034,290.5460510253906,11.241168022155762,140.530517578125,11.270865440368652
162.0,-16.875,0.11038585007190704,290.5450744628906,11.241225242614746,140.53207397460938,11.270865440368652
163.0,-16.875,0.11021468788385391,290.5440979003906,11.241276741027832,140.5336456298828,11.270865440368652
164.0,-16.875,0.11004386842250824,290.54315185546875,11.24132251739502,140.5352325439453,11.270865440368652
165.0,-16.875,0.10991407185792923,290.5422058105469,11.241361618041992,140.53680419921875,11.270865440368652
166.0,-16.875,0.10981646925210953,290.541259765625,11.241394996643066,140.5383758544922,11.270865440368652
167.0,-16.875,0.10971899330615997,290.54034423828125,11.241421699523926,140.5399627685547,11.270865440368652
168.0,-16.875,0.109548419713974,290.5395202636719,11.241469383239746,140.54159545898438,11.270865440368652
169.0,-16.875,0.10940106213092804,290.5386962890625,11.24151611328125,140.54324340820312,11.270865440368652
170.0,-16.875,0.1092611625790596,290.53790283203125,11.241556167602539,140.54489135742188,11.270865440368652
171.0,-16.875,0.10915373265743256,290.537109375,11.241589546203613,140.54653930664062,11.270865440368652
172.0,-16.875,0.1090523898601532,290.5363464355469,11.241618156433105,140.54818725585938,11.270865440368652
173.0,-16.875,0.10897670686244965,290.53558349609375,11.241640090942383,140.5498504638672,11.270865440368652
174.0,-16.875,0.10891331732273102,290.53485107421875,11.241656303405762,140.55149841308594,11.270865440368652
175.0,-16.875,0.10887543112039566,290.53411865234375,11.241666793823242,140.55316162109375,11.270865440368652
176.0,-16.875,0.10886985063552856,290.53338623046875,11.241670608520508,140.55482482910156,11.270865440368652
177.0,-16.875,0.10886376351118088,290.5326843261719,11.241668701171875,140.55650329589844,11.270865440368652
178.0,-16.875,0.10892225056886673,290.5319519042969,11.241661071777344,140.55816650390625,11.270865440368652
179.0,-16.875,0.10895293951034546,290.5312805175781,11.241647720336914,140.55984497070312,11.270865440368652
180.0,-16.875,0.10901045054197311,290.5306091308594,11.241628646850586,140.56153869628906,11.270865440368652
181.0,-16.875,0.1091003268957138,290.5299377441406,11.241602897644043,140.563232421875,11.270865440368652
182.0,-16.875,0.10921785980463028,290.5292663574219,11.241571426391602,140.56494140625,11.270865440368652
183.0,-16.875,0.10933983325958252,290.52862548828125,11.241534233093262,140.566650390625,11.270865440368652
184.0,-16.875,0.10949406772851944,290.5279846191406,11.241490364074707,140.568359375,11.270865440368652
185.0,-16.875,0.10964830219745636,290.5273742675781,11.241440773010254,140.57008361816406,11.270865440368652
186.0,-16.875,0.10983449220657349,290.5267639160156,11.241385459899902,140.57180786132812,11.270865440368652
187.0,-16.875,0.11004649847745895,290.5261535644531,11.241323471069336,140.5735626220703,11.270865440368652
188.0,-16.875,0.11026570200920105,290.52557373046875,11.241254806518555,140.57530212402344,11.270865440368652
189.0,-16.875,0.11054003983736038,290.52496337890625,11.241180419921875,140.5770721435547,11.270865440368652
190.0,-16.875,0.11078951507806778,290.5244140625,11.241100311279297,140.57884216308594,11.270865440368652
191.0,-16.875,0.11109839379787445,290.5238342285156,11.241012573242188,140.58062744140625,11.270865440368652
192.0,-16.875,0.11140899360179901,290.5232849121094,11.24091911315918,140.58242797851562,11.270865440368652
193.0,-16.875,0.11178147047758102,290.522705078125,11.240818977355957,140.584228515625,11.270865440368652
194.0,-16.875,0.11212585866451263,290.5221862792969,11.24071216583252,140.5860595703125,11.270865440368652
195.0,-16.875,0.11250344663858414,290.52166748046875,11.240598678588867,140.587890625,11.270865440368652
196.0,-16.875,0.11291307210922241,290.5211486816406,11.240478515625,140.58973693847656,11.270865440368652
197.0,-16.875,0.11335542798042297,290.5206298828125,11.240350723266602,140.5915985107422,11.270865440368652
198.0,-16.875,0.11380085349082947,290.5201416015625,11.240217208862305,140.59349060058594,11.270865440368652
199.0,-16.875,0.11428074538707733,290.5196533203125,11.24007511138916,140.59536743164062,11.270865440368652
200.0,-16.875,0.11479399353265762,290.5191650390625,11.2399263381958,140.5972900390625,11.270865440368652
201.0,-16.875,0.11531206220388412,290.5187072753906,11.239770889282227,140.59921264648438,11.270865440368652
202.0,-16.875,0.11586494743824005,290.51824951171875,11.239606857299805,140.6011505126953,11.270865440368652
203.0,-16.875,0.11645357310771942,290.5177917480469,11.239435195922852,140.60311889648438,11.270865440368652
204.0,-16.875,0.1170487031340599,290.5173645019531,11.239255905151367,140.6051025390625,11.270865440368652
205.0,-16.875,0.11768119782209396,290.5169372558594,11.239068984985352,140.60711669921875,11.270865440368652
206.0,-16.875,0.11834894865751266,290.5165100097656,11.238873481750488,140.609130859375,11.270865440368652
207.0,-16.875,0.11905527114868164,290.5160827636719,11.238669395446777,140.61117553710938,11.270865440368652
208.0,-16.875,0.11977197974920273,290.51568603515625,11.238457679748535,140.61325073242188,11.270865440368652
209.0,-16.875,0.12052707374095917,290.5152893066406,11.238236427307129,140.61534118652344,11.270865440368652
210.0,-16.875,0.12129201740026474,290.5149230957031,11.238005638122559,140.61744689941406,11.270865440368652
211.0,-16.875,0.122101329267025,290.5145568847656,11.23776626586914,140.61959838867188,11.270865440368652
212.0,-16.875,0.1229502484202385,290.5141906738281,11.237518310546875,140.62176513671875,11.270865440368652
213.0,-16.875,0.1238393634557724,290.5138244628906,11.237259864807129,140.6239471435547,11.270865440368652
214.0,-16.875,0.12481268495321274,290.513427734375,11.236974716186523,140.62619018554688,11.270865440368652
215.0,-16.875,0.1258641630411148,290.51300048828125,11.236662864685059,140.6284637451172,11.270865440368652
216.0,-16.875,0.12693746387958527,290.5126037597656,11.236340522766113,140.6307830810547,11.270865440368652
217.0,-16.875,0.12808609008789062,290.5121765136719,11.236005783081055,140.6331329345703,11.270865440368652
218.0,-16.875,0.12925919890403748,290.51177978515625,11.2356595993042,140.63552856445312,11.270865440368652
219.0,-16.875,0.13045409321784973,290.51141357421875,11.235300064086914,140.63795471191406,11.270865440368652
220.0,-16.875,0.13173146545886993,290.5110168457031,11.2349271774292,140.6404266357422,11.270865440368652
221.0,-16.875,0.13305941224098206,290.5106201171875,11.234540939331055,140.64292907714844,11.270865440368652
222.0,-16.875,0.1343899667263031,290.5102844238281,11.23414134979248,140.64547729492188,11.270865440368652
223.0,-16.875,0.13581188023090363,290.5099182128906,11.233726501464844,140.64808654785156,11.270865440368652
224.0,-16.875,0.13726072013378143,290.50958251953125,11.233297348022461,140.65072631835938,11.270865440368652
225.0,-16.875,0.1387767642736435,290.5092468261719,11.2328519821167,140.65342712402344,11.270865440368652
226.0,-16.875,0.14032891392707825,290.5089416503906,11.232390403747559,140.6561737060547,11.270865440368652
227.0,-16.875,0.14195145666599274,290.5086364746094,11.231911659240723,140.6589813232422,11.270865440368652
228.0,-16.875,0.14363153278827667,290.5083312988281,11.231416702270508,140.6618194580078,11.270865440368652
229.0,-16.875,0.1453915387392044,290.5080261230469,11.230902671813965,140.66473388671875,11.270865440368652
230.0,-16.875,0.1471831351518631,290.5077819824219,11.230369567871094,140.667724609375,11.270865440368652
231.0,-16.875,0.14906887710094452,290.50750732421875,11.229817390441895,140.67076110839844,11.270865440368652
232.0,-16.875,0.1510155349969864,290.50726318359375,11.229244232177734,140.6738739013672,11.270865440368652
233.0,-16.875,0.15301743149757385,290.5070495605469,11.228650093078613,140.6770477294922,11.270865440368652
234.0,-16.875,0.15510059893131256,290.5068359375,11.228034019470215,140.68028259277344,11.270865440368652
235.0,-16.875,0.15728333592414856,290.5066223144531,11.227394104003906,140.68360900878906,11.270865440368652
236.0,-16.875,0.15953576564788818,290.5064392089844,11.226729393005371,140.68701171875,11.270865440368652
237.0,-16.875,0.1618688702583313,290.50628662109375,11.22603988647461,140.6905059814453,11.270865440368652
238.0,-16.875,0.16429047286510468,290.5061340332031,11.225323677062988,140.69406127929688,11.270865440368652
239.0,-16.875,0.16681616008281708,290.5060119628906,11.224578857421875,140.69773864746094,11.270865440368652
240.0,-16.875,0.169443279504776,290.5058898925781,11.22380542755127,140.7014923095703,11.270865440368652
241.0,-16.875,0.17217060923576355,290.50579833984375,11.223001480102539,140.70535278320312,11.270865440368652
242.0,-16.875,0.174991637468338,290.5057373046875,11.22216510772705,140.7093048095703,11.270865440368652
243.0,-16.875,0.17795997858047485,290.50567626953125,11.221295356750488,140.71339416503906,11.270865440368652
244.0,-16.875,0.18102756142616272,290.5056457519531,11.220389366149902,140.7175750732422,11.270865440368652
245.0,-16.875,0.18422767519950867,290.5056457519531,11.219446182250977,140.72189331054688,11.270865440368652
246.0,-16.875,0.18755383789539337,290.50567626953125,11.218462944030762,140.72633361816406,11.270865440368652
247.0,-16.875,0.191019669175148,290.5057373046875,11.217438697814941,140.7309112548828,11.270865440368652
248.0,-16.875,0.1946401298046112,290.5058288574219,11.21636962890625,140.7356414794922,11.270865440368652
249.0,-16.875,0.1984265148639679,290.50592041015625,11.215254783630371,140.74050903320312,11.270865440368652
250.0,-16.875,0.20236681401729584,290.5060729980469,11.214090347290039,140.74554443359375,11.270865440368652
251.0,-16.875,0.20649582147598267,290.5062561035156,11.212873458862305,140.75076293945312,11.270865440368652
252.0,-16.875,0.21080631017684937,290.5064697265625,11.211601257324219,140.7561492919922,11.270865440368652
253.0,-16.875,0.21532562375068665,290.5067138671875,11.210269927978516,140.76173400878906,11.270865440368652
254.0,-16.875,0.22005805373191833,290.5069885253906,11.208876609802246,140.76751708984375,11.270865440368652
255.0,-16.875,0.22498714923858643,290.5073547363281,11.207416534423828,140.7735137939453,11.270865440368652
256.0,-16.875,0.23018017411231995,290.5077209472656,11.205885887145996,140.7797393798828,11.270865440368652
257.0,-16.875,0.2356341928243637,290.5081481933594,11.204278945922852,140.78622436523438,11.270865440368652
258.0,-16.875,0.24135538935661316,290.5086364746094,11.202591896057129,140.79296875,11.270865440368652
259.0,-16.875,0.24737587571144104,290.5091857910156,11.200817108154297,140.8000030517578,11.270865440368652
260.0,-16.875,0.25368937849998474,290.5097961425781,11.198949813842773,140.80731201171875,11.270865440368652
261.0,-16.875,0.260353684425354,290.5104675292969,11.196982383728027,140.81495666503906,11.270865440368652
262.0,-16.875,0.26740187406539917,290.5111999511719,11.194908142089844,140.82296752929688,11.270865440368652
263.0,-16.875,0.2748161554336548,290.51202392578125,11.192717552185059,140.83132934570312,11.270865440368652
264.0,-16.875,0.2826828956604004,290.5129089355469,11.19040298461914,140.84011840820312,11.270865440368652
265.0,-16.875,0.2909740209579468,290.513916015625,11.187952041625977,140.8493194580078,11.270865440368652
266.0,-16.875,0.2997780442237854,290.5150146484375,11.185355186462402,140.8590087890625,11.270865440368652
267.0,-16.875,0.3091328740119934,290.5162048339844,11.182598114013672,140.8692169189453,11.270865440368652
268.0,-16.875,0.31905460357666016,290.5175476074219,11.179668426513672,140.87997436523438,11.270865440368652
269.0,-16.875,0.3296322822570801,290.51898193359375,11.176548957824707,140.89134216308594,11.270865440368652
270.0,-16.875,0.3409130573272705,290.52056884765625,11.173222541809082,140.90338134765625,11.270865440368652
271.0,-16.875,0.3529539406299591,290.5223083496094,11.16966724395752,140.9161376953125,11.270865440368652
272.0,-16.875,0.36585870385169983,290.52423095703125,11.165862083435059,140.92971801757812,11.270865440368652
273.0,-16.875,0.3796960711479187,290.52630615234375,11.16178035736084,140.9441680908203,11.270865440368652
274.0,-16.875,0.39457252621650696,290.52862548828125,11.157391548156738,140.95960998535156,11.270865440368652
275.0,-16.875,0.41059568524360657,290.53118896484375,11.15266227722168,140.97613525390625,11.270865440368652
276.0,-16.875,0.42791733145713806,290.53399658203125,11.147552490234375,140.99388122558594,11.270865440368652
277.0,-16.875,0.44669920206069946,290.5370788574219,11.142016410827637,141.01300048828125,11.270865440368652
278.0,-16.875,0.4670877754688263,290.5404968261719,11.135998725891113,141.03363037109375,11.270865440368652
279.0,-16.875,0.48933470249176025,290.5443115234375,11.129439353942871,141.05601501464844,11.270865440368652
280.0,-16.875,0.5136622190475464,290.5485534667969,11.122262001037598,141.08035278320312,11.270865440368652
281.0,-16.875,0.540379524230957,290.55328369140625,11.114377975463867,141.10693359375,11.270865440368652
282.0,-16.875,0.5698621273040771,290.5585632324219,11.105681419372559,141.1361083984375,11.270865440368652
283.0,-16.875,0.6025325059890747,290.56451416015625,11.09604263305664,141.16827392578125,11.270865440368652
284.0,-16.875,0.6389318108558655,290.57122802734375,11.085304260253906,141.2039337158203,11.270865440368652
285.0,-16.875,0.6624956727027893,290.5801086425781,11.078352928161621,141.227294921875,11.270865440368652
286.0,-16.875,0.6837339997291565,290.58990478515625,11.072090148925781,141.24830627441406,11.270865440368652
287.0,-16.875,0.7063022255897522,290.60040283203125,11.065430641174316,141.2704315185547,11.270865440368652
288.0,-16.875,0.7303464412689209,290.6116027832031,11.05833911895752,141.29379272460938,11.270865440368652
289.0,-16.875,0.7559977769851685,290.62359619140625,11.050772666931152,141.31849670410156,11.270865440368652
290.0,-16.875,0.783406674861908,290.636474609375,11.042685508728027,141.34466552734375,11.270865440368652
291.0,-16.875,0.8127723336219788,290.65032958984375,11.034026145935059,141.37246704101562,11.270865440368652
292.0,-16.875,0.8442692160606384,290.66522216796875,11.024733543395996,141.40203857421875,11.270865440368652
293.0,-16.875,0.8781531453132629,290.6813049316406,11.014738082885742,141.43359375,11.270865440368652
294.0,-16.875,0.9146855473518372,290.6986999511719,11.003962516784668,141.46734619140625,11.270865440368652
295.0,-16.875,0.9541523456573486,290.7175598144531,10.992315292358398,141.50352478027344,11.270865440368652
296.0,-16.875,0.9969525933265686,290.7380676269531,10.979691505432129,141.54246520996094,11.270865440368652
297.0,-16.875,1.0434703826904297,290.76043701171875,10.965967178344727,141.58447265625,11.270865440368652
298.0,-16.875,1.0942177772521973,290.7848815917969,10.950996398925781,141.62997436523438,11.270865440368652
299.0,-16.875,1.149769902229309,290.811767578125,10.934609413146973,141.67942810058594,11.270865440368652
300.0,-16.875,1.2108033895492554,290.8413391113281,10.91660213470459,141.7333984375,11.270865440368652
301.0,-16.875,1.2781833410263062,290.87408447265625,10.896728515625,141.79258728027344,11.270865440368652
302.0,-16.875,1.4183037281036377,290.9241027832031,10.85539436340332,141.91879272460938,11.270865440368652
303.0,-16.875,1.597149133682251,290.9872741699219,10.802632331848145,142.0795440673828,11.270865440368652
304.0,-16.875,1.9730249643325806,291.1035461425781,10.691752433776855,142.42063903808594,11.270865440368652
305.0,-16.875,2.1656243801116943,291.18475341796875,10.634937286376953,142.58934020996094,11.270865440368652
306.0,-16.875,2.357943058013916,291.27191162109375,10.578200340270996,142.7554473876953,11.270865440368652
307.0,-16.875,2.5659844875335693,291.3695373535156,10.516829490661621,142.9333953857422,11.270865440368652
308.0,-16.875,2.8100204467773438,291.4845275878906,10.444835662841797,143.14112854003906,11.270865440368652
309.0,-16.875,3.0964107513427734,291.62054443359375,10.360357284545898,143.3836212158203,11.270865440368652
310.0,-16.875,4.030998706817627,291.9830017089844,10.084651947021484,144.20187377929688,11.270865440368652
311.0,-16.875,4.202856063842773,292.10614013671875,10.033956527709961,144.33038330078125,11.270865440368652
312.0,-16.875,4.386569499969482,292.2384948730469,9.979759216308594,144.4661102294922,11.270865440368652
313.0,-16.875,4.583256244659424,292.3809814453125,9.921738624572754,144.6096649169922,11.270865440368652
314.0,-16.875,4.997890472412109,292.6156005859375,9.799423217773438,144.93873596191406,11.270865440368652
315.0,-16.875,5.457818508148193,292.880859375,9.663745880126953,145.29977416992188,11.270865440368652
316.0,-16.875,5.884797096252441,293.1451721191406,9.537786483764648,145.62460327148438,11.270865440368652
317.0,-16.875,6.742832183837891,293.6121826171875,9.284667015075684,146.30657958984375,11.270865440368652
318.0,-16.875,7.100634574890137,293.8749694824219,9.179116249084473,146.55384826660156,11.270865440368652
319.0,-16.875,7.307137489318848,294.07586669921875,9.118199348449707,146.66787719726562,11.270865440368652
320.0,-16.875,7.521346092224121,294.2854309082031,9.055006980895996,146.7830047607422,11.270865440368652
321.0,-16.875,7.743466854095459,294.5039978027344,8.989477157592773,146.8990478515625,11.270865440368652
322.0,-16.875,7.922340393066406,294.7054748535156,8.936716079711914,146.97445678710938,11.270865440368652
323.0,-16.875,8.19497299194336,294.96026611328125,8.85628604888916,147.11935424804688,11.270865440368652
324.0,-16.875,8.408269882202148,295.1891174316406,8.793365478515625,147.2105712890625,11.270865440368652
325.0,-16.875,8.599940299987793,295.4104309082031,8.736823081970215,147.27891540527344,11.270865440368652
326.0,-16.875,8.712174415588379,295.5902404785156,8.70371150970459,147.2805633544922,11.270865440368652
327.0,-16.875,8.719878196716309,295.71063232421875,8.70143985748291,147.19879150390625,11.270865440368652
328.0,-16.875,8.722695350646973,295.8267822265625,8.70060920715332,147.11119079589844,11.270865440368652
329.0,-16.875,8.817026138305664,295.99713134765625,8.672784805297852,147.0889434814453,11.270865440368652
330.0,-16.875,9.03229808807373,296.2434387207031,8.609278678894043,147.15048217773438,11.270865440368652
331.0,-16.875,9.248602867126465,296.4941711425781,8.54547119140625,147.20606994628906,11.270865440368652
332.0,-16.875,9.35102367401123,296.6748352050781,8.515256881713867,147.17477416992188,11.270865440368652
333.0,-16.875,9.42587661743164,296.8380432128906,8.493173599243164,147.12005615234375,11.270865440368652
334.0,-16.875,9.4881010055542,296.99267578125,8.474815368652344,147.0530548095703,11.270865440368652
335.0,-16.875,9.60566520690918,297.18463134765625,8.440133094787598,147.01962280273438,11.270865440368652
336.0,-16.875,9.725042343139648,297.37860107421875,8.404921531677246,146.9826202392578,11.270865440368652
337.0,-16.875,9.824377059936523,297.5591125488281,8.375618934631348,146.9278564453125,11.270865440368652
338.0,-16.875,9.839775085449219,297.6795959472656,8.371074676513672,146.815673828125,11.270865440368652
339.0,-16.875,9.85216999053955,297.79608154296875,8.36741828918457,146.69935607910156,11.270865440368652
340.0,-16.875,9.861534118652344,297.9084167480469,8.36465835571289,146.5790252685547,11.270865440368652
341.0,-16.875,9.867814064025879,298.01641845703125,8.362802505493164,146.45480346679688,11.270865440368652
342.0,-16.875,9.871040344238281,298.1199951171875,8.361852645874023,146.32684326171875,11.270865440368652
343.0,-16.875,9.871170997619629,298.2189636230469,8.361810684204102,146.1953125,11.270865440368652
344.0,-16.875,9.886526107788086,298.3274841308594,8.357281684875488,146.07049560546875,11.270865440368652
345.0,-16.875,9.90362548828125,298.4353332519531,8.352241516113281,145.9445343017578,11.270865440368652
346.0,-16.875,9.96275806427002,298.57464599609375,8.33479118347168,145.83859252929688,11.270865440368652
347.0,-16.875,10.009391784667969,298.7025451660156,8.321039199829102,145.72300720214844,11.270865440368652
348.0,-16.875,9.93724250793457,298.7319641113281,8.342324256896973,145.54537963867188,11.270865440368652
349.0,-16.875,9.864847183227539,298.7574462890625,8.363677978515625,145.36819458007812,11.270865440368652
350.0,-16.875,9.835244178771973,298.8148498535156,8.372410774230957,145.2117156982422,11.270865440368652
351.0,-16.875,9.94652271270752,298.9876708984375,8.339579582214355,145.11874389648438,11.270865440368652
352.0,-16.875,10.038246154785156,299.14312744140625,8.31252384185791,145.0125274658203,11.270865440368652
353.0,-16.875,9.928905487060547,299.1253356933594,8.344778060913086,144.81678771972656,11.270865440368652
354.0,-16.875,9.89476490020752,299.1682434082031,8.354854583740234,144.6538543701172,11.270865440368652
355.0,-16.875,9.925289154052734,299.2643127441406,8.345846176147461,144.51626586914062,11.270865440368652
356.0,-16.875,9.954846382141113,299.3573303222656,8.337124824523926,144.3761749267578,11.270865440368652
357.0,-16.875,10.007450103759766,299.46844482421875,8.321611404418945,144.24241638183594,11.270865440368652
358.0,-16.875,10.051401138305664,299.56982421875,8.308647155761719,144.10293579101562,11.270865440368652
359.0,-16.875,10.082210540771484,299.6572570800781,8.299556732177734,143.9566192626953,11.270865440368652
35.0,-22.5,9.37842082977295,299.40777587890625,8.812468528747559,138.39910888671875,11.270865440368652
36.0,-22.5,9.207600593566895,299.20892333984375,8.857305526733398,138.28904724121094,11.270865440368652
37.0,-22.5,9.062053680419922,299.0323791503906,8.895498275756836,138.17848205566406,11.270865440368652
38.0,-22.5,8.920426368713379,298.8582458496094,8.932666778564453,138.07225036621094,11.270865440368652
39.0,-22.5,8.273468971252441,298.2193908691406,9.102460861206055,138.12245178222656,11.270865440368652
40.0,-22.5,8.051154136657715,297.9722900390625,9.160804748535156,138.0603790283203,11.270865440368652
41.0,-22.5,7.868236064910889,297.7611083984375,9.208812713623047,137.9931182861328,11.270865440368652
42.0,-22.5,7.662201881408691,297.529052734375,9.262887001037598,137.94046020507812,11.270865440368652
43.0,-22.5,7.149188995361328,297.0228271484375,9.3975248336792,138.0062713623047,11.270865440368652
44.0,-22.5,6.813904285430908,296.678955078125,9.485518455505371,138.02175903320312,11.270865440368652
45.0,-22.5,6.565222263336182,296.4139709472656,9.55078125,138.0143585205078,11.270865440368652
46.0,-22.5,6.097543716430664,295.9591979980469,9.673518180847168,138.10487365722656,11.270865440368652
47.0,-22.5,5.568814277648926,295.45654296875,9.812283515930176,138.2362823486328,11.270865440368652
48.0,-22.5,4.712034225463867,294.6783142089844,10.037144660949707,138.5283660888672,11.270865440368652
49.0,-22.5,4.545854568481445,294.5000915527344,10.080755233764648,138.53341674804688,11.270865440368652
50.0,-22.5,4.368549823760986,294.3139343261719,10.127288818359375,138.5492401123047,11.270865440368652
51.0,-22.5,3.3513851165771484,293.4280700683594,10.394233703613281,138.97674560546875,11.270865440368652
52.0,-22.5,3.0155675411224365,293.12176513671875,10.48237133026123,139.09527587890625,11.270865440368652
53.0,-22.5,2.5496623516082764,292.7141418457031,10.604642868041992,139.2905731201172,11.270865440368652
54.0,-22.5,2.4432570934295654,292.60498046875,10.63257122039795,139.3103790283203,11.270865440368652
55.0,-22.5,2.3450074195861816,292.5036926269531,10.658352851867676,139.3291778564453,11.270865440368652
56.0,-22.5,2.2540740966796875,292.4094543457031,10.682219505310059,139.34703063964844,11.270865440368652
57.0,-22.5,2.1783523559570312,292.32830810546875,10.702089309692383,139.35914611816406,11.270865440368652
58.0,-22.5,1.6595218181610107,291.9068908691406,10.838255882263184,139.63131713867188,11.270865440368652
59.0,-22.5,1.6071908473968506,291.85009765625,10.85198974609375,139.64028930664062,11.270865440368652
60.0,-22.5,1.556165337562561,291.79498291015625,10.865375518798828,139.65013122558594,11.270865440368652
61.0,-22.5,1.3758978843688965,291.6451416015625,10.912689208984375,139.74185180664062,11.270865440368652
62.0,-22.5,1.2502262592315674,291.53863525390625,10.945671081542969,139.80389404296875,11.270865440368652
63.0,-22.5,1.1890888214111328,291.4808654785156,10.961718559265137,139.82765197753906,11.270865440368652
64.0,-22.5,1.1334693431854248,291.4281005859375,10.976314544677734,139.8495330810547,11.270865440368652
65.0,-22.5,1.0826892852783203,291.3797302246094,10.989643096923828,139.86976623535156,11.270865440368652
66.0,-22.5,1.0361379384994507,291.335205078125,11.001858711242676,139.88856506347656,11.270865440368652
67.0,-22.5,0.9933443069458008,291.2940979003906,11.013091087341309,139.9060821533203,11.270865440368652
68.0,-22.5,0.9538596272468567,291.2559814453125,11.023451805114746,139.92245483398438,11.270865440368652
69.0,-22.5,0.9173470735549927,291.2205810546875,11.033035278320312,139.9378204345703,11.270865440368652
70.0,-22.5,0.8834699392318726,291.18756103515625,11.041924476623535,139.9522705078125,11.270865440368652
71.0,-22.5,0.8519871234893799,291.15673828125,11.050188064575195,139.96591186523438,11.270865440368652
72.0,-22.5,0.7873530387878418,291.1064453125,11.067148208618164,140.0052947998047,11.270865440368652
73.0,-22.5,0.6824378967285156,291.0338134765625,11.094682693481445,140.07688903808594,11.270865440368652
74.0,-22.5,0.5695444941520691,290.9591979980469,11.124311447143555,140.15695190429688,11.270865440368652
75.0,-22.5,0.48818105459213257,290.9053955078125,11.145668983459473,140.21481323242188,11.270865440368652
76.0,-22.5,0.4267503321170807,290.86474609375,11.161788940429688,140.25863647460938,11.270865440368652
77.0,-22.5,0.4001173675060272,290.8444519042969,11.168778419494629,140.27587890625,11.270865440368652
78.0,-22.5,0.3845321536064148,290.8306579589844,11.172868728637695,140.2847900390625,11.270865440368652
79.0,-22.5,0.37007594108581543,290.81781005859375,11.17665958404541,140.29315185546875,11.270865440368652
80.0,-22.5,0.3566720485687256,290.80584716796875,11.180181503295898,140.30099487304688,11.270865440368652
81.0,-22.5,0.3441774845123291,290.7946472167969,11.183462142944336,140.3083953857422,11.270865440368652
82.0,-22.5,0.332508385181427,290.7841491699219,11.186522483825684,140.31539916992188,11.270865440368652
83.0,-22.5,0.32160723209381104,290.7742919921875,11.189384460449219,140.322021484375,11.270865440368652
84.0,-22.5,0.3113801181316376,290.7650146484375,11.192066192626953,140.3283233642578,11.270865440368652
85.0,-22.5,0.30180031061172485,290.75628662109375,11.19458293914795,140.3343048095703,11.270865440368652
86.0,-22.5,0.29277727007865906,290.7480163574219,11.196949005126953,140.3400115966797,11.270865440368652
87.0,-22.5,0.28430047631263733,290.7402038574219,11.199176788330078,140.34544372558594,11.270865440368652
88.0,-22.5,0.2762933373451233,290.7328186035156,11.201276779174805,140.3506622314453,11.270865440368652
89.0,-22.5,0.2687384784221649,290.72576904296875,11.20326042175293,140.3556365966797,11.270865440368652
90.0,-22.5,0.2615848779678345,290.7190856933594,11.205135345458984,140.3604278564453,11.270865440368652
91.0,-22.5,0.2548263669013977,290.7127380371094,11.206910133361816,140.36502075195312,11.270865440368652
92.0,-22.5,0.24841687083244324,290.7066955566406,11.208592414855957,140.36944580078125,11.270865440368652
93.0,-22.5,0.2423301637172699,290.7008972167969,11.210188865661621,140.3737030029297,11.270865440368652
94.0,-22.5,0.2365502417087555,290.6954040527344,11.21170425415039,140.37782287597656,11.270865440368652
95.0,-22.5,0.23106354475021362,290.6900939941406,11.21314525604248,140.38177490234375,11.270865440368652
96.0,-22.5,0.22583292424678802,290.68505859375,11.214516639709473,140.3856201171875,11.270865440368652
97.0,-22.5,0.220857173204422,290.6802062988281,11.215822219848633,140.3893280029297,11.270865440368652
98.0,-22.5,0.21613062918186188,290.67559814453125,11.21706771850586,140.39291381835938,11.270865440368652
99.0,-22.5,0.21159307658672333,290.6711120605469,11.218255043029785,140.3964080810547,11.270865440368652
100.0,-22.5,0.20727331936359406,290.6668395996094,11.219388961791992,140.39979553222656,11.270865440368652
101.0,-22.5,0.20315460860729218,290.6627197265625,11.22047233581543,140.403076171875,11.270865440368652
102.0,-22.5,0.19920401275157928,290.65875244140625,11.221508026123047,140.40628051757812,11.270865440368652
103.0,-22.5,0.19541716575622559,290.6549377441406,11.222498893737793,140.40940856933594,11.270865440368652
104.0,-22.5,0.19181513786315918,290.6512451171875,11.223447799682617,140.4124298095703,11.270865440368652
105.0,-22.5,0.18835420906543732,290.647705078125,11.224356651306152,140.41539001464844,11.270865440368652
106.0,-22.5,0.1850244104862213,290.6442565917969,11.225227355957031,140.4182891845703,11.270865440368652
107.0,-22.5,0.18184050917625427,290.64093017578125,11.226061820983887,140.42111206054688,11.270865440368652
108.0,-22.5,0.1787986010313034,290.6377258300781,11.226862907409668,140.42385864257812,11.270865440368652
109.0,-22.5,0.17586463689804077,290.6346130371094,11.227631568908691,140.4265594482422,11.270865440368652
110.0,-22.5,0.17306609451770782,290.6316223144531,11.22836971282959,140.42918395996094,11.270865440368652
111.0,-22.5,0.17035484313964844,290.6286926269531,11.22907829284668,140.43177795410156,11.270865440368652
112.0,-22.5,0.1677580028772354,290.6258850097656,11.229759216308594,140.43431091308594,11.270865440368652
113.0,-22.5,0.16538450121879578,290.6231384277344,11.230382919311523,140.43667602539062,11.270865440368652
114.0,-22.5,0.1631542146205902,290.6204528808594,11.230969429016113,140.43894958496094,11.270865440368652
115.0,-22.5,0.16100092232227325,290.61785888671875,11.231534004211426,140.44119262695312,11.270865440368652
116.0,-22.5,0.15893621742725372,290.6153564453125,11.232077598571777,140.44338989257812,11.270865440368652
117.0,-22.5,0.15693368017673492,290.6128845214844,11.232601165771484,140.44557189941406,11.270865440368652
118.0,-22.5,0.15500393509864807,290.6104736328125,11.23310661315918,140.44772338867188,11.270865440368652
119.0,-22.5,0.1531560719013214,290.608154296875,11.233592987060547,140.4498291015625,11.270865440368652
120.0,-22.5,0.1513662040233612,290.6058654785156,11.234063148498535,140.45191955566406,11.270865440368652
121.0,-22.5,0.14964410662651062,290.6036376953125,11.234515190124512,140.4539794921875,11.270865440368652
122.0,-22.5,0.1479729562997818,290.6014709472656,11.23495101928711,140.45602416992188,11.270865440368652
123.0,-22.5,0.14636492729187012,290.599365234375,11.235372543334961,140.45803833007812,11.270865440368652
124.0,-22.5,0.14482520520687103,290.5972900390625,11.235777854919434,140.46002197265625,11.270865440368652
125.0,-22.5,0.14333130419254303,290.59527587890625,11.23616886138916,140.4619903564453,11.270865440368652
126.0,-22.5,0.14190298318862915,290.5932922363281,11.236546516418457,140.46392822265625,11.270865440368652
127.0,-22.5,0.14052560925483704,290.5913391113281,11.236909866333008,140.46585083007812,11.270865440368652
128.0,-22.5,0.13916687667369843,290.5894775390625,11.237260818481445,140.4677734375,11.270865440368652
129.0,-22.5,0.13789284229278564,290.5876159667969,11.23759937286377,140.4696502685547,11.270865440368652
130.0,-22.5,0.1366429477930069,290.5858154296875,11.23792552947998,140.47152709960938,11.270865440368652
131.0,-22.5,0.1354392170906067,290.58404541015625,11.238239288330078,140.473388671875,11.270865440368652
132.0,-22.5,0.13429425656795502,290.5823059082031,11.238542556762695,140.4752197265625,11.270865440368652
133.0,-22.5,0.13317996263504028,290.5805969238281,11.238834381103516,140.47705078125,11.270865440368652
134.0,-22.5,0.1321229785680771,290.57891845703125,11.239114761352539,140.47885131835938,11.270865440368652
135.0,-22.5,0.13108278810977936,290.5773010253906,11.239385604858398,140.48065185546875,11.270865440368652
136.0,-22.5,0.130095973610878,290.57568359375,11.239645957946777,140.48243713378906,11.270865440368652
137.0,-22.5,0.12913693487644196,290.5741271972656,11.239896774291992,140.4842071533203,11.270865440368652
138.0,-22.5,0.12821704149246216,290.57257080078125,11.240138053894043,140.48597717285156,11.270865440368652
139.0,-22.5,0.12732239067554474,290.5710754394531,11.24036979675293,140.48773193359375,11.270865440368652
140.0,-22.5,0.12647899985313416,290.569580078125,11.240592956542969,140.48947143554688,11.270865440368652
141.0,-22.5,0.12567271292209625,290.568115234375,11.240806579589844,140.49119567871094,11.270865440368652
142.0,-22.5,0.12488962709903717,290.5666809082031,11.241011619567871,140.492919921875,11.270865440368652
143.0,-22.5,0.12414132058620453,290.5652770996094,11.241209030151367,140.49462890625,11.270865440368652
144.0,-22.5,0.12341462075710297,290.56390380859375,11.241397857666016,140.496337890625,11.270865440368652
145.0,-22.5,0.12272507697343826,290.5625305175781,11.241579055786133,140.498046875,11.270865440368652
146.0,-22.5,0.1220807284116745,290.5611877441406,11.241751670837402,140.49972534179688,11.270865440368652
147.0,-22.5,0.12144400924444199,290.55987548828125,11.24191665649414,140.5014190673828,11.270865440368652
148.0,-22.5,0.12083791196346283,290.55859375,11.242074966430664,140.5030975341797,11.270865440368652
149.0,-22.5,0.120268315076828,290.55731201171875,11.24222469329834,140.50477600097656,11.270865440368652
150.0,-22.5,0.11971639096736908,290.5560607910156,11.242368698120117,140.50645446777344,11.270865440368652
151.0,-22.5,0.11919344216585159,290.5548400878906,11.242504119873047,140.50811767578125,11.270865440368652
152.0,-22.5,0.11870570480823517,290.5536193847656,11.242633819580078,140.50978088378906,11.270865440368652
153.0,-22.5,0.11823435872793198,290.55242919921875,11.242755889892578,140.51144409179688,11.270865440368652
154.0,-22.5,0.11780928075313568,290.5512390136719,11.242871284484863,140.51309204101562,11.270865440368652
155.0,-22.5,0.11736820638179779,290.55010986328125,11.242980003356934,140.51475524902344,11.270865440368652
156.0,-22.5,0.11699285358190536,290.5489501953125,11.243083000183105,140.5164031982422,11.270865440368652
157.0,-22.5,0.11662154644727707,290.5478210449219,11.243179321289062,140.51806640625,11.270865440368652
158.0,-22.5,0.11628413200378418,290.5467224121094,11.243268966674805,140.5196990966797,11.270865440368652
159.0,-22.5,0.11598317325115204,290.54559326171875,11.243351936340332,140.5213623046875,11.270865440368652
160.0,-22.5,0.11568307876586914,290.5445251464844,11.243429183959961,140.52301025390625,11.270865440368652
161.0,-22.5,0.11539459973573685,290.5434875488281,11.243500709533691,140.524658203125,11.270865440368652
162.0,-22.5,0.11516302824020386,290.54241943359375,11.243565559387207,140.52630615234375,11.270865440368652
163.0,-22.5,0.1149338036775589,290.5413818359375,11.243624687194824,140.52796936035156,11.270865440368652
164.0,-22.5,0.11472472548484802,290.5403747558594,11.243677139282227,140.5296173095703,11.270865440368652
165.0,-22.5,0.1145404502749443,290.53936767578125,11.243724822998047,140.53128051757812,11.270865440368652
166.0,-22.5,0.11439913511276245,290.5383605957031,11.243765830993652,140.53292846679688,11.270865440368652
167.0,-22.5,0.11425916105508804,290.5373840332031,11.24380111694336,140.5345916748047,11.270865440368652
168.0,-22.5,0.11415312439203262,290.5364074707031,11.243830680847168,140.5362548828125,11.270865440368652
169.0,-22.5,0.1139424741268158,290.5355529785156,11.24388313293457,140.53797912597656,11.270865440368652
170.0,-22.5,0.11376526951789856,290.5346984863281,11.24393081665039,140.53970336914062,11.270865440368652
171.0,-22.5,0.11361455917358398,290.5338439941406,11.243972778320312,140.54144287109375,11.270865440368652
172.0,-22.5,0.11345385015010834,290.5330505371094,11.244009017944336,140.5431671142578,11.270865440368652
173.0,-22.5,0.11334532499313354,290.5322265625,11.244039535522461,140.54490661621094,11.270865440368652
174.0,-22.5,0.11325134336948395,290.53143310546875,11.244064331054688,140.546630859375,11.270865440368652
175.0,-22.5,0.11318442970514297,290.5306396484375,11.2440824508667,140.54837036132812,11.270865440368652
176.0,-22.5,0.11315104365348816,290.52984619140625,11.244095802307129,140.55010986328125,11.270865440368652
177.0,-22.5,0.11309787631034851,290.52911376953125,11.244102478027344,140.55184936523438,11.270865440368652
178.0,-22.5,0.11312593519687653,290.5283203125,11.244104385375977,140.55360412597656,11.270865440368652
179.0,-22.5,0.11313388496637344,290.527587890625,11.244099617004395,140.55535888671875,11.270865440368652
180.0,-22.5,0.11316976696252823,290.52685546875,11.24409008026123,140.55712890625,11.270865440368652
181.0,-22.5,0.11321213096380234,290.5261535644531,11.244073867797852,140.55889892578125,11.270865440368652
182.0,-22.5,0.11328797787427902,290.52545166015625,11.244051933288574,140.5606689453125,11.270865440368652
183.0,-22.5,0.1133970096707344,290.5247497558594,11.244025230407715,140.56243896484375,11.270865440368652
184.0,-22.5,0.1135353371500969,290.5240478515625,11.24399185180664,140.56422424316406,11.270865440368652
185.0,-22.5,0.11367502808570862,290.52337646484375,11.243952751159668,140.56602478027344,11.270865440368652
186.0,-22.5,0.1138484925031662,290.522705078125,11.243907928466797,140.5678253173828,11.270865440368652
187.0,-22.5,0.11405229568481445,290.52203369140625,11.243856430053711,140.56964111328125,11.270865440368652
188.0,-22.5,0.11426110565662384,290.5213928222656,11.243800163269043,140.5714569091797,11.270865440368652
189.0,-22.5,0.11450065672397614,290.520751953125,11.24373722076416,140.5732879638672,11.270865440368652
190.0,-22.5,0.11477149277925491,290.5201110839844,11.243667602539062,140.57513427734375,11.270865440368652
191.0,-22.5,0.1150471642613411,290.5195007324219,11.243593215942383,140.5769805908203,11.270865440368652
192.0,-22.5,0.1153838261961937,290.51885986328125,11.243511199951172,140.57884216308594,11.270865440368652
193.0,-22.5,0.11569393426179886,290.5182800292969,11.243424415588379,140.58071899414062,11.270865440368652
194.0,-22.5,0.11606600135564804,290.5176696777344,11.243330001831055,140.58261108398438,11.270865440368652
195.0,-22.5,0.11644156277179718,290.51708984375,11.243229866027832,140.5845184326172,11.270865440368652
196.0,-22.5,0.11685051023960114,290.5165100097656,11.243123054504395,140.58644104003906,11.270865440368652
197.0,-22.5,0.11729425936937332,290.51593017578125,11.243009567260742,140.58836364746094,11.270865440368652
198.0,-22.5,0.11774152517318726,290.515380859375,11.242889404296875,140.59031677246094,11.270865440368652
199.0,-22.5,0.11822352558374405,290.51483154296875,11.242761611938477,140.59228515625,11.270865440368652
200.0,-22.5,0.11874016374349594,290.5142822265625,11.24262809753418,140.59426879882812,11.270865440368652
201.0,-22.5,0.11926278471946716,290.5137634277344,11.242486953735352,140.5962677001953,11.270865440368652
202.0,-22.5,0.11985062062740326,290.5132141113281,11.242338180541992,140.59828186035156,11.270865440368652
203.0,-22.5,0.12044531106948853,290.5126953125,11.242182731628418,140.60032653808594,11.270865440368652
204.0,-22.5,0.12104742974042892,290.51220703125,11.242019653320312,140.60238647460938,11.270865440368652
205.0,-22.5,0.1216866672039032,290.51171875,11.241848945617676,140.60446166992188,11.270865440368652
206.0,-22.5,0.12239411473274231,290.5111999511719,11.241669654846191,140.6065673828125,11.270865440368652
207.0,-22.5,0.12310999631881714,290.5107116699219,11.241483688354492,140.6086883544922,11.270865440368652
208.0,-22.5,0.12383713573217392,290.51025390625,11.241288185119629,140.61083984375,11.270865440368652
209.0,-22.5,0.1246032565832138,290.5097961425781,11.241085052490234,140.61300659179688,11.270865440368652
210.0,-22.5,0.1254110187292099,290.50933837890625,11.240873336791992,140.61520385742188,11.270865440368652
211.0,-22.5,0.12626151740550995,290.5088806152344,11.240652084350586,140.617431640625,11.270865440368652
212.0,-22.5,0.1271524578332901,290.5084228515625,11.240422248840332,140.6196746826172,11.270865440368652
213.0,-22.5,0.1280614584684372,290.50799560546875,11.240182876586914,140.62196350097656,11.270865440368652
214.0,-22.5,0.12898674607276917,290.5075988769531,11.239934921264648,140.62428283691406,11.270865440368652
215.0,-22.5,0.13007844984531403,290.507080078125,11.239654541015625,140.6266326904297,11.270865440368652
216.0,-22.5,0.13119791448116302,290.506591796875,11.239354133605957,140.62904357910156,11.270865440368652
217.0,-22.5,0.1323937475681305,290.5060729980469,11.239042282104492,140.63148498535156,11.270865440368652
218.0,-22.5,0.13361428678035736,290.5055847167969,11.238718032836914,140.63397216796875,11.270865440368652
219.0,-22.5,0.13491688668727875,290.50506591796875,11.238382339477539,140.63650512695312,11.270865440368652
220.0,-22.5,0.13624219596385956,290.50457763671875,11.238033294677734,140.63906860351562,11.270865440368652
221.0,-22.5,0.13762855529785156,290.50408935546875,11.237671852111816,140.64169311523438,11.270865440368652
222.0,-22.5,0.13904541730880737,290.5036315917969,11.237296104431152,140.6443634033203,11.270865440368652
223.0,-22.5,0.14054861664772034,290.5031433105469,11.236907005310059,140.64707946777344,11.270865440368652
224.0,-22.5,0.1420847624540329,290.502685546875,11.236502647399902,140.64984130859375,11.270865440368652
225.0,-22.5,0.1436612904071808,290.50225830078125,11.236083030700684,140.6526641845703,11.270865440368652
226.0,-22.5,0.1453336775302887,290.5018005371094,11.235648155212402,140.65554809570312,11.270865440368652
227.0,-22.5,0.14704371988773346,290.5013732910156,11.235196113586426,140.65847778320312,11.270865440368652
228.0,-22.5,0.14883239567279816,290.5009460449219,11.234726905822754,140.66148376464844,11.270865440368652
229.0,-22.5,0.15069468319416046,290.5005187988281,11.234240531921387,140.66455078125,11.270865440368652
230.0,-22.5,0.1526322215795517,290.5000915527344,11.233735084533691,140.6676788330078,11.270865440368652
231.0,-22.5,0.15462058782577515,290.49969482421875,11.233210563659668,140.67086791992188,11.270865440368652
232.0,-22.5,0.15670223534107208,290.4992980957031,11.232666015625,140.6741485595703,11.270865440368652
233.0,-22.5,0.15884679555892944,290.4989318847656,11.232100486755371,140.67750549316406,11.270865440368652
234.0,-22.5,0.16108174622058868,290.4985656738281,11.231512069702148,140.68093872070312,11.270865440368652
235.0,-22.5,0.16340845823287964,290.4981994628906,11.230900764465332,140.6844482421875,11.270865440368652
236.0,-22.5,0.16584530472755432,290.4978332519531,11.230265617370605,140.6880645751953,11.270865440368652
237.0,-22.5,0.16836264729499817,290.49749755859375,11.229604721069336,140.6917724609375,11.270865440368652
238.0,-22.5,0.1709868162870407,290.4971618652344,11.228917121887207,140.69557189941406,11.270865440368652
239.0,-22.5,0.17370539903640747,290.4968566894531,11.228201866149902,140.69947814941406,11.270865440368652
240.0,-22.5,0.1765449196100235,290.4965515136719,11.227456092834473,140.7034912109375,11.270865440368652
241.0,-22.5,0.17951641976833344,290.4962463378906,11.226680755615234,140.70762634277344,11.270865440368652
242.0,-22.5,0.18259122967720032,290.4959716796875,11.225872039794922,140.7118682861328,11.270865440368652
243.0,-22.5,0.18578197062015533,290.4957275390625,11.225028991699219,140.7162322998047,11.270865440368652
244.0,-22.5,0.1891552209854126,290.4954528808594,11.224149703979492,140.7207489013672,11.270865440368652
245.0,-22.5,0.1926496922969818,290.4952392578125,11.22323226928711,140.7254180908203,11.270865440368652
246.0,-22.5,0.19629168510437012,290.4950256347656,11.222273826599121,140.73020935058594,11.270865440368652
247.0,-22.5,0.2001047134399414,290.4948425292969,11.221273422241211,140.7351837158203,11.270865440368652
248.0,-22.5,0.2040928602218628,290.4946594238281,11.220226287841797,140.7403106689453,11.270865440368652
249.0,-22.5,0.20826049149036407,290.4945068359375,11.219131469726562,140.74562072753906,11.270865440368652
250.0,-22.5,0.21262332797050476,290.494384765625,11.217986106872559,140.75112915039062,11.270865440368652
251.0,-22.5,0.21720559895038605,290.4942626953125,11.216785430908203,140.7568359375,11.270865440368652
252.0,-22.5,0.22200360894203186,290.4941711425781,11.215526580810547,140.76275634765625,11.270865440368652
253.0,-22.5,0.22702741622924805,290.494140625,11.214205741882324,140.7689208984375,11.270865440368652
254.0,-22.5,0.23232519626617432,290.49407958984375,11.21281909942627,140.7753143310547,11.270865440368652
255.0,-22.5,0.23788362741470337,290.49407958984375,11.211360931396484,140.781982421875,11.270865440368652
256.0,-22.5,0.24370966851711273,290.494140625,11.209827423095703,140.78892517089844,11.270865440368652
257.0,-22.5,0.24986809492111206,290.49420166015625,11.208211898803711,140.79617309570312,11.270865440368652
258.0,-22.5,0.25637248158454895,290.4942932128906,11.20650863647461,140.8037567138672,11.270865440368652
259.0,-22.5,0.2632141411304474,290.49444580078125,11.204710960388184,140.81167602539062,11.270865440368652
260.0,-22.5,0.27045372128486633,290.49462890625,11.202812194824219,140.81997680664062,11.270865440368652
261.0,-22.5,0.2781100273132324,290.494873046875,11.200801849365234,140.8286895751953,11.270865440368652
262.0,-22.5,0.28620433807373047,290.49517822265625,11.198673248291016,140.83782958984375,11.270865440368652
263.0,-22.5,0.2948249280452728,290.4955139160156,11.196414947509766,140.84747314453125,11.270865440368652
264.0,-22.5,0.3039676249027252,290.49591064453125,11.194015502929688,140.8576202392578,11.270865440368652
265.0,-22.5,0.3136826455593109,290.49639892578125,11.191461563110352,140.8683319091797,11.270865440368652
266.0,-22.5,0.3240612745285034,290.4969482421875,11.188739776611328,140.8796844482422,11.270865440368652
267.0,-22.5,0.335130512714386,290.4975891113281,11.185833930969238,140.89170837402344,11.270865440368652
268.0,-22.5,0.3469838500022888,290.498291015625,11.182723999023438,140.90447998046875,11.270865440368652
269.0,-22.5,0.3596939146518707,290.4991149902344,11.179390907287598,140.9180908203125,11.270865440368652
270.0,-22.5,0.3733440637588501,290.5000305175781,11.175808906555176,140.93260192871094,11.270865440368652
271.0,-22.5,0.3880274295806885,290.5010986328125,11.171951293945312,140.9481201171875,11.270865440368652
272.0,-22.5,0.40391361713409424,290.5022888183594,11.167786598205566,140.9647979736328,11.270865440368652
273.0,-22.5,0.4210851490497589,290.5036315917969,11.163277626037598,140.9827117919922,11.270865440368652
274.0,-22.5,0.4397488236427307,290.505126953125,11.158381462097168,141.00205993652344,11.270865440368652
275.0,-22.5,0.46006232500076294,290.5068664550781,11.153048515319824,141.02301025390625,11.270865440368652
276.0,-22.5,0.4822877049446106,290.5087890625,11.147217750549316,141.04579162597656,11.270865440368652
277.0,-22.5,0.5066506862640381,290.510986328125,11.140820503234863,141.0706329345703,11.270865440368652
278.0,-22.5,0.5335161685943604,290.51348876953125,11.133769989013672,141.09788513183594,11.270865440368652
279.0,-22.5,0.5632560849189758,290.5163269042969,11.12596607208252,141.12789916992188,11.270865440368652
280.0,-22.5,0.5963532328605652,290.51953125,11.117281913757324,141.1611328125,11.270865440368652
281.0,-22.5,0.6333808898925781,290.52325439453125,11.107564926147461,141.19815063476562,11.270865440368652
282.0,-22.5,0.6600420475006104,290.5297546386719,11.100564956665039,141.22531127929688,11.270865440368652
283.0,-22.5,0.6815130710601807,290.53790283203125,11.094931602478027,141.24746704101562,11.270865440368652
284.0,-22.5,0.7043976187705994,290.5466003417969,11.088926315307617,141.2708740234375,11.270865440368652
285.0,-22.5,0.7288146018981934,290.5559387207031,11.082514762878418,141.29563903808594,11.270865440368652
286.0,-22.5,0.7549499273300171,290.56597900390625,11.075655937194824,141.32192993164062,11.270865440368652
287.0,-22.5,0.7829769253730774,290.5768127441406,11.068304061889648,141.3498992919922,11.270865440368652
288.0,-22.5,0.8130630254745483,290.5884704589844,11.060405731201172,141.3796844482422,11.270865440368652
289.0,-22.5,0.8454762101173401,290.6011047363281,11.051899909973145,141.41152954101562,11.270865440368652
290.0,-22.5,0.880450963973999,290.6147766113281,11.042718887329102,141.4456329345703,11.270865440368652
291.0,-22.5,0.9183287024497986,290.629638671875,11.032780647277832,141.4822998046875,11.270865440368652
292.0,-22.5,0.9594300985336304,290.64581298828125,11.021991729736328,141.5218048095703,11.270865440368652
293.0,-22.5,1.0042043924331665,290.66351318359375,11.01024055480957,141.56454467773438,11.270865440368652
294.0,-22.5,1.0531407594680786,290.68292236328125,10.99739933013916,141.61094665527344,11.270865440368652
295.0,-22.5,1.1068027019500732,290.70428466796875,10.98331356048584,141.6614990234375,11.270865440368652
296.0,-22.5,1.1659330129623413,290.7278747558594,10.967796325683594,141.71685791015625,11.270865440368652
297.0,-22.5,1.2313611507415771,290.75408935546875,10.950626373291016,141.77774047851562,11.270865440368652
298.0,-22.5,1.3535077571868896,290.7891540527344,10.918570518493652,141.89234924316406,11.270865440368652
299.0,-22.5,1.9036808013916016,290.8861083984375,10.774179458618164,142.41500854492188,11.270865440368652
300.0,-22.5,2.1005287170410156,290.94769287109375,10.722516059875488,142.5978240966797,11.270865440368652
301.0,-22.5,2.3399059772491455,291.02288818359375,10.65969467163086,142.81939697265625,11.270865440368652
302.0,-22.5,2.584836483001709,291.10693359375,10.595414161682129,143.0441436767578,11.270865440368652
303.0,-22.5,2.8010685443878174,291.193115234375,10.538661003112793,143.23948669433594,11.270865440368652
304.0,-22.5,3.053966760635376,291.2942810058594,10.472293853759766,143.4669647216797,11.270865440368652
305.0,-22.5,3.881718397140503,291.5382080078125,10.25505542755127,144.22975158691406,11.270865440368652
306.0,-22.5,4.101377010345459,291.6565246582031,10.197403907775879,144.4180145263672,11.270865440368652
307.0,-22.5,4.345829486846924,291.78826904296875,10.133247375488281,144.62619018554688,11.270865440368652
308.0,-22.5,4.707468032836914,291.96075439453125,10.038341522216797,144.93896484375,11.270865440368652
309.0,-22.5,5.4192681312561035,292.2491760253906,9.851531028747559,145.56809997558594,11.270865440368652
310.0,-22.5,7.150579929351807,292.8809814453125,9.39715576171875,147.11819458007812,11.270865440368652
311.0,-22.5,7.446342468261719,293.0923156738281,9.319537162780762,147.3459930419922,11.270865440368652
312.0,-22.5,7.729100227355957,293.3077392578125,9.24532699584961,147.55661010742188,11.270865440368652
313.0,-22.5,8.25410270690918,293.6190185546875,9.107545852661133,147.97833251953125,11.270865440368652
314.0,-22.5,8.680673599243164,293.9085388183594,8.99559211730957,148.3037872314453,11.270865440368652
315.0,-22.5,9.089500427246094,294.2033386230469,8.888299942016602,148.60562133789062,11.270865440368652
316.0,-22.5,9.358390808105469,294.45245361328125,8.817728996276855,148.77706909179688,11.270865440368652
317.0,-22.5,9.63800048828125,294.713134765625,8.744348526000977,148.9514923095703,11.270865440368652
318.0,-22.5,9.847291946411133,294.9501647949219,8.689417839050293,149.05880737304688,11.270865440368652
319.0,-22.5,10.056291580200195,295.1920471191406,8.634572982788086,149.1600799560547,11.270865440368652
320.0,-22.5,10.318364143371582,295.4635925292969,8.565788269042969,149.3002166748047,11.270865440368652
321.0,-22.5,10.597469329833984,295.7496337890625,8.492542266845703,149.4476318359375,11.270865440368652
322.0,-22.5,10.795377731323242,296.0018310546875,8.44059944152832,149.52052307128906,11.270865440368652
323.0,-22.5,10.838156700134277,296.1786804199219,8.429372787475586,149.4603729248047,11.270865440368652
324.0,-22.5,10.876171112060547,296.3525390625,8.419398307800293,149.39291381835938,11.270865440368652
325.0,-22.5,11.002534866333008,296.5734558105469,8.38623046875,149.39271545410156,11.270865440368652
326.0,-22.5,11.243680953979492,296.8597106933594,8.322941780090332,149.47811889648438,11.270865440368652
327.0,-22.5,11.43857192993164,297.12445068359375,8.271796226501465,149.5200653076172,11.270865440368652
328.0,-22.5,11.476726531982422,297.3013916015625,8.261783599853516,149.43472290039062,11.270865440368652
329.0,-22.5,11.4520845413208,297.4399719238281,8.26824951171875,149.29820251464844,11.270865440368652
330.0,-22.5,11.55804443359375,297.65521240234375,8.24044132232666,149.25741577148438,11.270865440368652
331.0,-22.5,11.627422332763672,297.848388671875,8.222234725952148,149.18470764160156,11.270865440368652
332.0,-22.5,11.662782669067383,298.01959228515625,8.212955474853516,149.0831298828125,11.270865440368652
333.0,-22.5,11.644808769226074,298.15496826171875,8.217672348022461,148.93997192382812,11.270865440368652
334.0,-22.5,11.65899658203125,298.30877685546875,8.213949203491211,148.81736755371094,11.270865440368652
335.0,-22.5,11.745437622070312,298.50909423828125,8.191265106201172,148.7420196533203,11.270865440368652
336.0,-22.5,11.821317672729492,298.7018737792969,8.171350479125977,148.6549835205078,11.270865440368652
337.0,-22.5,11.84261417388916,298.8560791015625,8.165756225585938,148.52713012695312,11.270865440368652
338.0,-22.5,11.839920043945312,298.9913330078125,8.166462898254395,148.3805694580078,11.270865440368652
339.0,-22.5,11.837348937988281,299.12408447265625,8.167141914367676,148.2317657470703,11.270865440368652
340.0,-22.5,11.855508804321289,299.269287109375,8.162376403808594,148.0938262939453,11.270865440368652
341.0,-22.5,11.872516632080078,299.4114074707031,8.157913208007812,147.95242309570312,11.270865440368652
342.0,-22.5,11.912956237792969,299.56878662109375,8.147298812866211,147.82257080078125,11.270865440368652
343.0,-22.5,11.903608322143555,299.6864318847656,8.149749755859375,147.65989685058594,11.270865440368652
344.0,-22.5,11.916521072387695,299.81829833984375,8.1463623046875,147.5082244873047,11.270865440368652
345.0,-22.5,11.970046997070312,299.9793395996094,8.132316589355469,147.3771209716797,11.270865440368652
