angle,vert_angle,dist,x,y,z,height
0.0,22.5,78.97314453125,35.8806037902832,8.002199172973633,222.49398803710938,7.999433994293213
1.0,22.5,78.97315979003906,37.14208984375,8.002197265625,222.31129455566406,7.999433994293213
2.0,22.5,78.97314453125,38.40018844604492,8.002199172973633,222.10658264160156,7.999433994293213
3.0,22.5,78.97312927246094,39.6545295715332,8.002197265625,221.87994384765625,7.999433994293213
4.0,22.5,78.97313690185547,40.90471649169922,8.002199172973633,221.6314697265625,7.999433994293213
5.0,22.5,78.97312927246094,42.1503791809082,8.002197265625,221.3612060546875,7.999433994293213
6.0,22.5,78.97315216064453,43.39113998413086,8.002199172973633,221.0692596435547,7.999433994293213
7.0,22.5,78.97315216064453,44.626617431640625,8.002197265625,220.7556915283203,7.999433994293213
8.0,22.5,78.97313690185547,45.856422424316406,8.002197265625,220.42059326171875,7.999433994293213
9.0,22.5,78.97312927246094,47.08020782470703,8.002197265625,220.0640869140625,7.999433994293213
10.0,22.5,78.97313690185547,48.29757308959961,8.002199172973633,219.68629455566406,7.999433994293213
11.0,22.5,78.97314453125,49.50815963745117,8.002197265625,219.2873077392578,7.999433994293213
12.0,22.5,78.97313690185547,50.711605072021484,8.002197265625,218.86724853515625,7.999433994293213
13.0,22.5,78.97314453125,51.90753173828125,8.002199172973633,218.42626953125,7.999433994293213
14.0,22.5,78.94429016113281,53.08570098876953,8.013177871704102,217.93968200683594,7.999433994293213
15.0,22.5,78.49314880371094,54.103797912597656,8.184837341308594,217.07261657714844,7.999433994293213
16.0,22.5,77.88002014160156,55.039608001708984,8.418134689331055,216.0536651611328,7.999433994293213
17.0,22.5,77.2269515991211,55.933013916015625,8.6666259765625,214.9890594482422,7.999433994293213
18.0,22.5,76.53268432617188,56.781612396240234,8.930805206298828,213.87921142578125,7.999433994293213
19.0,22.5,75.7919921875,57.58134460449219,9.212638854980469,212.7213134765625,7.999433994293213
20.0,22.5,75.03099060058594,58.34138870239258,9.502202987670898,211.5384979248047,7.999433994293213
21.0,22.5,74.31558227539062,59.09011459350586,9.774415969848633,210.3853759765625,7.999433994293213
22.0,22.5,73.64497375488281,59.82908630371094,10.029586791992188,209.26097106933594,7.999433994293213
23.0,22.5,72.87191009521484,60.49053192138672,10.323740005493164,208.04786682128906,7.999433994293213
24.0,22.5,72.22370910644531,61.1807861328125,10.570388793945312,206.92807006835938,7.999433994293213
25.0,22.5,71.48886108398438,61.79920959472656,10.849998474121094,205.7345733642578,7.999433994293213
26.0,22.5,70.80747985839844,62.414249420166016,11.109268188476562,204.57809448242188,7.999433994293213
27.0,22.5,70.17738342285156,63.02695846557617,11.349018096923828,203.45620727539062,7.999433994293213
28.0,22.5,69.52201843261719,63.59803771972656,11.598388671875,202.31069946289062,7.999433994293213
29.0,22.5,68.94407653808594,64.18331146240234,11.818302154541016,201.2190399169922,7.999433994293213
30.0,22.5,68.34219360351562,64.7284927368164,12.047319412231445,200.10545349121094,7.999433994293213
31.0,22.5,67.837646484375,65.3028564453125,12.239301681518555,199.0587615966797,7.999433994293213
32.0,22.5,67.35052490234375,65.86286163330078,12.424644470214844,198.0197296142578,7.999433994293213
33.0,22.5,66.86048889160156,66.3968734741211,12.611108779907227,196.97413635253906,7.999433994293213
34.0,22.5,66.44644927978516,66.95339965820312,12.768653869628906,195.97703552246094,7.999433994293213
35.0,22.5,66.0321044921875,67.4873046875,12.926313400268555,194.9746551513672,7.999433994293213
36.0,22.5,65.70213317871094,68.0527114868164,13.051870346069336,194.02406311035156,7.999433994293213
37.0,22.5,65.4028549194336,68.61761474609375,13.16574478149414,193.08761596679688,7.999433994293213
38.0,22.5,65.10499572753906,69.16361999511719,13.279085159301758,192.1457977294922,7.999433994293213
39.0,22.5,64.83316040039062,69.70730590820312,13.382514953613281,191.21456909179688,7.999433994293213
40.0,22.5,64.69889831542969,70.32583618164062,13.433603286743164,190.36277770996094,7.999433994293213
41.0,22.5,64.46595001220703,70.85936737060547,13.522237777709961,189.44174194335938,7.999433994293213
42.0,22.5,64.30269622802734,71.42345428466797,13.58436393737793,188.55604553222656,7.999433994293213
43.0,22.5,64.25604248046875,72.05382537841797,13.60211181640625,187.7308807373047,7.999433994293213
44.0,22.5,64.20704650878906,72.66752624511719,13.620752334594727,186.89410400390625,7.999433994293213
45.0,22.5,64.1823501586914,73.28392028808594,13.630151748657227,186.0609588623047,7.999433994293213
46.0,22.5,64.2226791381836,73.9339370727539,13.614803314208984,185.25308227539062,7.999433994293213
47.0,22.5,64.24771881103516,74.55858612060547,13.605276107788086,184.42529296875,7.999433994293213
48.0,22.5,64.37586975097656,75.24773406982422,13.556514739990234,183.64007568359375,7.999433994293213
49.0,22.5,64.62630462646484,76.018798828125,13.461221694946289,182.90322875976562,7.999433994293213
50.0,22.5,64.90444946289062,76.80072784423828,13.355388641357422,182.163330078125,7.999433994293213
51.0,22.5,65.23674011230469,77.61479949951172,13.228948593139648,181.43206787109375,7.999433994293213
52.0,22.5,65.63715362548828,78.47313690185547,13.076597213745117,180.71385192871094,7.999433994293213
53.0,22.5,66.06942749023438,79.34772491455078,12.912113189697266,179.9895477294922,7.999433994293213
54.0,22.5,66.5584945678711,80.25916290283203,12.726022720336914,179.26882934570312,7.999433994293213
55.0,22.5,67.11112213134766,81.21381378173828,12.515741348266602,178.55226135253906,7.999433994293213
56.0,22.5,67.73461151123047,82.21858978271484,12.278501510620117,177.8401641845703,7.999433994293213
57.0,22.5,68.38333892822266,83.23626708984375,12.031656265258789,177.11154174804688,7.999433994293213
58.0,22.5,68.98226165771484,84.20346069335938,11.803766250610352,176.3368377685547,7.999433994293213
59.0,22.5,69.78742218017578,85.33611297607422,11.497398376464844,175.61184692382812,7.999433994293213
60.0,22.5,70.58306884765625,86.45282745361328,11.194652557373047,174.85186767578125,7.999433994293213
61.0,22.5,71.40519714355469,87.58369445800781,10.881832122802734,174.0694580078125,7.999433994293213
62.0,22.5,72.26873016357422,88.74134826660156,10.553251266479492,173.268310546875,7.999433994293213
63.0,22.5,73.09919738769531,89.8606948852539,10.237253189086914,172.42385864257812,7.999433994293213
64.0,22.5,74.04997253417969,91.07511138916016,9.875476837158203,171.58216857910156,7.999433994293213
65.0,22.5,74.89949798583984,92.18989562988281,9.552234649658203,170.677001953125,7.999433994293213
66.0,22.5,75.6700210571289,93.2225341796875,9.259048461914062,169.71896362304688,7.999433994293213
67.0,22.5,76.34603118896484,94.15735626220703,9.00181770324707,168.70806884765625,7.999433994293213
68.0,22.5,77.01300811767578,95.06908416748047,8.74803352355957,167.66839599609375,7.999433994293213
69.0,22.5,77.61676025390625,95.90816497802734,8.518304824829102,166.589111328125,7.999433994293213
70.0,22.5,78.06683349609375,96.59156036376953,8.347051620483398,165.45565795898438,7.999433994293213
71.0,22.5,78.50270080566406,97.24365234375,8.181207656860352,164.30078125,7.999433994293213
72.0,22.5,78.80168151855469,97.75224304199219,8.067441940307617,163.10525512695312,7.999433994293213
73.0,22.5,78.86519622802734,98.02580261230469,8.04327392578125,161.86123657226562,7.999433994293213
74.0,22.5,78.92501831054688,98.27438354492188,8.0205078125,160.6111297607422,7.999433994293213
75.0,22.5,78.83487701416016,98.3636703491211,8.054807662963867,159.33836364746094,7.999433994293213
76.0,22.5,78.79991912841797,98.48128509521484,8.068109512329102,158.07127380371094,7.999433994293213
77.0,22.5,78.73250579833984,98.54682159423828,8.093755722045898,156.80014038085938,7.999433994293213
78.0,22.5,78.62664794921875,98.55461120605469,8.134038925170898,155.52647399902344,7.999433994293213
79.0,22.5,78.53382110595703,98.55209350585938,8.16935920715332,154.2552947998047,7.999433994293213
80.0,22.5,78.35536193847656,98.44819641113281,8.237266540527344,152.98268127441406,7.999433994293213
81.0,22.5,78.17129516601562,98.31683349609375,8.307296752929688,151.71487426757812,7.999433994293213
82.0,22.5,78.05432891845703,98.22537231445312,8.351808547973633,150.45278930664062,7.999433994293213
83.0,22.5,77.81808471679688,98.00161743164062,8.441696166992188,149.19581604003906,7.999433994293213
84.0,22.5,77.6456527709961,97.81502532958984,8.507308959960938,147.94496154785156,7.999433994293213
85.0,22.5,77.39099884033203,97.5307846069336,8.604206085205078,146.70396423339844,7.999433994293213
86.0,22.5,77.08808898925781,97.18061828613281,8.719470977783203,145.47512817382812,7.999433994293213
87.0,22.5,76.69097900390625,96.7226333618164,8.870569229125977,144.26466369628906,7.999433994293213
88.0,22.5,76.29117584228516,96.2416763305664,9.022695541381836,143.0690155029297,7.999433994293213
89.0,22.5,75.78816986083984,95.6458511352539,9.214092254638672,141.89955139160156,7.999433994293213
90.0,22.5,75.18460083007812,94.93858337402344,9.443746566772461,140.76126098632812,7.999433994293213
91.0,22.5,74.60960388183594,94.23907470703125,9.662534713745117,139.64111328125,7.999433994293213
92.0,22.5,73.77239227294922,93.2826156616211,9.981098175048828,138.58352661132812,7.999433994293213
93.0,22.5,48.262939453125,69.89363861083984,19.687543869018555,141.80848693847656,7.999433994293213
94.0,22.5,46.54387664794922,68.18528747558594,20.341655731201172,141.36795043945312,7.999433994293213
95.0,22.5,45.24722671508789,66.8564224243164,20.835033416748047,140.8982696533203,7.999433994293213
96.0,22.5,44.373130798339844,65.9039306640625,21.167631149291992,140.37939453125,7.999433994293213
97.0,22.5,43.873817443847656,65.28118896484375,21.357622146606445,139.80270385742188,7.999433994293213
98.0,22.5,43.564937591552734,64.82009887695312,21.47515296936035,139.1969757080078,7.999433994293213
99.0,22.5,43.21112060546875,64.31010437011719,21.609785079956055,138.6161346435547,7.999433994293213
100.0,22.5,42.972190856933594,63.89293670654297,21.700693130493164,138.01736450195312,7.999433994293213
101.0,22.5,42.71428680419922,63.449974060058594,21.798828125,137.43527221679688,7.999433994293213
102.0,22.5,42.445186614990234,62.988548278808594,21.901220321655273,136.86842346191406,7.999433994293213
103.0,22.5,42.28679275512695,62.61454391479492,21.961490631103516,136.27752685546875,7.999433994293213
104.0,22.5,42.1502571105957,62.24998474121094,22.013444900512695,135.6881561279297,7.999433994293213
105.0,22.5,41.88023376464844,61.76218032836914,22.116188049316406,135.15496826171875,7.999433994293213
106.0,22.5,41.728271484375,61.36680603027344,22.174007415771484,134.5904541015625,7.999433994293213
107.0,22.5,41.58445739746094,60.96949005126953,22.22873306274414,134.03199768066406,7.999433994293213
108.0,22.5,41.385459899902344,60.51750946044922,22.30445098876953,133.50482177734375,7.999433994293213
109.0,22.5,41.2588005065918,60.117557525634766,22.352645874023438,132.95838928222656,7.999433994293213
110.0,22.5,41.11084747314453,59.691646575927734,22.40894317626953,132.43002319335938,7.999433994293213
111.0,22.5,40.85182189941406,59.167640686035156,22.50749969482422,131.96066284179688,7.999433994293213
112.0,22.5,40.664344787597656,58.69501495361328,22.578834533691406,131.47132873535156,7.999433994293213
113.0,22.5,40.30294418334961,58.07719802856445,22.716352462768555,131.0751495361328,7.999433994293213
114.0,22.5,39.931304931640625,57.44754409790039,22.857763290405273,130.6997833251953,7.999433994293213
115.0,22.5,39.75022506713867,56.962852478027344,22.926666259765625,130.24522399902344,7.999433994293213
116.0,22.5,39.268943786621094,56.241058349609375,23.10979461669922,129.9558563232422,7.999433994293213
117.0,22.5,38.78327560424805,55.51536178588867,23.294591903686523,129.68785095214844,7.999433994293213
118.0,22.5,38.38776397705078,54.85728454589844,23.445085525512695,129.39024353027344,7.999433994293213
119.0,22.5,37.522884368896484,53.850059509277344,23.77417755126953,129.36898803710938,7.999433994293213
120.0,22.5,36.938865661621094,53.056453704833984,23.996395111083984,129.21743774414062,7.999433994293213
121.0,22.5,36.22660827636719,52.173667907714844,24.267414093017578,129.161376953125,7.999433994293213
122.0,22.5,35.65191650390625,51.39511489868164,24.486087799072266,129.0482940673828,7.999433994293213
123.0,22.5,34.972450256347656,50.54730224609375,24.744626998901367,129.01914978027344,7.999433994293213
124.0,22.5,34.255550384521484,49.68051528930664,25.01740837097168,129.03610229492188,7.999433994293213
125.0,22.5,33.616851806640625,48.87503433227539,25.26043701171875,129.02764892578125,7.999433994293213
126.0,22.5,32.95989990234375,48.06439971923828,25.510408401489258,129.0524444580078,7.999433994293213
127.0,22.5,32.26393127441406,47.23609161376953,25.775224685668945,129.12437438964844,7.999433994293213
128.0,22.5,31.72079849243164,46.51578140258789,25.98189353942871,129.117431640625,7.999433994293213
129.0,22.5,31.14441680908203,45.78071594238281,26.201208114624023,129.15151977539062,7.999433994293213
130.0,22.5,30.51993751525879,45.023284912109375,26.43882179260254,129.2376708984375,7.999433994293213
131.0,22.5,30.000762939453125,44.339202880859375,26.636371612548828,129.27052307128906,7.999433994293213
132.0,22.5,29.487932205200195,43.665931701660156,26.83150863647461,129.31629943847656,7.999433994293213
133.0,22.5,29.032894134521484,43.03376770019531,27.00464630126953,129.33775329589844,7.999433994293213
134.0,22.5,28.564289093017578,42.400020599365234,27.182952880859375,129.38467407226562,7.999433994293213
135.0,22.5,28.12291145324707,41.78840637207031,27.350902557373047,129.42723083496094,7.999433994293213
136.0,22.5,27.73066520690918,41.2102165222168,27.500154495239258,129.44808959960938,7.999433994293213
137.0,22.5,27.257741928100586,40.594539642333984,27.680099487304688,129.5436553955078,7.999433994293213
138.0,22.5,26.914112091064453,40.0542106628418,27.810855865478516,129.55548095703125,7.999433994293213
139.0,22.5,26.621047973632812,39.54441833496094,27.922365188598633,129.54071044921875,7.999433994293213
140.0,22.5,26.271696090698242,39.010650634765625,28.055294036865234,129.5814208984375,7.999433994293213
141.0,22.5,25.926198959350586,38.48431396484375,28.18675994873047,129.63136291503906,7.999433994293213
142.0,22.5,25.62842559814453,37.9859619140625,28.300060272216797,129.65521240234375,7.999433994293213
143.0,22.5,25.404129028320312,37.525482177734375,28.38541030883789,129.630859375,7.999433994293213
144.0,22.5,25.127120971679688,37.044742584228516,28.49081039428711,129.6592254638672,7.999433994293213
145.0,22.5,24.831315994262695,36.56057357788086,28.603363037109375,129.71351623535156,7.999433994293213
146.0,22.5,24.567909240722656,36.094940185546875,28.703590393066406,129.75152587890625,7.999433994293213
147.0,22.5,24.349748611450195,35.65171432495117,28.786605834960938,129.76165771484375,7.999433994293213
148.0,22.5,24.086427688598633,35.19478225708008,28.886798858642578,129.81907653808594,7.999433994293213
149.0,22.5,23.899442672729492,34.770687103271484,28.957942962646484,129.82131958007812,7.999433994293213
150.0,22.5,23.748477935791016,34.362098693847656,29.0153865814209,129.80130004882812,7.999433994293213
151.0,22.5,23.586193084716797,33.95167922973633,29.077136993408203,129.799072265625,7.999433994293213
152.0,22.5,23.438335418701172,33.548362731933594,29.13340187072754,129.79241943359375,7.999433994293213
153.0,22.5,23.286014556884766,33.1458740234375,29.191360473632812,129.79751586914062,7.999433994293213
154.0,22.5,23.13226318359375,32.745445251464844,29.249862670898438,129.81167602539062,7.999433994293213
155.0,22.5,22.988441467285156,32.35041809082031,29.304588317871094,129.82481384277344,7.999433994293213
156.0,22.5,22.85076332092285,31.959489822387695,29.356971740722656,129.84005737304688,7.999433994293213
157.0,22.5,22.740732192993164,31.5777587890625,29.39883804321289,129.8380584716797,7.999433994293213
158.0,22.5,22.63858985900879,31.199562072753906,29.437705993652344,129.8361053466797,7.999433994293213
159.0,22.5,22.584304809570312,30.833139419555664,29.458358764648438,129.79806518554688,7.999433994293213
160.0,22.5,22.507770538330078,30.46259880065918,29.48748016357422,129.78672790527344,7.999433994293213
161.0,22.5,22.46623420715332,30.099435806274414,29.503284454345703,129.7503662109375,7.999433994293213
162.0,22.5,22.434823989868164,29.73802947998047,29.515239715576172,129.7112579345703,7.999433994293213
163.0,22.5,22.39653968811035,29.375471115112305,29.529804229736328,129.68482971191406,7.999433994293213
164.0,22.5,22.361400604248047,29.013530731201172,29.54317855834961,129.6619415283203,7.999433994293213
165.0,22.5,22.367467880249023,28.656627655029297,29.54086685180664,129.60765075683594,7.999433994293213
166.0,22.5,22.36054039001465,28.29741859436035,29.543498992919922,129.571533203125,7.999433994293213
167.0,22.5,22.37010955810547,27.93914794921875,29.53986358642578,129.52650451660156,7.999433994293213
168.0,22.5,22.40326690673828,27.581605911254883,29.52724838256836,129.46597290039062,7.999433994293213
169.0,22.5,22.419340133666992,27.22163963317871,29.521129608154297,129.42742919921875,7.999433994293213
170.0,22.5,22.45170021057129,26.861385345458984,29.50881576538086,129.38011169433594,7.999433994293213
171.0,22.5,22.515867233276367,26.50048065185547,29.48440170288086,129.30966186523438,7.999433994293213
172.0,22.5,22.55552864074707,26.13726806640625,29.469310760498047,129.26817321777344,7.999433994293213
173.0,22.5,22.628173828125,25.77234649658203,29.441669464111328,129.20252990722656,7.999433994293213
174.0,22.5,22.781652450561523,25.40290069580078,29.383270263671875,129.06857299804688,7.999433994293213
175.0,22.5,22.887609481811523,25.030794143676758,29.34295654296875,128.98507690429688,7.999433994293213
176.0,22.5,22.967723846435547,24.657136917114258,29.31246566772461,128.93203735351562,7.999433994293213
177.0,22.5,23.16874885559082,24.272083282470703,29.235973358154297,128.77418518066406,7.999433994293213
178.0,22.5,23.355998992919922,23.88237190246582,29.164731979370117,128.63604736328125,7.999433994293213
179.0,22.5,23.48494529724121,23.49363899230957,29.115665435791016,128.55860900878906,7.999433994293213
180.0,22.5,23.675992965698242,23.09380531311035,29.04296875,128.4313201904297,7.999433994293213
181.0,22.5,23.89613151550293,22.684682846069336,28.959205627441406,128.28488159179688,7.999433994293213
182.0,22.5,24.16217041015625,22.262372970581055,28.85797882080078,128.10433959960938,7.999433994293213
183.0,22.5,24.359344482421875,21.844614028930664,28.782949447631836,127.9945297241211,7.999433994293213
184.0,22.5,24.6513729095459,21.40403938293457,28.671833038330078,127.8067626953125,7.999433994293213
185.0,22.5,25.01991081237793,20.94003677368164,28.531604766845703,127.55870056152344,7.999433994293213
186.0,22.5,25.411907196044922,20.46083641052246,28.3824462890625,127.29906463623047,7.999433994293213
187.0,22.5,25.688579559326172,19.998184204101562,28.277172088623047,127.15252685546875,7.999433994293213
188.0,22.5,26.205841064453125,19.468372344970703,28.080352783203125,126.80110931396484,7.999433994293213
189.0,22.5,26.782007217407227,18.908802032470703,27.86111831665039,126.40916442871094,7.999433994293213
190.0,22.5,27.379343032836914,18.327627182006836,27.633831024169922,126.01115417480469,7.999433994293213
191.0,22.5,28.017465591430664,17.718326568603516,27.39102554321289,125.59064483642578,7.999433994293213
192.0,22.5,28.899341583251953,17.01590347290039,27.055465698242188,124.97206115722656,7.999433994293213
193.0,22.5,30.048023223876953,16.20206642150879,26.618385314941406,124.14000701904297,7.999433994293213
194.0,22.5,31.933908462524414,15.104019165039062,25.900800704956055,122.69574737548828,7.999433994293213
331.0,22.5,75.0659408569336,0.8730143308639526,9.48890495300293,214.82247924804688,7.999433994293213
332.0,22.5,74.8194808959961,2.0848541259765625,9.582683563232422,215.0380859375,7.999433994293213
333.0,22.5,74.79728698730469,3.228121280670166,9.591129302978516,215.42694091796875,7.999433994293213
334.0,22.5,75.27810668945312,4.231924533843994,9.408174514770508,216.23744201660156,7.999433994293213
335.0,22.5,76.75972747802734,4.982513904571533,8.844413757324219,217.91650390625,7.999433994293213
336.0,22.5,78.76612854003906,5.649349212646484,8.080965042114258,220.05502319335938,7.999433994293213
337.0,22.5,78.97313690185547,6.822484970092773,8.002197265625,220.58497619628906,7.999433994293213
338.0,22.5,78.97314453125,8.05506706237793,8.002197265625,220.90969848632812,7.999433994293213
339.0,22.5,78.97314453125,9.293130874633789,8.002197265625,221.2128448486328,7.999433994293213
340.0,22.5,78.97315216064453,10.536294937133789,8.002199172973633,221.49435424804688,7.999433994293213
341.0,22.5,78.97314453125,11.784219741821289,8.002199172973633,221.75411987304688,7.999433994293213
342.0,22.5,78.97315979003906,13.03644847869873,8.002199172973633,221.9920654296875,7.999433994293213
343.0,22.5,78.97313690185547,14.292645454406738,8.002197265625,222.20809936523438,7.999433994293213
344.0,22.5,78.97314453125,15.55241870880127,8.002199172973633,222.40219116210938,7.999433994293213
345.0,22.5,78.97315216064453,16.815385818481445,8.002199172973633,222.57427978515625,7.999433994293213
346.0,22.5,78.97314453125,18.081205368041992,8.002199172973633,222.7242889404297,7.999433994293213
347.0,22.5,78.97312927246094,19.349411010742188,8.002197265625,222.8521728515625,7.999433994293213
348.0,22.5,78.97314453125,20.619653701782227,8.002199172973633,222.9579315185547,7.999433994293213
349.0,22.5,78.97314453125,21.891550064086914,8.002197265625,223.04148864746094,7.999433994293213
350.0,22.5,78.97315216064453,23.164710998535156,8.002197265625,223.10284423828125,7.999433994293213
351.0,22.5,78.9731216430664,24.43878173828125,8.002197265625,223.14193725585938,7.999433994293213
352.0,22.5,78.97313690185547,25.71331024169922,8.002199172973633,223.15882873535156,7.999433994293213
353.0,22.5,78.97313690185547,26.98793601989746,8.002199172973633,223.15345764160156,7.999433994293213
354.0,22.5,78.97314453125,28.26227569580078,8.002199172973633,223.1258544921875,7.999433994293213
355.0,22.5,78.97315216064453,29.535938262939453,8.002199172973633,223.07601928710938,7.999433994293213
356.0,22.5,78.97314453125,30.80857276916504,8.002199172973633,223.00393676757812,7.999433994293213
357.0,22.5,78.97314453125,32.07971954345703,8.002199172973633,222.90966796875,7.999433994293213
358.0,22.5,78.97313690185547,33.349029541015625,8.002199172973633,222.79322814941406,7.999433994293213
359.0,22.5,78.97314453125,34.616111755371094,8.002199172973633,222.6546630859375,7.999433994293213
4.0,16.875,98.88924407958984,44.87948226928711,9.487283706665039,242.9080047607422,7.999433994293213
5.0,16.875,97.55107879638672,46.21910095214844,9.873815536499023,241.3142547607422,7.999433994293213
6.0,16.875,96.00675964355469,47.462921142578125,10.31989860534668,239.51046752929688,7.999433994293213
7.0,16.875,94.5647201538086,48.67450714111328,10.736433029174805,237.78628540039062,7.999433994293213
8.0,16.875,92.97398376464844,49.79454803466797,11.1959228515625,235.91024780273438,7.999433994293213
9.0,16.875,91.58807373046875,50.9117431640625,11.596254348754883,234.21031188964844,7.999433994293213
10.0,16.875,90.32416534423828,52.012027740478516,11.961336135864258,232.60931396484375,7.999433994293213
11.0,16.875,88.9628677368164,53.034576416015625,12.354547500610352,230.90744018554688,7.999433994293213
12.0,16.875,87.73650360107422,54.048828125,12.70878791809082,229.31715393066406,7.999433994293213
13.0,16.875,86.5714111328125,55.03642654418945,13.045328140258789,227.77137756347656,7.999433994293213
14.0,16.875,85.52086639404297,56.018863677978516,13.348785400390625,226.31761169433594,7.999433994293213
15.0,16.875,84.43891906738281,56.94801712036133,13.661308288574219,224.82571411132812,7.999433994293213
16.0,16.875,83.46968078613281,57.8773307800293,13.94127082824707,223.42385864257812,7.999433994293213
17.0,16.875,82.53620910644531,58.78141403198242,14.210912704467773,222.0437469482422,7.999433994293213
18.0,16.875,81.65493774414062,59.66865539550781,14.465469360351562,220.6997528076172,7.999433994293213
19.0,16.875,80.738525390625,60.50404739379883,14.730182647705078,219.31683349609375,7.999433994293213
20.0,16.875,79.81310272216797,61.297569274902344,14.997488021850586,217.9188232421875,7.999433994293213
21.0,16.875,78.89408874511719,62.05582809448242,15.262947082519531,216.51983642578125,7.999433994293213
22.0,16.875,78.0575180053711,62.81496047973633,15.504602432250977,215.18397521972656,7.999433994293213
23.0,16.875,77.11094665527344,63.485145568847656,15.77801513671875,213.75128173828125,7.999433994293213
24.0,16.875,76.24453735351562,64.15673828125,16.028278350830078,212.38070678710938,7.999433994293213
25.0,16.875,75.43290710449219,64.82017517089844,16.26272964477539,211.05055236816406,7.999433994293213
26.0,16.875,74.67012023925781,65.47472381591797,16.483060836791992,209.75538635253906,7.999433994293213
27.0,16.875,73.86026763916016,66.07049560546875,16.71698570251465,208.41897583007812,7.999433994293213
28.0,16.875,73.11021423339844,66.66500091552734,16.933639526367188,207.12673950195312,7.999433994293213
29.0,16.875,72.40592193603516,67.25274658203125,17.137081146240234,205.86692810058594,7.999433994293213
30.0,16.875,71.70790100097656,67.81266021728516,17.33871078491211,204.60888671875,7.999433994293213
31.0,16.875,71.12703704833984,68.4111557006836,17.506488800048828,203.43624877929688,7.999433994293213
32.0,16.875,70.56877136230469,68.99527740478516,17.667747497558594,202.2761688232422,7.999433994293213
33.0,16.875,70.02505493164062,69.56096649169922,17.824804306030273,201.1226348876953,7.999433994293213
34.0,16.875,69.57206726074219,70.15711212158203,17.955650329589844,200.03045654296875,7.999433994293213
35.0,16.875,69.16598510742188,70.75880432128906,18.072946548461914,198.96621704101562,7.999433994293213
36.0,16.875,68.72718811035156,71.31531524658203,18.199691772460938,197.87353515625,7.999433994293213
37.0,16.875,68.50375366210938,71.99183654785156,18.26423454284668,196.92352294921875,7.999433994293213
38.0,16.875,68.22001647949219,72.6078872680664,18.346189498901367,195.9239959716797,7.999433994293213
39.0,16.875,67.98712158203125,73.23838806152344,18.41346549987793,194.95082092285156,7.999433994293213
40.0,16.875,67.73478698730469,73.83544921875,18.48635482788086,193.95703125,7.999433994293213
41.0,16.875,67.71630096435547,74.57986450195312,18.49169158935547,193.10452270507812,7.999433994293213
42.0,16.875,67.7143783569336,75.32112121582031,18.492250442504883,192.2497100830078,7.999433994293213
43.0,16.875,67.7530288696289,76.07731628417969,18.481082916259766,191.4068145751953,7.999433994293213
44.0,16.875,67.92110443115234,76.916015625,18.43253517150879,190.62753295898438,7.999433994293213
45.0,16.875,68.13812255859375,77.77989196777344,18.369848251342773,189.8600616455078,7.999433994293213
46.0,16.875,68.44277954101562,78.69983673095703,18.28184700012207,189.12466430664062,7.999433994293213
47.0,16.875,68.90154266357422,79.7298812866211,18.149333953857422,188.45494079589844,7.999433994293213
48.0,16.875,69.3924331665039,80.77781677246094,18.007537841796875,187.7784881591797,7.999433994293213
49.0,16.875,70.0324935913086,81.93744659423828,17.822654724121094,187.1559295654297,7.999433994293213
50.0,16.875,70.76969909667969,83.17025756835938,17.609712600708008,186.55426025390625,7.999433994293213
51.0,16.875,71.6432876586914,84.51024627685547,17.357364654541016,185.98898315429688,7.999433994293213
52.0,16.875,72.73876953125,86.03065490722656,17.040937423706055,185.4958038330078,7.999433994293213
53.0,16.875,73.96672058105469,87.66175079345703,16.686237335205078,185.02281188964844,7.999433994293213
54.0,16.875,75.53340148925781,89.57923126220703,16.23369598388672,184.65834045410156,7.999433994293213
55.0,16.875,77.73847198486328,92.04434967041016,15.59675407409668,184.51979064941406,7.999433994293213
56.0,16.875,80.93003845214844,95.36846160888672,14.674858093261719,184.7271728515625,7.999433994293213
57.0,16.875,88.13196563720703,102.18378448486328,12.59455680847168,186.48294067382812,7.999433994293213
70.0,16.875,99.44729614257812,118.98589324951172,9.326080322265625,170.77227783203125,7.999433994293213
71.0,16.875,98.70409393310547,118.6348648071289,9.540760040283203,169.0049285888672,7.999433994293213
72.0,16.875,97.93389892578125,118.22526550292969,9.763235092163086,167.25143432617188,7.999433994293213
73.0,16.875,97.2279052734375,117.843505859375,9.967164993286133,165.52818298339844,7.999433994293213
74.0,16.875,96.44733428955078,117.35926818847656,10.192636489868164,163.81292724609375,7.999433994293213
75.0,16.875,95.75761413574219,116.92958068847656,10.391862869262695,162.13070678710938,7.999433994293213
76.0,16.875,95.18907928466797,116.58445739746094,10.556087493896484,160.4808349609375,7.999433994293213
77.0,16.875,94.63229370117188,116.22079467773438,10.716915130615234,158.8477783203125,7.999433994293213
78.0,16.875,94.12747955322266,115.87747955322266,10.86273193359375,157.23452758789062,7.999433994293213
79.0,16.875,93.64593505859375,115.52769470214844,11.001829147338867,155.6372833251953,7.999433994293213
80.0,16.875,93.17219543457031,115.15714263916016,11.138664245605469,154.0547637939453,7.999433994293213
81.0,16.875,92.95958709716797,115.0086441040039,11.200078964233398,152.4934844970703,7.999433994293213
82.0,16.875,92.62830352783203,114.71923828125,11.295772552490234,150.93756103515625,7.999433994293213
83.0,16.875,92.47063446044922,114.56893920898438,11.341318130493164,149.39108276367188,7.999433994293213
84.0,16.875,92.35842895507812,114.43522644042969,11.373729705810547,147.8489532470703,7.999433994293213
85.0,16.875,92.23438262939453,114.26337432861328,11.409557342529297,146.31179809570312,7.999433994293213
86.0,16.875,92.21653747558594,114.16629791259766,11.414710998535156,144.77374267578125,7.999433994293213
87.0,16.875,92.21895599365234,114.06175231933594,11.414016723632812,143.23641967773438,7.999433994293213
88.0,16.875,92.28443908691406,113.9905014038086,11.395103454589844,141.6953582763672,7.999433994293213
89.0,16.875,92.43983459472656,113.97779083251953,11.350208282470703,140.14495849609375,7.999433994293213
90.0,16.875,92.67668151855469,114.01500701904297,11.28179931640625,138.58230590820312,7.999433994293213
91.0,16.875,92.96310424804688,114.07133483886719,11.199068069458008,137.00833129882812,7.999433994293213
92.0,16.875,93.34671020507812,114.19123077392578,11.088258743286133,135.41354370117188,7.999433994293213
93.0,16.875,93.8773193359375,114.42053985595703,10.934989929199219,133.7850341796875,7.999433994293213
94.0,16.875,94.63156127929688,114.82953643798828,10.71712875366211,132.10145568847656,7.999433994293213
95.0,16.875,95.54491424560547,115.3552017211914,10.453298568725586,130.36575317382812,7.999433994293213
96.0,16.875,96.6846923828125,116.05785369873047,10.124073028564453,128.5557403564453,7.999433994293213
97.0,16.875,97.74981689453125,116.65503692626953,9.816404342651367,126.73316192626953,7.999433994293213
98.0,16.875,98.11588287353516,116.57071685791016,9.710668563842773,125.06182098388672,7.999433994293213
99.0,16.875,98.58255767822266,116.54792022705078,9.57586669921875,123.35900115966797,7.999433994293213
100.0,16.875,99.21258544921875,116.64228820800781,9.393882751464844,121.60240173339844,7.999433994293213
101.0,16.875,98.76451873779297,115.72381591796875,9.523307800292969,120.16151428222656,7.999433994293213
102.0,16.875,98.64411926269531,115.07852935791016,9.558082580566406,118.63937377929688,7.999433994293213
103.0,16.875,98.47471618652344,114.36349487304688,9.607019424438477,117.14701080322266,7.999433994293213
104.0,16.875,98.39154815673828,113.70036315917969,9.631044387817383,115.63978576660156,7.999433994293213
105.0,16.875,98.65489196777344,113.31810760498047,9.554971694946289,114.0188217163086,7.999433994293213
106.0,16.875,98.89801025390625,112.88813018798828,9.484746932983398,112.40843963623047,7.999433994293213
107.0,16.875,99.21894836425781,112.49626922607422,9.39204216003418,110.77122497558594,7.999433994293213
108.0,16.875,99.51721954345703,112.05403900146484,9.305889129638672,109.14557647705078,7.999433994293213
109.0,16.875,99.8333740234375,111.59664916992188,9.214569091796875,107.51578521728516,7.999433994293213
119.0,16.875,47.56391525268555,62.65910339355469,24.312776565551758,123.05596160888672,7.999433994293213
120.0,16.875,45.72814178466797,60.786285400390625,24.843046188354492,123.49037170410156,7.999433994293213
121.0,16.875,44.31632995605469,59.25798034667969,25.250852584838867,123.72904968261719,7.999433994293213
122.0,16.875,42.51315689086914,57.459693908691406,25.771705627441406,124.25090026855469,7.999433994293213
123.0,16.875,40.89503479003906,55.824920654296875,26.239105224609375,124.71215057373047,7.999433994293213
124.0,16.875,39.25102996826172,54.197601318359375,26.71398162841797,125.23868560791016,7.999433994293213
125.0,16.875,37.759056091308594,52.7054443359375,27.144941329956055,125.71566772460938,7.999433994293213
126.0,16.875,36.58136749267578,51.45716857910156,27.485122680664062,126.02983093261719,7.999433994293213
127.0,16.875,35.372650146484375,50.20704650878906,27.834266662597656,126.40071105957031,7.999433994293213
128.0,16.875,34.50984573364258,49.210079193115234,28.08348846435547,126.571533203125,7.999433994293213
129.0,16.875,33.502166748046875,48.13108825683594,28.374561309814453,126.87030792236328,7.999433994293213
130.0,16.875,32.75774383544922,47.240135192871094,28.589588165283203,127.01361083984375,7.999433994293213
131.0,16.875,31.895191192626953,46.28608703613281,28.838741302490234,127.26544189453125,7.999433994293213
132.0,16.875,31.248210906982422,45.48154830932617,29.025623321533203,127.38645935058594,7.999433994293213
133.0,16.875,30.555160522460938,44.65946578979492,29.225812911987305,127.56248474121094,7.999433994293213
134.0,16.875,30.029468536376953,43.949363708496094,29.37765884399414,127.634765625,7.999433994293213
135.0,16.875,29.4266357421875,43.20256423950195,29.55179214477539,127.78340911865234,7.999433994293213
136.0,16.875,28.88964080810547,42.5040283203125,29.706905364990234,127.90047454833984,7.999433994293213
137.0,16.875,28.404300689697266,41.84363555908203,29.847097396850586,127.99474334716797,7.999433994293213
138.0,16.875,27.965896606445312,41.217098236083984,29.973730087280273,128.0681610107422,7.999433994293213
139.0,16.875,27.496335983276367,40.58152770996094,30.10936737060547,128.18145751953125,7.999433994293213
140.0,16.875,27.111473083496094,39.99821853637695,30.22053337097168,128.2417449951172,7.999433994293213
141.0,16.875,26.789165496826172,39.45280838012695,30.313634872436523,128.26455688476562,7.999433994293213
142.0,16.875,26.446075439453125,38.90239334106445,30.412736892700195,128.31680297851562,7.999433994293213
143.0,16.875,26.10871124267578,38.36063003540039,30.51018524169922,128.37673950195312,7.999433994293213
144.0,16.875,25.751367568969727,37.8157958984375,30.6134033203125,128.46566772460938,7.999433994293213
145.0,16.875,25.411422729492188,37.28556823730469,30.711599349975586,128.5521240234375,7.999433994293213
146.0,16.875,25.19487953186035,36.81474304199219,30.774150848388672,128.54469299316406,7.999433994293213
147.0,16.875,24.990184783935547,36.35200119018555,30.833274841308594,128.53683471679688,7.999433994293213
148.0,16.875,24.70383644104004,35.85984802246094,30.915985107421875,128.609619140625,7.999433994293213
149.0,16.875,24.45878791809082,35.38918685913086,30.98676872253418,128.65667724609375,7.999433994293213
150.0,16.875,24.244426727294922,34.93444061279297,31.048690795898438,128.6864013671875,7.999433994293213
151.0,16.875,23.991670608520508,34.470115661621094,31.121700286865234,128.7595977783203,7.999433994293213
152.0,16.875,23.77682876586914,34.0238151550293,31.18375587463379,128.80841064453125,7.999433994293213
153.0,16.875,23.657421112060547,33.612342834472656,31.218246459960938,128.78012084960938,7.999433994293213
154.0,16.875,23.550085067749023,33.20598602294922,31.24925422668457,128.7487030029297,7.999433994293213
155.0,16.875,23.410438537597656,32.791542053222656,31.28959083557129,128.7544403076172,7.999433994293213
156.0,16.875,23.286762237548828,32.38383102416992,31.3253173828125,128.75343322753906,7.999433994293213
157.0,16.875,23.17097282409668,31.98018455505371,31.358760833740234,128.75283813476562,7.999433994293213
158.0,16.875,23.008281707763672,31.56719207763672,31.40575408935547,128.80325317382812,7.999433994293213
159.0,16.875,22.91985321044922,31.174400329589844,31.431299209594727,128.7924041748047,7.999433994293213
160.0,16.875,22.86652946472168,30.79021453857422,31.446701049804688,128.7559356689453,7.999433994293213
161.0,16.875,22.817726135253906,30.407182693481445,31.46079444885254,128.7221221923828,7.999433994293213
162.0,16.875,22.800155639648438,30.02988052368164,31.465877532958984,128.66575622558594,7.999433994293213
163.0,16.875,22.775434494018555,29.65081214904785,31.47301483154297,128.62278747558594,7.999433994293213
164.0,16.875,22.713069915771484,29.266115188598633,31.491025924682617,128.6221466064453,7.999433994293213
165.0,16.875,22.695709228515625,28.888139724731445,31.496044158935547,128.5856475830078,7.999433994293213
166.0,16.875,22.69458770751953,28.51163673400879,31.49636459350586,128.54034423828125,7.999433994293213
167.0,16.875,22.7383975982666,28.13856315612793,31.48370933532715,128.45880126953125,7.999433994293213
168.0,16.875,22.75891876220703,27.761629104614258,31.477783203125,128.40594482421875,7.999433994293213
169.0,16.875,22.7965087890625,27.38450050354004,31.46692657470703,128.3433380126953,7.999433994293213
170.0,16.875,22.865066528320312,27.007015228271484,31.44712257385254,128.25767517089844,7.999433994293213
171.0,16.875,22.930465698242188,26.626859664916992,31.42823028564453,128.1815948486328,7.999433994293213
172.0,16.875,23.030725479125977,26.244653701782227,31.399272918701172,128.07876586914062,7.999433994293213
173.0,16.875,23.140304565429688,25.85895538330078,31.36762046813965,127.97370147705078,7.999433994293213
174.0,16.875,23.236263275146484,25.469993591308594,31.339902877807617,127.8884506225586,7.999433994293213
175.0,16.875,23.356517791748047,25.076995849609375,31.305166244506836,127.78681945800781,7.999433994293213
176.0,16.875,23.507442474365234,24.678491592407227,31.26156997680664,127.66285705566406,7.999433994293213
177.0,16.875,23.7235050201416,24.2705078125,31.199161529541016,127.48387145996094,7.999433994293213
178.0,16.875,23.914846420288086,23.858118057250977,31.143892288208008,127.33590698242188,7.999433994293213
179.0,16.875,24.081300735473633,23.44272232055664,31.095809936523438,127.21916961669922,7.999433994293213
180.0,16.875,24.329307556152344,23.012426376342773,31.024171829223633,127.03262329101562,7.999433994293213
181.0,16.875,24.653675079345703,22.56406593322754,30.930477142333984,126.7818832397461,7.999433994293213
182.0,16.875,25.00071144104004,22.10247230529785,30.830236434936523,126.51844787597656,7.999433994293213
183.0,16.875,25.31964874267578,21.635526657104492,30.738109588623047,126.29056549072266,7.999433994293213
184.0,16.875,25.627254486083984,21.161605834960938,30.649253845214844,126.08251190185547,7.999433994293213
185.0,16.875,26.138473510742188,20.63698387145996,30.5015869140625,125.69349670410156,7.999433994293213
186.0,16.875,26.682104110717773,20.090099334716797,30.344558715820312,125.28543853759766,7.999433994293213
187.0,16.875,27.216434478759766,19.52958869934082,30.190216064453125,124.8978042602539,7.999433994293213
188.0,16.875,27.914443969726562,18.911954879760742,29.988590240478516,124.37129974365234,7.999433994293213
189.0,16.875,28.803421020507812,18.222164154052734,29.731807708740234,123.68354034423828,7.999433994293213
190.0,16.875,30.047855377197266,17.404067993164062,29.37234878540039,122.68766784667969,7.999433994293213
191.0,16.875,32.30449295043945,16.24183464050293,28.720508575439453,120.79353332519531,7.999433994293213
333.0,16.875,81.0366439819336,0.11519640684127808,14.64406967163086,223.24839782714844,7.999433994293213
334.0,16.875,80.97899627685547,1.4128066301345825,14.660711288452148,223.63743591308594,7.999433994293213
335.0,16.875,81.30219268798828,2.6063225269317627,14.567359924316406,224.3511505126953,7.999433994293213
336.0,16.875,83.17491149902344,3.395397186279297,14.026422500610352,226.4677276611328,7.999433994293213
337.0,16.875,86.25579071044922,3.9417543411254883,13.136495590209961,229.6933135986328,7.999433994293213
338.0,16.875,88.96646118164062,4.682931423187256,12.353515625,232.5791015625,7.999433994293213
339.0,16.875,90.82654571533203,5.708726406097412,11.81622314453125,234.67074584960938,7.999433994293213
340.0,16.875,92.10455322265625,6.921992301940918,11.447067260742188,236.20716857910156,7.999433994293213
341.0,16.875,93.30435180664062,8.197769165039062,11.100492477416992,237.6532745361328,7.999433994293213
342.0,16.875,94.39369201660156,9.537549018859863,10.785842895507812,238.97674560546875,7.999433994293213
343.0,16.875,95.4392318725586,10.925081253051758,10.48382568359375,240.2384490966797,7.999433994293213
344.0,16.875,96.2999496459961,12.37790298461914,10.235212326049805,241.30349731445312,7.999433994293213
345.0,16.875,96.83406829833984,13.904267311096191,10.080926895141602,242.03504943847656,7.999433994293213
346.0,16.875,97.14253234863281,15.476618766784668,9.991827011108398,242.52630615234375,7.999433994293213
347.0,16.875,97.34127044677734,17.07249641418457,9.934417724609375,242.8860321044922,7.999433994293213
348.0,16.875,97.5703353881836,18.675430297851562,9.868253707885742,243.2470703125,7.999433994293213
349.0,16.875,98.67547607421875,20.23668670654297,9.549030303955078,244.41751098632812,7.999433994293213
350.0,16.875,99.60424041748047,21.84400177001953,9.280752182006836,245.39279174804688,7.999433994293213
15.0,11.25,97.98544311523438,62.50819396972656,19.001325607299805,239.0567169189453,7.999433994293213
16.0,11.25,94.79127502441406,62.815555572509766,19.622339248657227,235.52899169921875,7.999433994293213
17.0,11.25,92.36851501464844,63.3226203918457,20.093374252319336,232.70816040039062,7.999433994293213
18.0,11.25,90.56607055664062,64.0027084350586,20.443809509277344,230.44644165039062,7.999433994293213
19.0,11.25,89.00732421875,64.72134399414062,20.74686050415039,228.4009552001953,7.999433994293213
20.0,11.25,87.60742950439453,65.45179748535156,21.019031524658203,226.4937286376953,7.999433994293213
21.0,11.25,86.29204559326172,66.1669692993164,21.274768829345703,224.658203125,7.999433994293213
22.0,11.25,85.04643249511719,66.86373138427734,21.516942977905273,222.88101196289062,7.999433994293213
23.0,11.25,83.91254425048828,67.56616973876953,21.737394332885742,221.19715881347656,7.999433994293213
24.0,11.25,82.81349182128906,68.24017333984375,21.95107650756836,219.54043579101562,7.999433994293213
25.0,11.25,81.71884155273438,68.8714828491211,22.163898468017578,217.88577270507812,7.999433994293213
26.0,11.25,80.65757751464844,69.47603607177734,22.370227813720703,216.25787353515625,7.999433994293213
27.0,11.25,79.70238494873047,70.09561920166016,22.555938720703125,214.71572875976562,7.999433994293213
28.0,11.25,78.76241302490234,70.68338775634766,22.738693237304688,213.18450927734375,7.999433994293213
29.0,11.25,77.92578125,71.29129791259766,22.901351928710938,211.73440551757812,7.999433994293213
30.0,11.25,77.10888671875,71.87407684326172,23.06017303466797,210.29786682128906,7.999433994293213
31.0,11.25,76.33467102050781,72.44657897949219,23.210697174072266,208.892822265625,7.999433994293213
32.0,11.25,75.70787811279297,73.07572937011719,23.332557678222656,207.59820556640625,7.999433994293213
33.0,11.25,75.116943359375,73.69671630859375,23.447444915771484,206.3264923095703,7.999433994293213
34.0,11.25,74.59950256347656,74.33528900146484,23.548049926757812,205.1049346923828,7.999433994293213
35.0,11.25,74.2100830078125,75.03038024902344,23.623760223388672,203.97119140625,7.999433994293213
36.0,11.25,73.89492797851562,75.75062561035156,23.685035705566406,202.88304138183594,7.999433994293213
37.0,11.25,73.61991882324219,76.47539520263672,23.73849868774414,201.8144073486328,7.999433994293213
38.0,11.25,73.45936584472656,77.2578353881836,23.769718170166016,200.8155975341797,7.999433994293213
39.0,11.25,73.41161346435547,78.100830078125,23.778995513916016,199.88168334960938,7.999433994293213
40.0,11.25,73.48945617675781,79.01734161376953,23.763866424560547,199.01736450195312,7.999433994293213
41.0,11.25,73.70548248291016,80.02074432373047,23.721866607666016,198.2263641357422,7.999433994293213
42.0,11.25,74.05903625488281,81.11488342285156,23.65312957763672,197.50315856933594,7.999433994293213
43.0,11.25,74.59744262695312,82.33965301513672,23.54844856262207,196.8721923828125,7.999433994293213
44.0,11.25,75.37507629394531,83.74215698242188,23.397262573242188,196.35955810546875,7.999433994293213
45.0,11.25,76.4450454711914,85.37063598632812,23.18923568725586,195.98739624023438,7.999433994293213
46.0,11.25,78.38025665283203,87.68389129638672,22.812990188598633,196.07957458496094,7.999433994293213
129.0,11.25,39.00828170776367,52.48101043701172,30.467737197875977,122.46524810791016,7.999433994293213
130.0,11.25,36.81951141357422,50.538082122802734,30.893281936645508,123.58580017089844,7.999433994293213
131.0,11.25,35.25141143798828,49.04782485961914,31.19815444946289,124.31073760986328,7.999433994293213
132.0,11.25,34.03961944580078,47.818572998046875,31.43375015258789,124.81429290771484,7.999433994293213
133.0,11.25,32.95212173461914,46.6920280456543,31.645183563232422,125.25881958007812,7.999433994293213
134.0,11.25,32.06140899658203,45.70854568481445,31.818355560302734,125.58406829833984,7.999433994293213
135.0,11.25,31.292526245117188,44.815948486328125,31.967845916748047,125.84130859375,7.999433994293213
136.0,11.25,30.44537353515625,43.892581939697266,32.13254928588867,126.18360900878906,7.999433994293213
137.0,11.25,29.907276153564453,43.16394805908203,32.23716735839844,126.30435180664062,7.999433994293213
138.0,11.25,29.331256866455078,42.42389678955078,32.34915542602539,126.47369384765625,7.999433994293213
139.0,11.25,28.749046325683594,41.69168472290039,32.46234893798828,126.66651916503906,7.999433994293213
140.0,11.25,28.348201751708984,41.06742858886719,32.540283203125,126.72785186767578,7.999433994293213
141.0,11.25,27.865081787109375,40.407711029052734,32.634212493896484,126.87238311767578,7.999433994293213
142.0,11.25,27.450149536132812,39.79185485839844,32.714881896972656,126.97518157958984,7.999433994293213
143.0,11.25,27.1130313873291,39.22184371948242,32.780426025390625,127.02599334716797,7.999433994293213
144.0,11.25,26.714801788330078,38.62905502319336,32.857852935791016,127.14213562011719,7.999433994293213
145.0,11.25,26.4017333984375,38.083229064941406,32.91872024536133,127.19786834716797,7.999433994293213
146.0,11.25,26.04165267944336,37.52250671386719,32.98872375488281,127.30677032470703,7.999433994293213
147.0,11.25,25.725147247314453,36.987831115722656,33.05025863647461,127.38964080810547,7.999433994293213
148.0,11.25,25.47479248046875,36.48670959472656,33.09893798828125,127.4251937866211,7.999433994293213
149.0,11.25,25.288835525512695,36.01559066772461,33.13508987426758,127.41340637207031,7.999433994293213
150.0,11.25,25.00865936279297,35.51158905029297,33.1895637512207,127.49635314941406,7.999433994293213
151.0,11.25,24.782241821289062,35.03305435180664,33.23358154296875,127.54090118408203,7.999433994293213
152.0,11.25,24.56222915649414,34.56121063232422,33.2763557434082,127.58932495117188,7.999433994293213
153.0,11.25,24.3481502532959,34.09577560424805,33.31797790527344,127.64179229736328,7.999433994293213
154.0,11.25,24.15904998779297,33.64264678955078,33.35474395751953,127.68037414550781,7.999433994293213
155.0,11.25,23.99073028564453,33.19953536987305,33.38746643066406,127.70845031738281,7.999433994293213
156.0,11.25,23.8642520904541,32.77153015136719,33.41205596923828,127.70579528808594,7.999433994293213
157.0,11.25,23.797840118408203,32.361568450927734,33.42497253417969,127.65449523925781,7.999433994293213
158.0,11.25,23.684276580810547,31.94013786315918,33.44704818725586,127.6553955078125,7.999433994293213
159.0,11.25,23.549938201904297,31.515832901000977,33.473167419433594,127.68392181396484,7.999433994293213
160.0,11.25,23.49081039428711,31.110567092895508,33.48466110229492,127.64840698242188,7.999433994293213
161.0,11.25,23.424617767333984,30.704317092895508,33.49753189086914,127.62696838378906,7.999433994293213
162.0,11.25,23.363706588745117,30.299833297729492,33.509376525878906,127.60775756835938,7.999433994293213
163.0,11.25,23.35512924194336,29.904756546020508,33.511043548583984,127.5451889038086,7.999433994293213
164.0,11.25,23.34716796875,29.508880615234375,33.51258850097656,127.48895263671875,7.999433994293213
165.0,11.25,23.33017349243164,29.11103630065918,33.51589584350586,127.44843292236328,7.999433994293213
166.0,11.25,23.300302505493164,28.71135139465332,33.52170181274414,127.42744445800781,7.999433994293213
167.0,11.25,23.308067321777344,28.31554412841797,33.52019119262695,127.37675476074219,7.999433994293213
168.0,11.25,23.366464614868164,27.922847747802734,33.50883865356445,127.2834701538086,7.999433994293213
169.0,11.25,23.421405792236328,27.527374267578125,33.4981575012207,127.20036315917969,7.999433994293213
170.0,11.25,23.483224868774414,27.1298885345459,33.48613739013672,127.11737823486328,7.999433994293213
171.0,11.25,23.578828811645508,26.730939865112305,33.46754837036133,127.0081787109375,7.999433994293213
172.0,11.25,23.68407440185547,26.328628540039062,33.44709014892578,126.8964614868164,7.999433994293213
173.0,11.25,23.773160934448242,25.922704696655273,33.429771423339844,126.80763244628906,7.999433994293213
174.0,11.25,23.93850326538086,25.512081146240234,33.397621154785156,126.65113830566406,7.999433994293213
175.0,11.25,24.145414352416992,25.094327926635742,33.35739517211914,126.461181640625,7.999433994293213
176.0,11.25,24.340679168701172,24.670433044433594,33.31943130493164,126.29012298583984,7.999433994293213
177.0,11.25,24.545530319213867,24.239585876464844,33.27960205078125,126.1173324584961,7.999433994293213
178.0,11.25,24.81786346435547,23.79617691040039,33.226654052734375,125.88646697998047,7.999433994293213
179.0,11.25,25.13446044921875,23.33941078186035,33.16510009765625,125.62068939208984,7.999433994293213
180.0,11.25,25.4111328125,22.87766456604004,33.11131286621094,125.40241241455078,7.999433994293213
181.0,11.25,25.75791358947754,22.397567749023438,33.04389190673828,125.12481689453125,7.999433994293213
182.0,11.25,26.204801559448242,21.890972137451172,32.957008361816406,124.7596435546875,7.999433994293213
183.0,11.25,26.69390296936035,21.36313247680664,32.861915588378906,124.36392974853516,7.999433994293213
184.0,11.25,27.251235961914062,20.807140350341797,32.75355911254883,123.91342163085938,7.999433994293213
185.0,11.25,28.023115158081055,20.1892032623291,32.603485107421875,123.26901245117188,7.999433994293213
186.0,11.25,28.837421417236328,19.53766441345215,32.445167541503906,122.59790802001953,7.999433994293213
187.0,11.25,30.358558654785156,18.68977165222168,32.14942932128906,121.26972961425781,7.999433994293213
188.0,11.25,32.06874084472656,17.744718551635742,31.816930770874023,119.78433227539062,7.999433994293213
336.0,11.25,92.03145599365234,0.09513571858406067,20.15890884399414,236.59266662597656,7.999433994293213
337.0,11.25,93.0221939086914,1.3450696468353271,19.966285705566406,237.96791076660156,7.999433994293213
338.0,11.25,95.67496490478516,2.221360683441162,19.45053482055664,240.90249633789062,7.999433994293213
339.0,11.25,98.7842788696289,3.0866594314575195,18.84601593017578,244.26756286621094,7.999433994293213
133.0,5.625,38.324615478515625,50.46143341064453,34.2914924621582,120.8287124633789,7.999433994293213
134.0,5.625,35.78630065917969,48.36323165893555,34.54054260253906,122.37542724609375,7.999433994293213
135.0,5.625,34.30747985839844,46.97330856323242,34.685638427734375,123.15282440185547,7.999433994293213
136.0,5.625,33.11547088623047,45.78860855102539,34.80259704589844,123.74140930175781,7.999433994293213
137.0,5.625,32.19203567504883,44.78742218017578,34.8931999206543,124.14608001708984,7.999433994293213
138.0,5.625,31.335289001464844,43.84443283081055,34.97726058959961,124.52294921875,7.999433994293213
139.0,5.625,30.647964477539062,43.01426315307617,35.044700622558594,124.78450775146484,7.999433994293213
140.0,5.625,30.02556610107422,42.23377990722656,35.10576629638672,125.01277160644531,7.999433994293213
141.0,5.625,29.415855407714844,41.47319030761719,35.16558837890625,125.24966430664062,7.999433994293213
142.0,5.625,28.874595642089844,40.76078796386719,35.21869659423828,125.44679260253906,7.999433994293213
143.0,5.625,28.414043426513672,40.0999755859375,35.263885498046875,125.59137725830078,7.999433994293213
144.0,5.625,28.01370620727539,39.47764205932617,35.303165435791016,125.69888305664062,7.999433994293213
145.0,5.625,27.609224319458008,38.861480712890625,35.34284973144531,125.82418060302734,7.999433994293213
146.0,5.625,27.220420837402344,38.2608757019043,35.38099670410156,125.94950866699219,7.999433994293213
147.0,5.625,26.836933135986328,37.670902252197266,35.41862487792969,126.08352661132812,7.999433994293213
148.0,5.625,26.556758880615234,37.13252258300781,35.44611358642578,126.13734436035156,7.999433994293213
149.0,5.625,26.266571044921875,36.595577239990234,35.474586486816406,126.211669921875,7.999433994293213
150.0,5.625,26.00754165649414,36.07666015625,35.500003814697266,126.26876831054688,7.999433994293213
151.0,5.625,25.72637939453125,35.55479431152344,35.527587890625,126.35707092285156,7.999433994293213
152.0,5.625,25.547639846801758,35.0753173828125,35.54512405395508,126.3609619140625,7.999433994293213
153.0,5.625,25.263134002685547,34.5632209777832,35.57304000854492,126.47332763671875,7.999433994293213
154.0,5.625,25.08502960205078,34.09196090698242,35.59051513671875,126.49600982666016,7.999433994293213
155.0,5.625,24.893199920654297,33.61993408203125,35.609336853027344,126.5408935546875,7.999433994293213
156.0,5.625,24.75210189819336,33.16653823852539,35.6231803894043,126.54666900634766,7.999433994293213
157.0,5.625,24.666189193725586,32.73063278198242,35.63161087036133,126.5082015991211,7.999433994293213
158.0,5.625,24.505870819091797,32.276634216308594,35.6473388671875,126.54933166503906,7.999433994293213
159.0,5.625,24.4388484954834,31.848278045654297,35.65391540527344,126.50890350341797,7.999433994293213
160.0,5.625,24.37286949157715,31.42064666748047,35.66039276123047,126.47521209716797,7.999433994293213
161.0,5.625,24.284561157226562,30.98906135559082,35.6690559387207,126.47098541259766,7.999433994293213
162.0,5.625,24.22412109375,30.564176559448242,35.67498779296875,126.44734954833984,7.999433994293213
163.0,5.625,24.197423934936523,30.145700454711914,35.67760467529297,126.39823150634766,7.999433994293213
164.0,5.625,24.18879508972168,29.72963523864746,35.67845153808594,126.33872985839844,7.999433994293213
165.0,5.625,24.18398094177246,29.313268661499023,35.678924560546875,126.28276062011719,7.999433994293213
166.0,5.625,24.196529388427734,28.898109436035156,35.67769241333008,126.2169189453125,7.999433994293213
167.0,5.625,24.216907501220703,28.482444763183594,35.67569351196289,126.15055847167969,7.999433994293213
168.0,5.625,24.234146118164062,28.065061569213867,35.67400360107422,126.09454345703125,7.999433994293213
169.0,5.625,24.387584686279297,27.655479431152344,35.6589469909668,125.91055297851562,7.999433994293213
170.0,5.625,24.489879608154297,27.237592697143555,35.64891052246094,125.784423828125,7.999433994293213
171.0,5.625,24.597963333129883,26.815969467163086,35.6383056640625,125.65977478027344,7.999433994293213
172.0,5.625,24.71494483947754,26.39048957824707,35.626827239990234,125.53360748291016,7.999433994293213
173.0,5.625,24.899944305419922,25.960609436035156,35.60867691040039,125.34718322753906,7.999433994293213
174.0,5.625,25.0496883392334,25.525062561035156,35.5939826965332,125.20340728759766,7.999433994293213
175.0,5.625,25.252002716064453,25.082473754882812,35.574134826660156,125.01505279541016,7.999433994293213
176.0,5.625,25.616436004638672,24.624170303344727,35.53837585449219,124.67353057861328,7.999433994293213
177.0,5.625,25.809354782104492,24.1661376953125,35.519447326660156,124.51069641113281,7.999433994293213
178.0,5.625,26.145092010498047,23.68912696838379,35.486507415771484,124.21460723876953,7.999433994293213
179.0,5.625,26.549535751342773,23.1938533782959,35.44682312011719,123.85948944091797,7.999433994293213
180.0,5.625,26.967823028564453,22.68375015258789,35.405784606933594,123.5002212524414,7.999433994293213
181.0,5.625,27.57666778564453,22.13324546813965,35.346046447753906,122.96318054199219,7.999433994293213
182.0,5.625,28.143396377563477,21.569690704345703,35.29043960571289,122.47879791259766,7.999433994293213
183.0,5.625,29.093921661376953,20.920480728149414,35.19717788696289,121.63006591796875,7.999433994293213
184.0,5.625,29.991727828979492,20.250526428222656,35.10908508300781,120.84732055664062,7.999433994293213
185.0,5.625,32.21030807495117,19.27417755126953,34.89140701293945,118.79478454589844,7.999433994293213
136.0,0.0,38.66380310058594,49.22747802734375,38.018245697021484,119.18541717529297,7.999433994293213
137.0,0.0,36.11210632324219,47.18970489501953,38.02045822143555,120.85393524169922,7.999433994293213
138.0,0.0,34.57825469970703,45.79924774169922,38.02178955078125,121.74818420410156,7.999433994293213
139.0,0.0,33.26266098022461,44.56825637817383,38.02293014526367,122.50038146972656,7.999433994293213
140.0,0.0,32.37255096435547,43.60053634643555,38.023704528808594,122.92910766601562,7.999433994293213
141.0,0.0,31.63825035095215,42.73577117919922,38.02433776855469,123.2506103515625,7.999433994293213
142.0,0.0,30.9122314453125,41.891937255859375,38.02497100830078,123.58670806884766,7.999433994293213
143.0,0.0,30.24515151977539,41.094364166259766,38.02554702758789,123.89276123046875,7.999433994293213
144.0,0.0,29.7384090423584,40.3897590637207,38.02598571777344,124.07794952392578,7.999433994293213
145.0,0.0,29.24897003173828,39.70436096191406,38.02641296386719,124.2643051147461,7.999433994293213
146.0,0.0,28.71224021911621,39.008544921875,38.026878356933594,124.50871276855469,7.999433994293213
147.0,0.0,28.383621215820312,38.41621398925781,38.02716064453125,124.58208465576172,7.999433994293213
148.0,0.0,27.912771224975586,37.770687103271484,38.02756881713867,124.79730987548828,7.999433994293213
149.0,0.0,27.598413467407227,37.19975662231445,38.0278434753418,124.88401794433594,7.999433994293213
150.0,0.0,27.30527114868164,36.64371109008789,38.028099060058594,124.96330261230469,7.999433994293213
151.0,0.0,27.043609619140625,36.10556411743164,38.028324127197266,125.0250015258789,7.999433994293213
152.0,0.0,26.731298446655273,35.55481719970703,38.028594970703125,125.14508056640625,7.999433994293213
153.0,0.0,26.496301651000977,35.03760528564453,38.0287971496582,125.20392608642578,7.999433994293213
154.0,0.0,26.33692169189453,34.5497932434082,38.02893829345703,125.20158386230469,7.999433994293213
155.0,0.0,26.09551239013672,34.039512634277344,38.02914810180664,125.28671264648438,7.999433994293213
156.0,0.0,25.943988800048828,33.56086730957031,38.02927780151367,125.29595947265625,7.999433994293213
157.0,0.0,25.817398071289062,33.09180450439453,38.029388427734375,125.29032135009766,7.999433994293213
158.0,0.0,25.67137908935547,32.619869232177734,38.02951431274414,125.3122329711914,7.999433994293213
159.0,0.0,25.517208099365234,32.14889907836914,38.02964782714844,125.35092163085938,7.999433994293213
160.0,0.0,25.46975326538086,31.705020904541016,38.02968978881836,125.29440307617188,7.999433994293213
161.0,0.0,25.408979415893555,31.25829315185547,38.02974319458008,125.25885009765625,7.999433994293213
162.0,0.0,25.35668182373047,30.813655853271484,38.029788970947266,125.22298431396484,7.999433994293213
163.0,0.0,25.322999954223633,30.372543334960938,38.029815673828125,125.17670440673828,7.999433994293213
164.0,0.0,25.331016540527344,29.937671661376953,38.029808044433594,125.0970230102539,7.999433994293213
165.0,0.0,25.341495513916016,29.50168228149414,38.02980041503906,125.0224838256836,7.999433994293213
166.0,0.0,25.367780685424805,29.066150665283203,38.02977752685547,124.93984985351562,7.999433994293213
167.0,0.0,25.375024795532227,28.62685775756836,38.02976989746094,124.88372039794922,7.999433994293213
168.0,0.0,25.495176315307617,28.19605255126953,38.029666900634766,124.72274780273438,7.999433994293213
169.0,0.0,25.612545013427734,27.76023292541504,38.029563903808594,124.57193756103516,7.999433994293213
170.0,0.0,25.724348068237305,27.319528579711914,38.02946853637695,124.43419647216797,7.999433994293213
171.0,0.0,25.85487937927246,26.875133514404297,38.029354095458984,124.28536987304688,7.999433994293213
172.0,0.0,26.142436981201172,26.428247451782227,38.02910614013672,123.98725891113281,7.999433994293213
173.0,0.0,26.317794799804688,25.97150993347168,38.028953552246094,123.80915832519531,7.999433994293213
174.0,0.0,26.515369415283203,25.508230209350586,38.02878189086914,123.61688232421875,7.999433994293213
175.0,0.0,26.812820434570312,25.034461975097656,38.02852249145508,123.33301544189453,7.999433994293213
176.0,0.0,27.168630599975586,24.547409057617188,38.02821731567383,122.99942779541016,7.999433994293213
177.0,0.0,27.515871047973633,24.049036026000977,38.027915954589844,122.68333435058594,7.999433994293213
178.0,0.0,28.055891036987305,23.5218505859375,38.02744674682617,122.18447875976562,7.999433994293213
179.0,0.0,28.815200805664062,22.953155517578125,38.02678680419922,121.4778060913086,7.999433994293213
180.0,0.0,29.484962463378906,22.370195388793945,38.026206970214844,120.87155151367188,7.999433994293213
181.0,0.0,30.465429306030273,21.721086502075195,38.02535629272461,119.96955871582031,7.999433994293213
182.0,0.0,32.1723518371582,20.923826217651367,38.02387619018555,118.3644027709961,7.999433994293213
139.0,-5.625,38.598106384277344,47.420928955078125,41.772274017333984,118.20570373535156,7.999433994293213
140.0,-5.625,36.267921447753906,45.60381317138672,41.547664642333984,119.78679656982422,7.999433994293213
141.0,-5.625,34.70928192138672,44.25357437133789,41.39742660522461,120.76839447021484,7.999433994293213
142.0,-5.625,33.84809112548828,43.29937744140625,41.314414978027344,121.19125366210938,7.999433994293213
143.0,-5.625,32.736839294433594,42.24188232421875,41.20730209350586,121.85420989990234,7.999433994293213
144.0,-5.625,32.06549072265625,41.4239616394043,41.1425895690918,122.16131591796875,7.999433994293213
145.0,-5.625,31.47159194946289,40.65776443481445,41.08534240722656,122.41999816894531,7.999433994293213
146.0,-5.625,30.839815139770508,39.88835525512695,41.024444580078125,122.73039245605469,7.999433994293213
147.0,-5.625,30.275426864624023,39.16352462768555,40.97004318237305,122.99864959716797,7.999433994293213
148.0,-5.625,29.900238037109375,38.531368255615234,40.93387985229492,123.1127700805664,7.999433994293213
149.0,-5.625,29.441404342651367,37.873626708984375,40.889652252197266,123.31675720214844,7.999433994293213
150.0,-5.625,29.10074234008789,37.2724723815918,40.856815338134766,123.42692565917969,7.999433994293213
151.0,-5.625,28.807456970214844,36.69632339477539,40.82854461669922,123.50603485107422,7.999433994293213
152.0,-5.625,28.4871826171875,36.116851806640625,40.79767608642578,123.62215423583984,7.999433994293213
153.0,-5.625,28.178600311279297,35.54865646362305,40.76792907714844,123.73934936523438,7.999433994293213
154.0,-5.625,27.885988235473633,34.992767333984375,40.73972702026367,123.85316467285156,7.999433994293213
155.0,-5.625,27.670013427734375,34.46711349487305,40.71890640258789,123.9056396484375,7.999433994293213
156.0,-5.625,27.510894775390625,33.962398529052734,40.70356750488281,123.91422271728516,7.999433994293213
157.0,-5.625,27.370681762695312,33.4656982421875,40.69005584716797,123.9142837524414,7.999433994293213
158.0,-5.625,27.197616577148438,32.96306228637695,40.673370361328125,123.95526885986328,7.999433994293213
159.0,-5.625,27.066011428833008,32.47398376464844,40.66068649291992,123.96569061279297,7.999433994293213
160.0,-5.625,27.00424575805664,32.0027961730957,40.65473175048828,123.91738891601562,7.999433994293213
161.0,-5.625,26.940872192382812,31.53155517578125,40.648624420166016,123.87911224365234,7.999433994293213
162.0,-5.625,26.872346878051758,31.05984115600586,40.64201736450195,123.85431671142578,7.999433994293213
163.0,-5.625,26.83719253540039,30.594600677490234,40.63862991333008,123.80524444580078,7.999433994293213
164.0,-5.625,26.83046531677246,30.13350486755371,40.63798141479492,123.73643493652344,7.999433994293213
165.0,-5.625,26.87546157836914,29.678394317626953,40.64231872558594,123.62469482421875,7.999433994293213
166.0,-5.625,26.982519149780273,29.227947235107422,40.65263748168945,123.45948028564453,7.999433994293213
167.0,-5.625,27.038799285888672,28.767724990844727,40.65806198120117,123.35222625732422,7.999433994293213
168.0,-5.625,27.0887508392334,28.3041934967041,40.662879943847656,123.25920867919922,7.999433994293213
169.0,-5.625,27.191890716552734,27.84177017211914,40.672821044921875,123.12140655517578,7.999433994293213
170.0,-5.625,27.37653160095215,27.379199981689453,40.690616607666016,122.91056823730469,7.999433994293213
171.0,-5.625,27.69484519958496,26.91401481628418,40.7213020324707,122.57472229003906,7.999433994293213
172.0,-5.625,27.88441276550293,26.435701370239258,40.73957443237305,122.37505340576172,7.999433994293213
173.0,-5.625,28.202850341796875,25.950254440307617,40.770267486572266,122.05547332763672,7.999433994293213
174.0,-5.625,28.65734100341797,25.45096778869629,40.8140754699707,121.60909271240234,7.999433994293213
175.0,-5.625,29.131685256958008,24.935319900512695,40.859798431396484,121.1519775390625,7.999433994293213
176.0,-5.625,29.62216567993164,24.40264129638672,40.90707778930664,120.68828582763672,7.999433994293213
177.0,-5.625,30.260509490966797,23.842702865600586,40.96860885620117,120.08772277832031,7.999433994293213
178.0,-5.625,31.247203826904297,23.229948043823242,41.06371307373047,119.15262603759766,7.999433994293213
179.0,-5.625,32.669921875,22.537126541137695,41.20085144042969,117.79859924316406,7.999433994293213
180.0,-5.625,35.47920608520508,21.623504638671875,41.471641540527344,115.09049224853516,7.999433994293213
142.0,-11.25,38.75847625732422,45.4638557434082,45.52131652832031,117.42732238769531,7.999433994293213
143.0,-11.25,36.80802917480469,43.94176483154297,45.145423889160156,118.75570678710938,7.999433994293213
144.0,-11.25,35.54285430908203,42.79522705078125,44.90160369873047,119.53697967529297,7.999433994293213
145.0,-11.25,34.421531677246094,41.74723434448242,44.68550109863281,120.22341918945312,7.999433994293213
146.0,-11.25,33.70899963378906,40.90872573852539,44.548179626464844,120.57848358154297,7.999433994293213
147.0,-11.25,32.979408264160156,40.080230712890625,44.40757369995117,120.96859741210938,7.999433994293213
148.0,-11.25,32.36859893798828,39.31869888305664,44.289859771728516,121.27255249023438,7.999433994293213
149.0,-11.25,31.858381271362305,38.61180114746094,44.1915283203125,121.50365447998047,7.999433994293213
150.0,-11.25,31.383071899414062,37.93030548095703,44.09992599487305,121.71891021728516,7.999433994293213
151.0,-11.25,30.98469352722168,37.28813171386719,44.02315139770508,121.87896728515625,7.999433994293213
152.0,-11.25,30.616107940673828,36.66554260253906,43.952117919921875,122.02532958984375,7.999433994293213
153.0,-11.25,30.280467987060547,36.06243133544922,43.88743591308594,122.15428161621094,7.999433994293213
154.0,-11.25,30.0216007232666,35.491241455078125,43.83754348754883,122.22427368164062,7.999433994293213
155.0,-11.25,29.821157455444336,34.94301986694336,43.79891586303711,122.2509994506836,7.999433994293213
156.0,-11.25,29.539976119995117,34.37584686279297,43.744728088378906,122.36418151855469,7.999433994293213
157.0,-11.25,29.319116592407227,33.831382751464844,43.7021598815918,122.43161010742188,7.999433994293213
158.0,-11.25,29.15586280822754,33.306182861328125,43.67070007324219,122.45484924316406,7.999433994293213
159.0,-11.25,29.058969497680664,32.79960250854492,43.65202713012695,122.42467498779297,7.999433994293213
160.0,-11.25,28.99072265625,32.30037307739258,43.63887405395508,122.37630462646484,7.999433994293213
161.0,-11.25,28.919910430908203,31.801002502441406,43.62522888183594,122.33936309814453,7.999433994293213
162.0,-11.25,28.885557174682617,31.30890655517578,43.61860656738281,122.27622985839844,7.999433994293213
163.0,-11.25,28.870752334594727,30.81960105895996,43.615753173828125,122.20288848876953,7.999433994293213
164.0,-11.25,28.857200622558594,30.329517364501953,43.61314392089844,122.13692474365234,7.999433994293213
165.0,-11.25,28.966405868530273,29.854745864868164,43.63418960571289,121.96018981933594,7.999433994293213
166.0,-11.25,28.990766525268555,29.365375518798828,43.638885498046875,121.87421417236328,7.999433994293213
167.0,-11.25,29.14889144897461,28.887224197387695,43.66935729980469,121.66614532470703,7.999433994293213
168.0,-11.25,29.359094619750977,28.40700340270996,43.70986557006836,121.41527557373047,7.999433994293213
169.0,-11.25,29.602909088134766,27.921030044555664,43.75685501098633,121.1396484375,7.999433994293213
170.0,-11.25,29.863262176513672,27.42691421508789,43.807029724121094,120.8561019897461,7.999433994293213
171.0,-11.25,30.173805236816406,26.924930572509766,43.866878509521484,120.53182220458984,7.999433994293213
172.0,-11.25,30.65213394165039,26.414081573486328,43.95906066894531,120.0516128540039,7.999433994293213
173.0,-11.25,31.102598190307617,25.886873245239258,44.045875549316406,119.60770416259766,7.999433994293213
174.0,-11.25,31.86786460876465,25.33732032775879,44.193355560302734,118.86434936523438,7.999433994293213
175.0,-11.25,32.683311462402344,24.759807586669922,44.35050964355469,118.0819091796875,7.999433994293213
176.0,-11.25,33.93875503540039,24.129968643188477,44.59245681762695,116.87931060791016,7.999433994293213
177.0,-11.25,36.022056579589844,23.3969783782959,44.993953704833984,114.87925720214844,7.999433994293213
144.0,-16.875,42.671382904052734,45.56371307373047,50.30672836303711,114.21573638916016,7.999433994293213
145.0,-16.875,39.595436096191406,43.572269439697266,49.423336029052734,116.49332427978516,7.999433994293213
146.0,-16.875,37.857757568359375,42.23921585083008,48.924285888671875,117.6817626953125,7.999433994293213
147.0,-16.875,36.761962890625,41.218162536621094,48.609580993652344,118.35120391845703,7.999433994293213
148.0,-16.875,35.85464859008789,40.30050277709961,48.349002838134766,118.88186645507812,7.999433994293213
149.0,-16.875,35.14255142211914,39.48073959350586,48.14449691772461,119.26319122314453,7.999433994293213
150.0,-16.875,34.48283386230469,38.697940826416016,47.95502853393555,119.61708068847656,7.999433994293213
151.0,-16.875,34.00603103637695,37.99594497680664,47.818092346191406,119.82572174072266,7.999433994293213
152.0,-16.875,33.58699035644531,37.32455062866211,47.697750091552734,119.99763488769531,7.999433994293213
153.0,-16.875,33.18146514892578,36.66716766357422,47.58128356933594,120.17143249511719,7.999433994293213
154.0,-16.875,32.76645278930664,36.01642990112305,47.46209716796875,120.36750030517578,7.999433994293213
155.0,-16.875,32.459957122802734,35.407127380371094,47.37407302856445,120.4779281616211,7.999433994293213
156.0,-16.875,32.30767059326172,34.84674835205078,47.33033752441406,120.4588623046875,7.999433994293213
157.0,-16.875,32.04273986816406,34.25970458984375,47.25425338745117,120.55424499511719,7.999433994293213
158.0,-16.875,31.899099349975586,33.70782470703125,47.21299743652344,120.54853820800781,7.999433994293213
159.0,-16.875,31.720487594604492,33.150421142578125,47.16169738769531,120.58561706542969,7.999433994293213
160.0,-16.875,31.59874725341797,32.608482360839844,47.126739501953125,120.57991027832031,7.999433994293213
161.0,-16.875,31.57488441467285,32.08724594116211,47.1198844909668,120.49222564697266,7.999433994293213
162.0,-16.875,31.60576057434082,31.574533462524414,47.128753662109375,120.36217498779297,7.999433994293213
163.0,-16.875,31.61719512939453,31.056041717529297,47.13203430175781,120.25936889648438,7.999433994293213
164.0,-16.875,31.695262908935547,30.54510498046875,47.154457092285156,120.10247802734375,7.999433994293213
165.0,-16.875,31.782772064208984,30.031404495239258,47.179588317871094,119.94538116455078,7.999433994293213
166.0,-16.875,31.973295211791992,29.524803161621094,47.23430633544922,119.69905853271484,7.999433994293213
167.0,-16.875,32.20463562011719,29.01458168029785,47.30074691772461,119.42236328125,7.999433994293213
168.0,-16.875,32.530155181884766,28.50286865234375,47.394229888916016,119.06434631347656,7.999433994293213
169.0,-16.875,32.89446258544922,27.981857299804688,47.49885940551758,118.67784881591797,7.999433994293213
170.0,-16.875,33.32269287109375,27.450796127319336,47.62184524536133,118.239013671875,7.999433994293213
171.0,-16.875,33.864070892333984,26.907880783081055,47.77732467651367,117.70091247558594,7.999433994293213
172.0,-16.875,34.82701873779297,26.3503360748291,48.05387878417969,116.76841735839844,7.999433994293213
173.0,-16.875,36.12788009643555,25.757829666137695,48.42747497558594,115.5221176147461,7.999433994293213
174.0,-16.875,38.14488983154297,25.10430145263672,49.00674819946289,113.60096740722656,7.999433994293213
147.0,-22.5,44.567527770996094,43.64594650268555,54.9384765625,112.82747650146484,7.999433994293213
148.0,-22.5,41.59166717529297,41.860572814941406,53.810916900634766,115.03663635253906,7.999433994293213
149.0,-22.5,40.20027542114258,40.7371711730957,53.283721923828125,115.9488754272461,7.999433994293213
150.0,-22.5,39.12812805175781,39.76252365112305,52.87748336791992,116.6158676147461,7.999433994293213
151.0,-22.5,38.33616638183594,38.90977478027344,52.57740783691406,117.06454467773438,7.999433994293213
152.0,-22.5,37.62220001220703,38.10195541381836,52.306884765625,117.46485900878906,7.999433994293213
153.0,-22.5,37.09272766113281,37.36843490600586,52.106266021728516,117.72193908691406,7.999433994293213
154.0,-22.5,36.62824630737305,36.666446685791016,51.93027114868164,117.93740844726562,7.999433994293213
155.0,-22.5,36.23283386230469,35.99444580078125,51.78044891357422,118.10635375976562,7.999433994293213
156.0,-22.5,35.900177001953125,35.347869873046875,51.65440368652344,118.23308563232422,7.999433994293213
157.0,-22.5,35.7611083984375,34.755950927734375,51.601715087890625,118.19971466064453,7.999433994293213
158.0,-22.5,35.51275634765625,34.14079284667969,51.50761032104492,118.27526092529297,7.999433994293213
159.0,-22.5,35.34428787231445,33.54789352416992,51.44377899169922,118.29053497314453,7.999433994293213
160.0,-22.5,35.306488037109375,32.98370361328125,51.4294548034668,118.19859313964844,7.999433994293213
161.0,-22.5,35.26035690307617,32.417076110839844,51.41197967529297,118.12419128417969,7.999433994293213
162.0,-22.5,35.32312774658203,31.867937088012695,51.435760498046875,117.96066284179688,7.999433994293213
163.0,-22.5,35.35252380371094,31.310056686401367,51.4468994140625,117.8370590209961,7.999433994293213
164.0,-22.5,35.509212493896484,30.766559600830078,51.50627136230469,117.60655212402344,7.999433994293213
165.0,-22.5,35.799285888671875,30.232229232788086,51.61617660522461,117.26277923583984,7.999433994293213
166.0,-22.5,36.16288757324219,29.694744110107422,51.75395202636719,116.86019134521484,7.999433994293213
167.0,-22.5,36.61026382446289,29.151592254638672,51.923458099365234,116.3892593383789,7.999433994293213
168.0,-22.5,37.33198928833008,28.611976623535156,52.196922302246094,115.67407989501953,7.999433994293213
169.0,-22.5,38.34867858886719,28.063880920410156,52.58214569091797,114.69513702392578,7.999433994293213
170.0,-22.5,39.59434509277344,27.490751266479492,53.05413055419922,113.51338195800781,7.999433994293213
171.0,-22.5,41.945823669433594,26.899547576904297,53.945106506347656,111.31807708740234,7.999433994293213
