angle,vert_angle,dist,x,y,z,height
135.0,11.25,48.85542678833008,243.29371643066406,14.676591873168945,55.31781005859375,7.986636161804199
136.0,11.25,47.64907455444336,244.08218383789062,14.51301383972168,54.09187316894531,7.986636161804199
137.0,11.25,46.48952102661133,244.83128356933594,14.355785369873047,52.89979553222656,7.986636161804199
138.0,11.25,45.56309509277344,245.5582733154297,14.230165481567383,51.926490783691406,7.986636161804199
139.0,11.25,44.60788345336914,246.24940490722656,14.1006441116333,50.9137077331543,7.986636161804199
140.0,11.25,43.83973693847656,246.9278564453125,13.99648666381836,50.07487869262695,7.986636161804199
141.0,11.25,43.08821487426758,247.5806121826172,13.894580841064453,49.242313385009766,7.986636161804199
142.0,11.25,42.364112854003906,248.20994567871094,13.796398162841797,48.42719268798828,7.986636161804199
143.0,11.25,41.751075744628906,248.83108520507812,13.71327018737793,47.71167755126953,7.986636161804199
144.0,11.25,41.27641296386719,249.45458984375,13.648908615112305,47.122032165527344,7.986636161804199
145.0,11.25,40.991432189941406,250.0977020263672,13.61026668548584,46.70722198486328,7.986636161804199
146.0,11.25,40.484657287597656,250.68043518066406,13.541550636291504,46.067909240722656,7.986636161804199
147.0,11.25,40.3939094543457,251.34080505371094,13.529245376586914,45.821022033691406,7.986636161804199
148.0,11.25,40.100135803222656,251.94432067871094,13.489410400390625,45.36843490600586,7.986636161804199
149.0,11.25,40.310951232910156,252.66998291015625,13.517996788024902,45.388057708740234,7.986636161804199
150.0,11.25,40.073421478271484,253.2719268798828,13.485786437988281,44.96847152709961,7.986636161804199
151.0,11.25,40.27884292602539,253.9957733154297,13.513643264770508,44.957801818847656,7.986636161804199
152.0,11.25,40.660911560058594,254.7787322998047,13.565447807312012,45.09918975830078,7.986636161804199
153.0,11.25,41.21240234375,255.62677001953125,13.640228271484375,45.38279342651367,7.986636161804199
154.0,11.25,41.784183502197266,256.49566650390625,13.71776008605957,45.66707992553711,7.986636161804199
155.0,11.25,42.34868621826172,257.3759765625,13.794304847717285,45.92587661743164,7.986636161804199
156.0,11.25,43.07061767578125,258.329833984375,13.892194747924805,46.30950164794922,7.986636161804199
157.0,11.25,44.47016143798828,259.57122802734375,14.081969261169434,47.28639221191406,7.986636161804199
158.0,11.25,46.0006217956543,260.9057312011719,14.289493560791016,48.34941482543945,7.986636161804199
159.0,11.25,48.02426528930664,262.4942321777344,14.56389045715332,49.818115234375,7.986636161804199
128.0,5.625,47.463462829589844,237.14010620117188,11.294111251831055,54.048866271972656,7.986636161804199
129.0,5.625,43.87932205200195,238.2589569091797,11.049285888671875,50.5609245300293,7.986636161804199
130.0,5.625,39.60515594482422,239.2995147705078,10.757328033447266,46.3624267578125,7.986636161804199
131.0,5.625,34.26774597167969,240.24317932128906,10.392742156982422,41.0826530456543,7.986636161804199
132.0,5.625,31.346200942993164,240.92822265625,10.193178176879883,38.19267272949219,7.986636161804199
133.0,5.625,29.076900482177734,241.50338745117188,10.038167953491211,35.94073486328125,7.986636161804199
134.0,5.625,28.115930557250977,242.00543212890625,9.972525596618652,34.984195709228516,7.986636161804199
135.0,5.625,27.30608367919922,242.47727966308594,9.917207717895508,34.16999435424805,7.986636161804199
136.0,5.625,26.54303741455078,242.92257690429688,9.86508560180664,33.39476776123047,7.986636161804199
137.0,5.625,26.04848861694336,243.35621643066406,9.831304550170898,32.879966735839844,7.986636161804199
138.0,5.625,25.516056060791016,243.76939392089844,9.79493522644043,32.32054901123047,7.986636161804199
139.0,5.625,24.796688079833984,244.14646911621094,9.745796203613281,31.569055557250977,7.986636161804199
140.0,5.625,24.58692741394043,244.55325317382812,9.731468200683594,31.3177433013916,7.986636161804199
141.0,5.625,24.275535583496094,244.9391632080078,9.710197448730469,30.959218978881836,7.986636161804199
142.0,5.625,23.858657836914062,245.2982940673828,9.681721687316895,30.4905948638916,7.986636161804199
143.0,5.625,23.67747688293457,245.67982482910156,9.66934585571289,30.248966217041016,7.986636161804199
144.0,5.625,23.59000015258789,246.07061767578125,9.663370132446289,30.093238830566406,7.986636161804199
145.0,5.625,23.17081069946289,246.3925323486328,9.634737014770508,29.606430053710938,7.986636161804199
146.0,5.625,23.142776489257812,246.78160095214844,9.632821083068848,29.496910095214844,7.986636161804199
147.0,5.625,23.03426742553711,247.14981079101562,9.625409126281738,29.302579879760742,7.986636161804199
148.0,5.625,23.048593521118164,247.54290771484375,9.626388549804688,29.2210750579834,7.986636161804199
149.0,5.625,23.015857696533203,247.9224090576172,9.624152183532715,29.08736228942871,7.986636161804199
150.0,5.625,22.912904739379883,248.2793731689453,9.617118835449219,28.879945755004883,7.986636161804199
151.0,5.625,22.928224563598633,248.6659393310547,9.618165969848633,28.779537200927734,7.986636161804199
152.0,5.625,22.893421173095703,249.0352783203125,9.615788459777832,28.624828338623047,7.986636161804199
153.0,5.625,23.115314483642578,249.48574829101562,9.630945205688477,28.705657958984375,7.986636161804199
154.0,5.625,23.189529418945312,249.8901824951172,9.636014938354492,28.63909149169922,7.986636161804199
155.0,5.625,23.20304298400879,250.27264404296875,9.636938095092773,28.508577346801758,7.986636161804199
156.0,5.625,23.51100730895996,250.76425170898438,9.657974243164062,28.643198013305664,7.986636161804199
157.0,5.625,23.665475845336914,251.20260620117188,9.668525695800781,28.626455307006836,7.986636161804199
158.0,5.625,23.828807830810547,251.64671325683594,9.679682731628418,28.609033584594727,7.986636161804199
159.0,5.625,24.038864135742188,252.1129150390625,9.69403076171875,28.624835968017578,7.986636161804199
160.0,5.625,24.247821807861328,252.58212280273438,9.708304405212402,28.629932403564453,7.986636161804199
161.0,5.625,24.63437271118164,253.13572692871094,9.734708786010742,28.782711029052734,7.986636161804199
162.0,5.625,25.086639404296875,253.7289276123047,9.76560115814209,28.980411529541016,7.986636161804199
163.0,5.625,25.602237701416016,254.36325073242188,9.800821304321289,29.21907615661621,7.986636161804199
164.0,5.625,26.247051239013672,255.0743865966797,9.844867706298828,29.55353546142578,7.986636161804199
165.0,5.625,26.82723045349121,255.76744079589844,9.88449764251709,29.814666748046875,7.986636161804199
166.0,5.625,27.513019561767578,256.52978515625,9.931342124938965,30.14743995666504,7.986636161804199
167.0,5.625,28.490861892700195,257.4676208496094,9.998136520385742,30.704069137573242,7.986636161804199
168.0,5.625,29.622783660888672,258.5157165527344,10.075455665588379,31.361831665039062,7.986636161804199
169.0,5.625,31.086923599243164,259.7826232910156,10.175468444824219,32.2606315612793,7.986636161804199
170.0,5.625,33.51579666137695,261.6548767089844,10.341379165649414,33.8984489440918,7.986636161804199
171.0,5.625,38.709720611572266,265.2592468261719,10.696163177490234,37.67374038696289,7.986636161804199
103.0,0.0,23.388668060302734,229.87510681152344,8.060446739196777,27.006153106689453,7.986636161804199
104.0,0.0,21.447940826416016,231.1942596435547,8.059745788574219,25.529987335205078,7.986636161804199
105.0,0.0,20.109539031982422,232.16697692871094,8.0592622756958,24.541791915893555,7.986636161804199
106.0,0.0,18.933990478515625,233.0255584716797,8.058836936950684,23.66959571838379,7.986636161804199
107.0,0.0,17.89404296875,233.7892608642578,8.05846118927002,22.894062042236328,7.986636161804199
108.0,0.0,17.078001022338867,234.42529296875,8.058165550231934,22.298686981201172,7.986636161804199
109.0,0.0,16.281057357788086,235.0299530029297,8.057877540588379,21.703533172607422,7.986636161804199
110.0,0.0,16.151098251342773,235.3413848876953,8.057830810546875,21.702028274536133,7.986636161804199
111.0,0.0,15.834077835083008,235.72340393066406,8.057716369628906,21.5218505859375,7.986636161804199
112.0,0.0,15.170395851135254,236.226318359375,8.057476043701172,21.011245727539062,7.986636161804199
113.0,0.0,14.564462661743164,236.68887329101562,8.057257652282715,20.54167366027832,7.986636161804199
114.0,0.0,14.436962127685547,236.97052001953125,8.057210922241211,20.510324478149414,7.986636161804199
115.0,0.0,14.3474760055542,237.23716735839844,8.057178497314453,20.50929069519043,7.986636161804199
116.0,0.0,13.953984260559082,237.59564208984375,8.057036399841309,20.21379852294922,7.986636161804199
117.0,0.0,13.487926483154297,237.96343994140625,8.056868553161621,19.840608596801758,7.986636161804199
118.0,0.0,13.055943489074707,238.30751037597656,8.05671215057373,19.491527557373047,7.986636161804199
119.0,0.0,12.824037551879883,238.58680725097656,8.056628227233887,19.327869415283203,7.986636161804199
120.0,0.0,12.766413688659668,238.8174285888672,8.056607246398926,19.327533721923828,7.986636161804199
121.0,0.0,12.71318244934082,239.04605102539062,8.056588172912598,19.327224731445312,7.986636161804199
122.0,0.0,12.376045227050781,239.3322296142578,8.056466102600098,19.04491424560547,7.986636161804199
123.0,0.0,12.050546646118164,239.60543823242188,8.05634880065918,18.767911911010742,7.986636161804199
124.0,0.0,11.967434883117676,239.82656860351562,8.056318283081055,18.723947525024414,7.986636161804199
125.0,0.0,11.932549476623535,240.0380401611328,8.056305885314941,18.72354507446289,7.986636161804199
126.0,0.0,11.884950637817383,240.25059509277344,8.056288719177246,18.706768035888672,7.986636161804199
127.0,0.0,11.615178108215332,240.4886474609375,8.056191444396973,18.465606689453125,7.986636161804199
128.0,0.0,11.360787391662598,240.71620178222656,8.056098937988281,18.235105514526367,7.986636161804199
129.0,0.0,11.25359058380127,240.9227294921875,8.056060791015625,18.146907806396484,7.986636161804199
130.0,0.0,11.238449096679688,241.11959838867188,8.056055068969727,18.146821975708008,7.986636161804199
131.0,0.0,11.226783752441406,241.31597900390625,8.056051254272461,18.14675521850586,7.986636161804199
132.0,0.0,11.201003074645996,241.51260375976562,8.056041717529297,18.129146575927734,7.986636161804199
133.0,0.0,11.196218490600586,241.7081298828125,8.056039810180664,18.129091262817383,7.986636161804199
134.0,0.0,11.19488525390625,241.9035186767578,8.056038856506348,18.129074096679688,7.986636161804199
135.0,0.0,11.09107780456543,242.0968780517578,8.056001663208008,18.023191452026367,7.986636161804199
136.0,0.0,10.907564163208008,242.28359985351562,8.055935859680176,17.8343505859375,7.986636161804199
137.0,0.0,10.733260154724121,242.4643096923828,8.055871963500977,17.651620864868164,7.986636161804199
138.0,0.0,10.629780769348145,242.6438446044922,8.055834770202637,17.53660011291504,7.986636161804199
139.0,0.0,10.644939422607422,242.83010864257812,8.055840492248535,17.536775588989258,7.986636161804199
140.0,0.0,10.663434982299805,243.0169677734375,8.05584716796875,17.536991119384766,7.986636161804199
141.0,0.0,10.648638725280762,243.2000274658203,8.055841445922852,17.500869750976562,7.986636161804199
142.0,0.0,10.506099700927734,243.36410522460938,8.055789947509766,17.335134506225586,7.986636161804199
143.0,0.0,10.37047290802002,243.52392578125,8.055741310119629,17.17375373840332,7.986636161804199
144.0,0.0,10.24140453338623,243.67970275878906,8.055694580078125,17.016464233398438,7.986636161804199
145.0,0.0,10.226682662963867,243.85255432128906,8.055688858032227,16.96909523010254,7.986636161804199
146.0,0.0,10.263653755187988,244.03515625,8.055702209472656,16.969308853149414,7.986636161804199
147.0,0.0,10.304059028625488,244.2191162109375,8.055717468261719,16.96954345703125,7.986636161804199
148.0,0.0,10.324600219726562,244.39891052246094,8.05572509765625,16.947134017944336,7.986636161804199
149.0,0.0,10.37226390838623,244.58570861816406,8.055742263793945,16.947683334350586,7.986636161804199
150.0,0.0,10.423601150512695,244.77430725097656,8.055760383605957,16.948278427124023,7.986636161804199
151.0,0.0,10.478694915771484,244.96484375,8.055780410766602,16.948917388916016,7.986636161804199
152.0,0.0,10.537640571594238,245.15748596191406,8.055801391601562,16.94959831237793,7.986636161804199
153.0,0.0,10.600539207458496,245.3523712158203,8.055824279785156,16.950326919555664,7.986636161804199
154.0,0.0,10.63457202911377,245.53836059570312,8.05583667755127,16.920175552368164,7.986636161804199
155.0,0.0,10.55001163482666,245.68162536621094,8.055806159973145,16.775943756103516,7.986636161804199
156.0,0.0,10.46996784210205,245.82266235351562,8.055777549743652,16.633968353271484,7.986636161804199
157.0,0.0,10.394296646118164,245.96163940429688,8.055749893188477,16.494108200073242,7.986636161804199
158.0,0.0,10.353157997131348,246.11105346679688,8.055734634399414,16.38389015197754,7.986636161804199
159.0,0.0,10.436817169189453,246.31085205078125,8.055765151977539,16.38437271118164,7.986636161804199
160.0,0.0,10.525080680847168,246.51394653320312,8.055797576904297,16.384883880615234,7.986636161804199
161.0,0.0,10.594425201416016,246.70977783203125,8.055822372436523,16.36431884765625,7.986636161804199
162.0,0.0,10.692890167236328,246.92002868652344,8.05585765838623,16.365455627441406,7.986636161804199
163.0,0.0,10.796567916870117,247.13430786132812,8.05589485168457,16.366655349731445,7.986636161804199
164.0,0.0,10.905660629272461,247.35284423828125,8.05593490600586,16.367918014526367,7.986636161804199
165.0,0.0,11.020435333251953,247.5759735107422,8.055975914001465,16.369243621826172,7.986636161804199
166.0,0.0,11.141121864318848,247.80392456054688,8.05601978302002,16.370641708374023,7.986636161804199
167.0,0.0,11.132859230041504,247.96319580078125,8.05601692199707,16.25891876220703,7.986636161804199
168.0,0.0,11.093474388122559,248.10292053222656,8.056002616882324,16.118745803833008,7.986636161804199
169.0,0.0,11.199906349182129,248.323486328125,8.05604076385498,16.0958251953125,7.986636161804199
170.0,0.0,11.341814041137695,248.56602478027344,8.056092262268066,16.09664535522461,7.986636161804199
171.0,0.0,11.418808937072754,248.77137756347656,8.056119918823242,16.03997802734375,7.986636161804199
172.0,0.0,11.392780303955078,248.91317749023438,8.056110382080078,15.897866249084473,7.986636161804199
173.0,0.0,11.431982040405273,249.09327697753906,8.056124687194824,15.804190635681152,7.986636161804199
174.0,0.0,11.599611282348633,249.35499572753906,8.056185722351074,15.805160522460938,7.986636161804199
175.0,0.0,11.756834030151367,249.612060546875,8.056241989135742,15.791825294494629,7.986636161804199
176.0,0.0,11.943431854248047,249.89059448242188,8.056309700012207,15.793983459472656,7.986636161804199
177.0,0.0,12.139883041381836,250.1782684326172,8.056381225585938,15.796255111694336,7.986636161804199
178.0,0.0,12.346784591674805,250.47569274902344,8.056455612182617,15.7986478805542,7.986636161804199
179.0,0.0,12.5648193359375,250.7835693359375,8.056534767150879,15.801170349121094,7.986636161804199
180.0,0.0,12.794727325439453,251.1026611328125,8.056617736816406,15.80383014678955,7.986636161804199
181.0,0.0,13.037309646606445,251.4337921142578,8.056705474853516,15.806635856628418,7.986636161804199
182.0,0.0,13.293487548828125,251.7779083251953,8.056797981262207,15.809597969055176,7.986636161804199
183.0,0.0,13.564204216003418,252.13595581054688,8.056896209716797,15.81273078918457,7.986636161804199
184.0,0.0,13.850566864013672,252.5090789794922,8.056999206542969,15.81604290008545,7.986636161804199
185.0,0.0,14.153770446777344,252.8984832763672,8.057108879089355,15.819547653198242,7.986636161804199
186.0,0.0,14.475139617919922,253.30551147460938,8.057225227355957,15.823266983032227,7.986636161804199
187.0,0.0,14.81613540649414,253.7316436767578,8.057348251342773,15.827210426330566,7.986636161804199
188.0,0.0,15.178430557250977,254.17857360839844,8.057478904724121,15.831400871276855,7.986636161804199
189.0,0.0,15.550103187561035,254.63685607910156,8.057613372802734,15.82800579071045,7.986636161804199
190.0,0.0,15.956026077270508,255.12710571289062,8.057760238647461,15.830354690551758,7.986636161804199
191.0,0.0,16.388887405395508,255.6438446044922,8.057916641235352,15.832857131958008,7.986636161804199
192.0,0.0,16.851234436035156,256.18963623046875,8.058083534240723,15.835532188415527,7.986636161804199
193.0,0.0,17.34591293334961,256.767333984375,8.058262825012207,15.838393211364746,7.986636161804199
194.0,0.0,17.919620513916016,257.4178771972656,8.058469772338867,15.863109588623047,7.986636161804199
195.0,0.0,19.673410415649414,259.10693359375,8.059103965759277,16.43779182434082,7.986636161804199
196.0,0.0,20.327354431152344,259.8481750488281,8.059340476989746,16.441574096679688,7.986636161804199
197.0,0.0,21.689239501953125,261.2260437011719,8.059832572937012,16.7424259185791,7.986636161804199
198.0,0.0,22.665298461914062,262.27239990234375,8.060185432434082,16.829442977905273,7.986636161804199
0.0,-5.625,0.7367355823516846,241.35025024414062,8.002197265625,6.4259161949157715,7.986636161804199
1.0,-5.625,0.7367457151412964,241.34144592285156,8.002197265625,6.435260772705078,7.986636161804199
2.0,-5.625,0.7367424964904785,241.33282470703125,8.002197265625,6.444756984710693,7.986636161804199
3.0,-5.625,0.7367382049560547,241.32437133789062,8.002197265625,6.454402923583984,7.986636161804199
4.0,-5.625,0.7367355823516846,241.3160858154297,8.002197265625,6.464194297790527,7.986636161804199
5.0,-5.625,0.7367363572120667,241.30796813964844,8.002197265625,6.474128723144531,7.986636161804199
6.0,-5.625,0.7367421388626099,241.30001831054688,8.002197265625,6.484203815460205,7.986636161804199
7.0,-5.625,0.7367433905601501,241.29225158691406,8.002197265625,6.494415760040283,7.986636161804199
8.0,-5.625,0.7367414236068726,241.28466796875,8.002197265625,6.504762172698975,7.986636161804199
9.0,-5.625,0.7367386221885681,241.2772674560547,8.002197265625,6.5152387619018555,7.986636161804199
10.0,-5.625,0.7367361187934875,241.27005004882812,8.002197265625,6.525843620300293,7.986636161804199
11.0,-5.625,0.7367362976074219,241.2630157470703,8.002197265625,6.536572456359863,7.986636161804199
12.0,-5.625,0.7367411851882935,241.25616455078125,8.002197265625,6.547421932220459,7.986636161804199
13.0,-5.625,0.7367258071899414,241.24952697753906,8.002197265625,6.558390140533447,7.986636161804199
14.0,-5.625,0.7367451190948486,241.2430419921875,8.002197265625,6.569471836090088,7.986636161804199
15.0,-5.625,0.7367342710494995,241.23678588867188,8.002197265625,6.580665588378906,7.986636161804199
16.0,-5.625,0.7367349863052368,241.230712890625,8.002197265625,6.59196662902832,7.986636161804199
17.0,-5.625,0.7367356419563293,241.22483825683594,8.002197265625,6.603371620178223,7.986636161804199
18.0,-5.625,0.7367374300956726,241.2191619873047,8.002197265625,6.614878177642822,7.986636161804199
19.0,-5.625,0.7367426156997681,241.21368408203125,8.002197265625,6.626481056213379,7.986636161804199
20.0,-5.625,0.7367242574691772,241.20843505859375,8.002197265625,6.63817834854126,7.986636161804199
21.0,-5.625,0.7367398738861084,241.20335388183594,8.002197265625,6.649965763092041,7.986636161804199
22.0,-5.625,0.7367350459098816,241.19850158691406,8.002197265625,6.661839485168457,7.986636161804199
23.0,-5.625,0.736738920211792,241.19384765625,8.002197265625,6.673796653747559,7.986636161804199
24.0,-5.625,0.7367389798164368,241.1894073486328,8.002197265625,6.685832977294922,7.986636161804199
25.0,-5.625,0.7367364764213562,241.1851806640625,8.002197265625,6.697944164276123,7.986636161804199
26.0,-5.625,0.7367466688156128,241.18115234375,8.002197265625,6.710128307342529,7.986636161804199
27.0,-5.625,0.7367277145385742,241.1773681640625,8.002197265625,6.7223801612854,7.986636161804199
28.0,-5.625,0.7367385625839233,241.17376708984375,8.002197265625,6.734696388244629,7.986636161804199
29.0,-5.625,0.736736536026001,241.17039489746094,8.002197265625,6.747073650360107,7.986636161804199
30.0,-5.625,0.736737072467804,241.167236328125,8.002197265625,6.7595086097717285,7.986636161804199
31.0,-5.625,0.7367416620254517,241.16429138183594,8.002197265625,6.771996021270752,7.986636161804199
32.0,-5.625,0.736735999584198,241.1615753173828,8.002197265625,6.7845330238342285,7.986636161804199
33.0,-5.625,0.7367358207702637,241.15907287597656,8.002197265625,6.797115325927734,7.986636161804199
34.0,-5.625,0.7367417812347412,241.1567840576172,8.002197265625,6.809739589691162,7.986636161804199
35.0,-5.625,0.7367397546768188,241.15472412109375,8.002197265625,6.822402000427246,7.986636161804199
36.0,-5.625,0.7367302179336548,241.15289306640625,8.002197265625,6.8350982666015625,7.986636161804199
37.0,-5.625,0.7367438673973083,241.15126037597656,8.002197265625,6.847825050354004,7.986636161804199
38.0,-5.625,0.7367360591888428,241.14987182617188,8.002197265625,6.860577583312988,7.986636161804199
39.0,-5.625,0.7367371320724487,241.14869689941406,8.002197265625,6.873353004455566,7.986636161804199
40.0,-5.625,0.7367326617240906,241.1477508544922,8.002197265625,6.886146545410156,7.986636161804199
41.0,-5.625,0.7367379665374756,241.1470184326172,8.002197265625,6.89895486831665,7.986636161804199
42.0,-5.625,0.7367227673530579,241.1465301513672,8.002197265625,6.911774158477783,7.986636161804199
43.0,-5.625,0.7367329597473145,241.146240234375,8.002197265625,6.924600124359131,7.986636161804199
44.0,-5.625,0.7367381453514099,241.14617919921875,8.002197265625,6.937428951263428,7.986636161804199
45.0,-5.625,0.7367384433746338,241.14634704589844,8.002197265625,6.950257301330566,7.986636161804199
46.0,-5.625,0.736733615398407,241.14674377441406,8.002197265625,6.963079929351807,7.986636161804199
47.0,-5.625,0.736723780632019,241.14736938476562,8.002197265625,6.975894451141357,7.986636161804199
48.0,-5.625,0.736723780632019,241.14820861816406,8.002197265625,6.988696098327637,7.986636161804199
49.0,-5.625,0.7367334365844727,241.14926147460938,8.002197265625,7.001481056213379,7.986636161804199
50.0,-5.625,0.7367371320724487,241.15054321289062,8.002197265625,7.014245510101318,7.986636161804199
51.0,-5.625,0.7367345690727234,241.1520538330078,8.002197265625,7.026985168457031,7.986636161804199
52.0,-5.625,0.7367405295372009,241.15377807617188,8.002197265625,7.039697170257568,7.986636161804199
53.0,-5.625,0.7367391586303711,241.15573120117188,8.002197265625,7.052376747131348,7.986636161804199
54.0,-5.625,0.7367300391197205,241.1579132080078,8.002197265625,7.065020561218262,7.986636161804199
55.0,-5.625,0.7367275953292847,241.16030883789062,8.002197265625,7.077624320983887,7.986636161804199
56.0,-5.625,0.7367309927940369,241.1629180908203,8.002197265625,7.090184688568115,7.986636161804199
57.0,-5.625,0.736739456653595,241.16574096679688,8.002197265625,7.102697372436523,7.986636161804199
58.0,-5.625,0.736722469329834,241.16880798339844,8.002197265625,7.115158557891846,7.986636161804199
59.0,-5.625,0.7367383241653442,241.17205810546875,8.002197265625,7.127564907073975,7.986636161804199
60.0,-5.625,0.7367417812347412,241.175537109375,8.002197265625,7.1399126052856445,7.986636161804199
61.0,-5.625,0.736731767654419,241.1792449951172,8.002197265625,7.152196884155273,7.986636161804199
62.0,-5.625,0.7367365956306458,241.1831512451172,8.002197265625,7.16441535949707,7.986636161804199
63.0,-5.625,0.7367404103279114,241.18727111816406,8.002197265625,7.176563262939453,7.986636161804199
64.0,-5.625,0.7367278933525085,241.19161987304688,8.002197265625,7.188637733459473,7.986636161804199
65.0,-5.625,0.7367263436317444,241.1961669921875,8.002197265625,7.200634479522705,7.986636161804199
66.0,-5.625,0.7367343902587891,241.20091247558594,8.002197265625,7.212550163269043,7.986636161804199
67.0,-5.625,0.7367363572120667,241.20587158203125,8.002197265625,7.224380970001221,7.986636161804199
68.0,-5.625,0.7367310523986816,241.21104431152344,8.002197265625,7.236123085021973,7.986636161804199
69.0,-5.625,0.7367452383041382,241.21640014648438,8.002197265625,7.247774124145508,7.986636161804199
70.0,-5.625,0.736735463142395,241.22198486328125,8.002197265625,7.259329319000244,7.986636161804199
71.0,-5.625,0.7367414236068726,241.22775268554688,8.002197265625,7.270785331726074,7.986636161804199
72.0,-5.625,0.7367342114448547,241.23373413085938,8.002197265625,7.282138347625732,7.986636161804199
73.0,-5.625,0.7367398738861084,241.23989868164062,8.002197265625,7.293385982513428,7.986636161804199
74.0,-5.625,0.7367425560951233,241.2462615966797,8.002197265625,7.304523944854736,7.986636161804199
75.0,-5.625,0.7367414236068726,241.25282287597656,8.002197265625,7.315549850463867,7.986636161804199
76.0,-5.625,0.7367338538169861,241.25958251953125,8.002197265625,7.32645845413208,7.986636161804199
77.0,-5.625,0.7367320656776428,241.2665252685547,8.002197265625,7.3372483253479,7.986636161804199
78.0,-5.625,0.7367461919784546,241.2736358642578,8.002197265625,7.347915172576904,7.986636161804199
79.0,-5.625,0.736736536026001,241.2809600830078,8.002197265625,7.358455657958984,7.986636161804199
80.0,-5.625,0.7367395162582397,241.2884521484375,8.002197265625,7.36886739730835,7.986636161804199
81.0,-5.625,0.7367281317710876,241.296142578125,8.002197265625,7.379146575927734,7.986636161804199
82.0,-5.625,0.7367372512817383,241.30398559570312,8.002197265625,7.3892903327941895,7.986636161804199
83.0,-5.625,0.7367402911186218,241.31201171875,8.002197265625,7.399295330047607,7.986636161804199
84.0,-5.625,0.7367360591888428,241.32022094726562,8.002197265625,7.409158706665039,7.986636161804199
85.0,-5.625,0.7367339134216309,241.32859802246094,8.002197265625,7.418877124786377,7.986636161804199
86.0,-5.625,0.7367324829101562,241.33714294433594,8.002197265625,7.42844820022583,7.986636161804199
87.0,-5.625,0.7367408275604248,241.34584045410156,8.002197265625,7.437869071960449,7.986636161804199
88.0,-5.625,0.7367342710494995,241.35472106933594,8.002197265625,7.447135925292969,7.986636161804199
89.0,-5.625,0.7367446422576904,241.36373901367188,8.002197265625,7.456247329711914,7.986636161804199
90.0,-5.625,0.736736536026001,241.37294006347656,8.002197265625,7.465198993682861,7.986636161804199
91.0,-5.625,0.7367303371429443,241.38229370117188,8.002197265625,7.473989009857178,7.986636161804199
92.0,-5.625,0.7367340326309204,241.39178466796875,8.002197265625,7.482614517211914,7.986636161804199
93.0,-5.625,0.7367358803749084,241.40142822265625,8.002197265625,7.4910736083984375,7.986636161804199
94.0,-5.625,0.736733078956604,241.41122436523438,8.002197265625,7.499362468719482,7.986636161804199
95.0,-5.625,0.7367435097694397,241.421142578125,8.002197265625,7.507479190826416,7.986636161804199
96.0,-5.625,0.736737072467804,241.4312286376953,8.002197265625,7.5154218673706055,7.986636161804199
97.0,-5.625,0.7367392182350159,241.44143676757812,8.002197265625,7.523186683654785,7.986636161804199
98.0,-5.625,0.736739456653595,241.4517822265625,8.002197265625,7.5307722091674805,7.986636161804199
99.0,-5.625,0.7367449998855591,241.46224975585938,8.002197265625,7.538176536560059,7.986636161804199
100.0,-5.625,0.7367445230484009,241.4728546142578,8.002197265625,7.545396327972412,7.986636161804199
101.0,-5.625,0.7367457747459412,241.48358154296875,8.002197265625,7.552430629730225,7.986636161804199
102.0,-5.625,0.7367385625839233,241.49444580078125,8.002197265625,7.559276580810547,7.986636161804199
103.0,-5.625,0.7367370128631592,241.5054168701172,8.002197265625,7.565931797027588,7.986636161804199
104.0,-5.625,0.7367387413978577,241.51649475097656,8.002197265625,7.572393894195557,7.986636161804199
105.0,-5.625,0.736743152141571,241.52767944335938,8.002197265625,7.578662395477295,7.986636161804199
106.0,-5.625,0.7367408871650696,241.5389862060547,8.002197265625,7.584734916687012,7.986636161804199
107.0,-5.625,0.7367439270019531,241.55038452148438,8.002197265625,7.590608596801758,7.986636161804199
108.0,-5.625,0.7367376089096069,241.56190490722656,8.002197265625,7.596282482147217,7.986636161804199
109.0,-5.625,0.7367404699325562,241.57350158691406,8.002197265625,7.601754665374756,7.986636161804199
110.0,-5.625,0.7367385625839233,241.585205078125,8.002197265625,7.607024192810059,7.986636161804199
111.0,-5.625,0.7367411851882935,241.59698486328125,8.002197265625,7.612087726593018,7.986636161804199
112.0,-5.625,0.7367370128631592,241.60887145996094,8.002197265625,7.616945743560791,7.986636161804199
113.0,-5.625,0.7367406487464905,241.62081909179688,8.002197265625,7.62159538269043,7.986636161804199
114.0,-5.625,0.7367393970489502,241.6328582763672,8.002197265625,7.626035213470459,7.986636161804199
115.0,-5.625,0.7367380857467651,241.6449737548828,8.002197265625,7.6302642822265625,7.986636161804199
116.0,-5.625,0.7367409467697144,241.6571502685547,8.002197265625,7.634282112121582,7.986636161804199
117.0,-5.625,0.7367452383041382,241.6693878173828,8.002197265625,7.638086318969727,7.986636161804199
118.0,-5.625,0.7367416024208069,241.6817169189453,8.002197265625,7.64167594909668,7.986636161804199
119.0,-5.625,0.7367421388626099,241.694091796875,8.002197265625,7.645050048828125,7.986636161804199
120.0,-5.625,0.7367417812347412,241.70652770996094,8.002197265625,7.648207664489746,7.986636161804199
121.0,-5.625,0.7367435097694397,241.71900939941406,8.002197265625,7.651148319244385,7.986636161804199
122.0,-5.625,0.7367422580718994,241.73155212402344,8.002197265625,7.653870105743408,7.986636161804199
123.0,-5.625,0.7367415428161621,241.744140625,8.002197265625,7.656373023986816,7.986636161804199
124.0,-5.625,0.7367425560951233,241.7567596435547,8.002197265625,7.658655643463135,7.986636161804199
125.0,-5.625,0.7367420792579651,241.76942443847656,8.002197265625,7.660717487335205,7.986636161804199
126.0,-5.625,0.7367423176765442,241.78211975097656,8.002197265625,7.662558078765869,7.986636161804199
127.0,-5.625,0.7367425560951233,241.7948455810547,8.002197265625,7.664176940917969,7.986636161804199
128.0,-5.625,0.7367424964904785,241.80760192871094,8.002197265625,7.665573596954346,7.986636161804199
129.0,-5.625,0.7367419600486755,241.8203887939453,8.002197265625,7.666747570037842,7.986636161804199
130.0,-5.625,0.7367425560951233,241.8331756591797,8.002197265625,7.667697906494141,7.986636161804199
131.0,-5.625,0.736743152141571,241.84597778320312,8.002197265625,7.6684250831604,7.986636161804199
132.0,-5.625,0.7367434501647949,241.85879516601562,8.002197265625,7.668928623199463,7.986636161804199
133.0,-5.625,0.7367438673973083,241.87161254882812,8.002197265625,7.669208526611328,7.986636161804199
134.0,-5.625,0.7367433905601501,241.8844451904297,8.002197265625,7.66926383972168,7.986636161804199
135.0,-5.625,0.7367437481880188,241.89727783203125,8.002197265625,7.669095993041992,7.986636161804199
136.0,-5.625,0.736743688583374,241.91009521484375,8.002197265625,7.668704032897949,7.986636161804199
137.0,-5.625,0.7367435097694397,241.92291259765625,8.002197265625,7.668087959289551,7.986636161804199
138.0,-5.625,0.7367436289787292,241.9357147216797,8.002197265625,7.667248725891113,7.986636161804199
139.0,-5.625,0.7367439866065979,241.94850158691406,8.002197265625,7.666186332702637,7.986636161804199
140.0,-5.625,0.736745297908783,241.96127319335938,8.002197265625,7.664901256561279,7.986636161804199
141.0,-5.625,0.7367435693740845,241.9739990234375,8.002197265625,7.663393020629883,7.986636161804199
142.0,-5.625,0.7367436289787292,241.98670959472656,8.002197265625,7.661663055419922,7.986636161804199
143.0,-5.625,0.736743688583374,241.9993896484375,8.002197265625,7.6597113609313965,7.986636161804199
144.0,-5.625,0.7367441058158875,242.0120391845703,8.002197265625,7.657537937164307,7.986636161804199
145.0,-5.625,0.7367444634437561,242.02464294433594,8.002197265625,7.655145168304443,7.986636161804199
146.0,-5.625,0.7367469668388367,242.03721618652344,8.002197265625,7.65253210067749,7.986636161804199
147.0,-5.625,0.7367441654205322,242.04971313476562,8.002197265625,7.649701118469238,7.986636161804199
148.0,-5.625,0.7367455363273621,242.0621795654297,8.002197265625,7.646651744842529,7.986636161804199
149.0,-5.625,0.7367451786994934,242.0745849609375,8.002197265625,7.64338493347168,7.986636161804199
150.0,-5.625,0.7367488145828247,242.08694458007812,8.002197265625,7.639902591705322,7.986636161804199
151.0,-5.625,0.7367483377456665,242.09922790527344,8.002197265625,7.636204719543457,7.986636161804199
152.0,-5.625,0.7367453575134277,242.11143493652344,8.002197265625,7.632293701171875,7.986636161804199
153.0,-5.625,0.7367449402809143,242.1235809326172,8.002197265625,7.628170013427734,7.986636161804199
154.0,-5.625,0.7367480993270874,242.1356658935547,8.002197265625,7.623834133148193,7.986636161804199
155.0,-5.625,0.7367417812347412,242.14764404296875,8.002197265625,7.619288921356201,7.986636161804199
156.0,-5.625,0.736748456954956,242.15957641601562,8.002197265625,7.614535331726074,7.986636161804199
157.0,-5.625,0.7367463707923889,242.17140197753906,8.002197265625,7.609573841094971,7.986636161804199
158.0,-5.625,0.7367430925369263,242.18313598632812,8.002197265625,7.604406833648682,7.986636161804199
159.0,-5.625,0.7367526888847351,242.19480895996094,8.002197265625,7.599035739898682,7.986636161804199
160.0,-5.625,0.7367515563964844,242.20635986328125,8.002197265625,7.5934624671936035,7.986636161804199
161.0,-5.625,0.7367528676986694,242.2178192138672,8.002197265625,7.5876874923706055,7.986636161804199
162.0,-5.625,0.7367457151412964,242.22915649414062,8.002197265625,7.581714153289795,7.986636161804199
163.0,-5.625,0.7367449998855591,242.2404022216797,8.002197265625,7.575543403625488,7.986636161804199
164.0,-5.625,0.736745297908783,242.2515411376953,8.002197265625,7.569177150726318,7.986636161804199
165.0,-5.625,0.7367490530014038,242.2625732421875,8.002197265625,7.562617778778076,7.986636161804199
166.0,-5.625,0.7367496490478516,242.2734832763672,8.002197265625,7.555866718292236,7.986636161804199
167.0,-5.625,0.7367404699325562,242.2842559814453,8.002197265625,7.54892635345459,7.986636161804199
168.0,-5.625,0.7367482781410217,242.29493713378906,8.002197265625,7.5417985916137695,7.986636161804199
169.0,-5.625,0.7367412447929382,242.3054656982422,8.002197265625,7.534485816955566,7.986636161804199
170.0,-5.625,0.7367472648620605,242.31588745117188,8.002197265625,7.5269904136657715,7.986636161804199
171.0,-5.625,0.7367508411407471,242.326171875,8.002197265625,7.519314765930176,7.986636161804199
172.0,-5.625,0.736752986907959,242.33631896972656,8.002197265625,7.511460304260254,7.986636161804199
173.0,-5.625,0.7367463111877441,242.3463134765625,8.002197265625,7.503429889678955,7.986636161804199
174.0,-5.625,0.7367526292800903,242.35618591308594,8.002197265625,7.495226860046387,7.986636161804199
175.0,-5.625,0.7367432713508606,242.3658905029297,8.002197265625,7.486852169036865,7.986636161804199
176.0,-5.625,0.7367510199546814,242.37547302246094,8.002197265625,7.478309631347656,7.986636161804199
177.0,-5.625,0.7367576360702515,242.38490295410156,8.002197265625,7.469601154327393,7.986636161804199
178.0,-5.625,0.7367540597915649,242.3941650390625,8.002197265625,7.460729122161865,7.986636161804199
179.0,-5.625,0.7367425560951233,242.40325927734375,8.002197265625,7.45169734954834,7.986636161804199
180.0,-5.625,0.7367461919784546,242.41221618652344,8.002197265625,7.442507743835449,7.986636161804199
181.0,-5.625,0.7367565631866455,242.4210205078125,8.002197265625,7.433163166046143,7.986636161804199
182.0,-5.625,0.7367538213729858,242.4296417236328,8.002197265625,7.4236674308776855,7.986636161804199
183.0,-5.625,0.7367497682571411,242.43809509277344,8.002197265625,7.4140214920043945,7.986636161804199
184.0,-5.625,0.7367473840713501,242.44638061523438,8.002197265625,7.404230117797852,7.986636161804199
185.0,-5.625,0.7367479801177979,242.45449829101562,8.002197265625,7.3942952156066895,7.986636161804199
186.0,-5.625,0.7367539405822754,242.4624481201172,8.002197265625,7.384220123291016,7.986636161804199
187.0,-5.625,0.7367553114891052,242.47021484375,8.002197265625,7.3740081787109375,7.986636161804199
188.0,-5.625,0.7367538213729858,242.47779846191406,8.002197265625,7.363662242889404,7.986636161804199
189.0,-5.625,0.7367510795593262,242.48519897460938,8.002197265625,7.353185653686523,7.986636161804199
190.0,-5.625,0.7367486953735352,242.49241638183594,8.002197265625,7.342580795288086,7.986636161804199
191.0,-5.625,0.7367491126060486,242.49945068359375,8.002197265625,7.331851959228516,7.986636161804199
192.0,-5.625,0.7367541790008545,242.5063018798828,8.002197265625,7.32100248336792,7.986636161804199
193.0,-5.625,0.7367519736289978,242.51295471191406,8.002197265625,7.310034275054932,7.986636161804199
194.0,-5.625,0.7367581129074097,242.51942443847656,8.002197265625,7.298952102661133,7.986636161804199
195.0,-5.625,0.7367476224899292,242.5256805419922,8.002197265625,7.287758827209473,7.986636161804199
196.0,-5.625,0.736748456954956,242.53175354003906,8.002197265625,7.276457786560059,7.986636161804199
197.0,-5.625,0.7367492318153381,242.53762817382812,8.002197265625,7.265052795410156,7.986636161804199
198.0,-5.625,0.7367510795593262,242.54330444335938,8.002197265625,7.253546237945557,7.986636161804199
199.0,-5.625,0.7367563247680664,242.5487823486328,8.002197265625,7.241942882537842,7.986636161804199
200.0,-5.625,0.7367382645606995,242.5540313720703,8.002197265625,7.230246067047119,7.986636161804199
201.0,-5.625,0.7367539405822754,242.55911254882812,8.002197265625,7.218458652496338,7.986636161804199
202.0,-5.625,0.736748993396759,242.56396484375,8.002197265625,7.206584453582764,7.986636161804199
203.0,-5.625,0.7367531061172485,242.56861877441406,8.002197265625,7.19462776184082,7.986636161804199
204.0,-5.625,0.7367534637451172,242.57305908203125,8.002197265625,7.182591915130615,7.986636161804199
205.0,-5.625,0.7367509007453918,242.57728576660156,8.002197265625,7.170480251312256,7.986636161804199
206.0,-5.625,0.736761212348938,242.58131408691406,8.002197265625,7.15829610824585,7.986636161804199
207.0,-5.625,0.7367421984672546,242.58509826660156,8.002197265625,7.1460442543029785,7.986636161804199
208.0,-5.625,0.7367531061172485,242.5886993408203,8.002197265625,7.133727550506592,7.986636161804199
209.0,-5.625,0.7367509603500366,242.59207153320312,8.002197265625,7.121349811553955,7.986636161804199
210.0,-5.625,0.7367518544197083,242.59523010253906,8.002197265625,7.10891580581665,7.986636161804199
211.0,-5.625,0.7367565631866455,242.59817504882812,8.002197265625,7.096428394317627,7.986636161804199
212.0,-5.625,0.7367508411407471,242.60089111328125,8.002197265625,7.083890914916992,7.986636161804199
213.0,-5.625,0.7367506623268127,242.6033935546875,8.002197265625,7.071308612823486,7.986636161804199
214.0,-5.625,0.7367568016052246,242.60568237304688,8.002197265625,7.058684349060059,7.986636161804199
215.0,-5.625,0.736754834651947,242.6077423095703,8.002197265625,7.046022415161133,7.986636161804199
216.0,-5.625,0.736745297908783,242.6095733642578,8.002197265625,7.033326148986816,7.986636161804199
217.0,-5.625,0.7367590069770813,242.6112060546875,8.002197265625,7.020599365234375,7.986636161804199
218.0,-5.625,0.736751139163971,242.6125946044922,8.002197265625,7.007846832275391,7.986636161804199
219.0,-5.625,0.7367523312568665,242.61376953125,8.002197265625,6.9950714111328125,7.986636161804199
220.0,-5.625,0.7367478609085083,242.61471557617188,8.002197265625,6.9822773933410645,7.986636161804199
221.0,-5.625,0.7367531657218933,242.61544799804688,8.002197265625,6.96946907043457,7.986636161804199
222.0,-5.625,0.7367531657218933,242.61595153808594,8.002197265625,6.9566497802734375,7.986636161804199
223.0,-5.625,0.7367481589317322,242.61622619628906,8.002197265625,6.94382381439209,7.986636161804199
224.0,-5.625,0.7367534041404724,242.6162872314453,8.002197265625,6.930994987487793,7.986636161804199
225.0,-5.625,0.7367535829544067,242.61611938476562,8.002197265625,6.918167591094971,7.986636161804199
226.0,-5.625,0.7367488145828247,242.61572265625,8.002197265625,6.905344486236572,7.986636161804199
227.0,-5.625,0.7367389798164368,242.61509704589844,8.002197265625,6.8925299644470215,7.986636161804199
228.0,-5.625,0.736738920211792,242.6142578125,8.002197265625,6.8797287940979,7.986636161804199
229.0,-5.625,0.7367485761642456,242.6132049560547,8.002197265625,6.866943359375,7.986636161804199
230.0,-5.625,0.7367522716522217,242.61192321777344,8.002197265625,6.8541789054870605,7.986636161804199
231.0,-5.625,0.7367496490478516,242.61041259765625,8.002197265625,6.841439247131348,7.986636161804199
232.0,-5.625,0.7367555499076843,242.6086883544922,8.002197265625,6.8287272453308105,7.986636161804199
233.0,-5.625,0.7367541790008545,242.6067352294922,8.002197265625,6.816047668457031,7.986636161804199
234.0,-5.625,0.7367451190948486,242.60455322265625,8.002197265625,6.803403377532959,7.986636161804199
235.0,-5.625,0.7367426156997681,242.60215759277344,8.002197265625,6.790799617767334,7.986636161804199
236.0,-5.625,0.7367460131645203,242.59954833984375,8.002197265625,6.7782392501831055,7.986636161804199
237.0,-5.625,0.736754298210144,242.5967254638672,8.002197265625,6.7657270431518555,7.986636161804199
238.0,-5.625,0.7367371916770935,242.59365844726562,8.002197265625,6.753265857696533,7.986636161804199
239.0,-5.625,0.736752986907959,242.5904083251953,8.002197265625,6.740859508514404,7.986636161804199
240.0,-5.625,0.736756443977356,242.58692932128906,8.002197265625,6.728511810302734,7.986636161804199
241.0,-5.625,0.7367463111877441,242.58322143554688,8.002197265625,6.7162275314331055,7.986636161804199
242.0,-5.625,0.7367653846740723,242.57933044433594,8.002197265625,6.704009532928467,7.986636161804199
243.0,-5.625,0.7367547750473022,242.5751953125,8.002197265625,6.691861152648926,7.986636161804199
244.0,-5.625,0.7367421984672546,242.5708465576172,8.002197265625,6.679786682128906,7.986636161804199
245.0,-5.625,0.7367405295372009,242.56629943847656,8.002197265625,6.667789936065674,7.986636161804199
246.0,-5.625,0.736748456954956,242.56155395507812,8.002197265625,6.655874252319336,7.986636161804199
247.0,-5.625,0.7367504239082336,242.5565948486328,8.002197265625,6.644043445587158,7.986636161804199
248.0,-5.625,0.7367452383041382,242.55142211914062,8.002197265625,6.632300853729248,7.986636161804199
249.0,-5.625,0.7367590069770813,242.5460662841797,8.002197265625,6.620650291442871,7.986636161804199
250.0,-5.625,0.7367490530014038,242.5404815673828,8.002197265625,6.609095096588135,7.986636161804199
251.0,-5.625,0.7367549538612366,242.5347137451172,8.002197265625,6.597639083862305,7.986636161804199
252.0,-5.625,0.7367476224899292,242.5287322998047,8.002197265625,6.5862860679626465,7.986636161804199
253.0,-5.625,0.7367531657218933,242.52256774902344,8.002197265625,6.575038433074951,7.986636161804199
254.0,-5.625,0.7367560267448425,242.51620483398438,8.002197265625,6.563899993896484,7.986636161804199
255.0,-5.625,0.7367544770240784,242.5096435546875,8.002197265625,6.552874565124512,7.986636161804199
256.0,-5.625,0.7367467284202576,242.5028839111328,8.002197265625,6.541965961456299,7.986636161804199
257.0,-5.625,0.7367448210716248,242.49594116210938,8.002197265625,6.5311760902404785,7.986636161804199
258.0,-5.625,0.7367587685585022,242.48883056640625,8.002197265625,6.520509243011475,7.986636161804199
259.0,-5.625,0.7367492914199829,242.48150634765625,8.002197265625,6.509968280792236,7.986636161804199
260.0,-5.625,0.7367517948150635,242.47401428222656,8.002197265625,6.499557018280029,7.986636161804199
261.0,-5.625,0.736740231513977,242.46632385253906,8.002197265625,6.4892778396606445,7.986636161804199
262.0,-5.625,0.7367491722106934,242.45848083496094,8.002197265625,6.4791340827941895,7.986636161804199
263.0,-5.625,0.7367523908615112,242.45045471191406,8.002197265625,6.469128608703613,7.986636161804199
264.0,-5.625,0.7367476224899292,242.44224548339844,8.002197265625,6.45926570892334,7.986636161804199
265.0,-5.625,0.7367457151412964,242.43386840820312,8.002197265625,6.449546813964844,7.986636161804199
266.0,-5.625,0.736743688583374,242.42532348632812,8.002197265625,6.439976215362549,7.986636161804199
267.0,-5.625,0.736751914024353,242.4166259765625,8.002197265625,6.43055534362793,7.986636161804199
268.0,-5.625,0.7367451786994934,242.40774536132812,8.002197265625,6.42128849029541,7.986636161804199
269.0,-5.625,0.73675537109375,242.3987274169922,8.002197265625,6.412177085876465,7.986636161804199
270.0,-5.625,0.7367470860481262,242.3895263671875,8.002197265625,6.403225421905518,7.986636161804199
271.0,-5.625,0.7367407083511353,242.3801727294922,8.002197265625,6.394435405731201,7.986636161804199
272.0,-5.625,0.736744225025177,242.3706817626953,8.002197265625,6.385809898376465,7.986636161804199
273.0,-5.625,0.7367458343505859,242.3610382080078,8.002197265625,6.377350807189941,7.986636161804199
274.0,-5.625,0.7367427945137024,242.3512420654297,8.002197265625,6.3690619468688965,7.986636161804199
275.0,-5.625,0.7367530465126038,242.34132385253906,8.002197265625,6.360945224761963,7.986636161804199
276.0,-5.625,0.7367459535598755,242.33123779296875,8.002197265625,6.353003025054932,7.986636161804199
277.0,-5.625,0.7367483973503113,242.32102966308594,8.002197265625,6.345237731933594,7.986636161804199
278.0,-5.625,0.7367483377456665,242.31068420410156,8.002197265625,6.337652206420898,7.986636161804199
279.0,-5.625,0.7367537021636963,242.3002166748047,8.002197265625,6.33024787902832,7.986636161804199
280.0,-5.625,0.7367533445358276,242.28961181640625,8.002197265625,6.323027610778809,7.986636161804199
281.0,-5.625,0.7367540597915649,242.2788848876953,8.002197265625,6.315993785858154,7.986636161804199
282.0,-5.625,0.7367465496063232,242.2680206298828,8.002197265625,6.309147834777832,7.986636161804199
283.0,-5.625,0.7367448210716248,242.25704956054688,8.002197265625,6.302492618560791,7.986636161804199
284.0,-5.625,0.7367467284202576,242.2459716796875,8.002197265625,6.296030044555664,7.986636161804199
285.0,-5.625,0.7367509007453918,242.2347869873047,8.002197265625,6.289761543273926,7.986636161804199
286.0,-5.625,0.7367476224899292,242.22348022460938,8.002197265625,6.283689975738525,7.986636161804199
287.0,-5.625,0.7367507815361023,242.2120819091797,8.002197265625,6.277815818786621,7.986636161804199
288.0,-5.625,0.7367446422576904,242.2005615234375,8.002197265625,6.272141456604004,7.986636161804199
289.0,-5.625,0.7367468476295471,242.18896484375,8.002197265625,6.266669750213623,7.986636161804199
290.0,-5.625,0.736744225025177,242.17726135253906,8.002197265625,6.2614006996154785,7.986636161804199
291.0,-5.625,0.7367475628852844,242.1654815673828,8.002197265625,6.256336212158203,7.986636161804199
292.0,-5.625,0.7367478609085083,242.1536102294922,8.002197265625,6.251479148864746,7.986636161804199
293.0,-5.625,0.7367460131645203,242.1416473388672,8.002197265625,6.246829032897949,7.986636161804199
294.0,-5.625,0.7367449998855591,242.12960815429688,8.002197265625,6.242388725280762,7.986636161804199
295.0,-5.625,0.7367429733276367,242.11749267578125,8.002197265625,6.238160133361816,7.986636161804199
296.0,-5.625,0.7367455959320068,242.10531616210938,8.002197265625,6.234142303466797,7.986636161804199
297.0,-5.625,0.7367497086524963,242.09307861328125,8.002197265625,6.230338096618652,7.986636161804199
298.0,-5.625,0.7367457151412964,242.08074951171875,8.002197265625,6.226748466491699,7.986636161804199
299.0,-5.625,0.736746072769165,242.06837463378906,8.002197265625,6.223374366760254,7.986636161804199
300.0,-5.625,0.7367458343505859,242.05593872070312,8.002197265625,6.220216274261475,7.986636161804199
301.0,-5.625,0.7367469072341919,242.04345703125,8.002197265625,6.217276096343994,7.986636161804199
302.0,-5.625,0.7367454171180725,242.03091430664062,8.002197265625,6.214554309844971,7.986636161804199
303.0,-5.625,0.7367444038391113,242.01832580566406,8.002197265625,6.2120513916015625,7.986636161804199
304.0,-5.625,0.7367451786994934,242.00570678710938,8.002197265625,6.209768772125244,7.986636161804199
305.0,-5.625,0.7367444038391113,241.9930419921875,8.002197265625,6.207706928253174,7.986636161804199
306.0,-5.625,0.7367443442344666,241.9803466796875,8.002197265625,6.20586633682251,7.986636161804199
307.0,-5.625,0.7367443442344666,241.96762084960938,8.002197265625,6.20424747467041,7.986636161804199
308.0,-5.625,0.7367439866065979,241.95486450195312,8.002197265625,6.202850818634033,7.986636161804199
309.0,-5.625,0.7367432117462158,241.94207763671875,8.002197265625,6.201676845550537,7.986636161804199
310.0,-5.625,0.7367445230484009,241.92930603027344,8.002197265625,6.200726509094238,7.986636161804199
311.0,-5.625,0.7367439270019531,241.91648864746094,8.002197265625,6.1999993324279785,7.986636161804199
312.0,-5.625,0.7367439270019531,241.90367126464844,8.002197265625,6.199495792388916,7.986636161804199
313.0,-5.625,0.7367440462112427,241.89085388183594,8.002197265625,6.199215888977051,7.986636161804199
314.0,-5.625,0.7367433309555054,241.87802124023438,8.002197265625,6.199160575866699,7.986636161804199
315.0,-5.625,0.7367433905601501,241.8651885986328,8.002197265625,6.199328422546387,7.986636161804199
316.0,-5.625,0.7367430925369263,241.8523712158203,8.002197265625,6.19972038269043,7.986636161804199
317.0,-5.625,0.7367435693740845,241.8395538330078,8.002197265625,6.200335502624512,7.986636161804199
318.0,-5.625,0.7367424368858337,241.82675170898438,8.002197265625,6.201175689697266,7.986636161804199
319.0,-5.625,0.7367426156997681,241.81396484375,8.002197265625,6.202238082885742,7.986636161804199
320.0,-5.625,0.7367432117462158,241.8011932373047,8.002197265625,6.203523635864258,7.986636161804199
321.0,-5.625,0.7367416620254517,241.78846740722656,8.002197265625,6.205031394958496,7.986636161804199
322.0,-5.625,0.7367414832115173,241.7757568359375,8.002197265625,6.206761360168457,7.986636161804199
323.0,-5.625,0.7367412447929382,241.76307678222656,8.002197265625,6.208713054656982,7.986636161804199
324.0,-5.625,0.7367413640022278,241.75042724609375,8.002197265625,6.210886478424072,7.986636161804199
325.0,-5.625,0.7367415428161621,241.73782348632812,8.002197265625,6.2132792472839355,7.986636161804199
326.0,-5.625,0.7367441654205322,241.72525024414062,8.002197265625,6.2158918380737305,7.986636161804199
327.0,-5.625,0.7367407083511353,241.71275329589844,8.002197265625,6.218723297119141,7.986636161804199
328.0,-5.625,0.736741840839386,241.70028686523438,8.002197265625,6.22177267074585,7.986636161804199
329.0,-5.625,0.7367411255836487,241.68788146972656,8.002197265625,6.225039482116699,7.986636161804199
330.0,-5.625,0.7367445826530457,241.67552185058594,8.002197265625,6.228521823883057,7.986636161804199
331.0,-5.625,0.736744225025177,241.66323852539062,8.002197265625,6.232219219207764,7.986636161804199
332.0,-5.625,0.7367410659790039,241.65103149414062,8.002197265625,6.236130237579346,7.986636161804199
333.0,-5.625,0.7367399334907532,241.63888549804688,8.002197265625,6.2402544021606445,7.986636161804199
334.0,-5.625,0.7367438077926636,241.62680053710938,8.002197265625,6.244589328765869,7.986636161804199
335.0,-5.625,0.7367367148399353,241.6148223876953,8.002197265625,6.2491350173950195,7.986636161804199
336.0,-5.625,0.7367430925369263,241.60289001464844,8.002197265625,6.2538886070251465,7.986636161804199
337.0,-5.625,0.7367404103279114,241.591064453125,8.002197265625,6.258850574493408,7.986636161804199
338.0,-5.625,0.7367367744445801,241.57933044433594,8.002197265625,6.264017581939697,7.986636161804199
339.0,-5.625,0.7367396354675293,241.5676727294922,8.002197265625,6.269388675689697,7.986636161804199
340.0,-5.625,0.73674476146698,241.5561065673828,8.002197265625,6.274961948394775,7.986636161804199
341.0,-5.625,0.7367463111877441,241.54464721679688,8.002197265625,6.280736446380615,7.986636161804199
342.0,-5.625,0.7367384433746338,241.53330993652344,8.002197265625,6.286710262298584,7.986636161804199
343.0,-5.625,0.7367374897003174,241.52206420898438,8.002197265625,6.292881011962891,7.986636161804199
344.0,-5.625,0.7367376089096069,241.51092529296875,8.002197265625,6.2992472648620605,7.986636161804199
345.0,-5.625,0.7367415428161621,241.49989318847656,8.002197265625,6.3058061599731445,7.986636161804199
346.0,-5.625,0.7367414832115173,241.48898315429688,8.002197265625,6.312557697296143,7.986636161804199
347.0,-5.625,0.7367321848869324,241.47821044921875,8.002197265625,6.319498062133789,7.986636161804199
348.0,-5.625,0.7367400527000427,241.467529296875,8.002197265625,6.326625347137451,7.986636161804199
349.0,-5.625,0.7367328405380249,241.45700073242188,8.002197265625,6.333938121795654,7.986636161804199
350.0,-5.625,0.7367386221885681,241.4465789794922,8.002197265625,6.341433525085449,7.986636161804199
351.0,-5.625,0.7367416024208069,241.43629455566406,8.002197265625,6.349109649658203,7.986636161804199
352.0,-5.625,0.7367435693740845,241.4261474609375,8.002197265625,6.356964111328125,7.986636161804199
353.0,-5.625,0.7367373704910278,241.41615295410156,8.002197265625,6.364993572235107,7.986636161804199
354.0,-5.625,0.7367427349090576,241.40628051757812,8.002197265625,6.373197555541992,7.986636161804199
355.0,-5.625,0.7367331981658936,241.39657592773438,8.002197265625,6.381572246551514,7.986636161804199
356.0,-5.625,0.7367408275604248,241.38699340820312,8.002197265625,6.390114784240723,7.986636161804199
357.0,-5.625,0.7367472052574158,241.3775634765625,8.002197265625,6.398823261260986,7.986636161804199
358.0,-5.625,0.7367441654205322,241.36830139160156,8.002197265625,6.407694339752197,7.986636161804199
359.0,-5.625,0.736731767654419,241.3592071533203,8.002197265625,6.416727066040039,7.986636161804199
0.0,-11.25,0.36915457248687744,241.61517333984375,8.002197265625,6.683190822601318,7.986636161804199
1.0,-11.25,0.36916062235832214,241.61082458496094,8.002197265625,6.687872409820557,7.986636161804199
2.0,-11.25,0.3691484332084656,241.60658264160156,8.002197265625,6.692629337310791,7.986636161804199
3.0,-11.25,0.36916470527648926,241.60238647460938,8.002197265625,6.697459697723389,7.986636161804199
4.0,-11.25,0.3691529929637909,241.5983123779297,8.002197265625,6.702362060546875,7.986636161804199
5.0,-11.25,0.3691483736038208,241.5943145751953,8.002197265625,6.707335472106934,7.986636161804199
6.0,-11.25,0.3691530227661133,241.59039306640625,8.002197265625,6.712377071380615,7.986636161804199
7.0,-11.25,0.36915498971939087,241.58656311035156,8.002197265625,6.71748685836792,7.986636161804199
8.0,-11.25,0.3691554665565491,241.58282470703125,8.002197265625,6.722662925720215,7.986636161804199
9.0,-11.25,0.3691557049751282,241.5791778564453,8.002197265625,6.727902889251709,7.986636161804199
10.0,-11.25,0.36915627121925354,241.57562255859375,8.002197265625,6.733205795288086,7.986636161804199
11.0,-11.25,0.369157999753952,241.57215881347656,8.002197265625,6.738570213317871,7.986636161804199
12.0,-11.25,0.3691622018814087,241.56878662109375,8.002197265625,6.743993759155273,7.986636161804199
13.0,-11.25,0.3691564202308655,241.56552124023438,8.002197265625,6.749475479125977,7.986636161804199
14.0,-11.25,0.36915427446365356,241.56234741210938,8.002197265625,6.755013942718506,7.986636161804199
15.0,-11.25,0.369157075881958,241.55926513671875,8.002197265625,6.76060676574707,7.986636161804199
16.0,-11.25,0.3691524565219879,241.55628967285156,8.002197265625,6.766252040863037,7.986636161804199
17.0,-11.25,0.3691679537296295,241.5533905029297,8.002197265625,6.771948337554932,7.986636161804199
18.0,-11.25,0.3691498637199402,241.55062866210938,8.002197265625,6.7776947021484375,7.986636161804199
19.0,-11.25,0.36915352940559387,241.54794311523438,8.002197265625,6.783488750457764,7.986636161804199
20.0,-11.25,0.3691527247428894,241.5453643798828,8.002197265625,6.789328098297119,7.986636161804199
21.0,-11.25,0.3691614866256714,241.54287719726562,8.002197265625,6.795212268829346,7.986636161804199
22.0,-11.25,0.3691670298576355,241.54049682617188,8.002197265625,6.801138401031494,7.986636161804199
23.0,-11.25,0.3691557049751282,241.53823852539062,8.002197265625,6.80710506439209,7.986636161804199
24.0,-11.25,0.3691563010215759,241.53607177734375,8.002197265625,6.8131103515625,7.986636161804199
25.0,-11.25,0.36915525794029236,241.5340118408203,8.002197265625,6.81915283203125,7.986636161804199
26.0,-11.25,0.36915329098701477,241.5320587158203,8.002197265625,6.825230121612549,7.986636161804199
27.0,-11.25,0.3691655099391937,241.5301971435547,8.002197265625,6.831340312957764,7.986636161804199
28.0,-11.25,0.36914846301078796,241.52847290039062,8.002197265625,6.837482929229736,7.986636161804199
29.0,-11.25,0.3691613972187042,241.52682495117188,8.002197265625,6.843654155731201,7.986636161804199
30.0,-11.25,0.369160920381546,241.52529907226562,8.002197265625,6.849852561950684,7.986636161804199
31.0,-11.25,0.36914703249931335,241.52389526367188,8.002197265625,6.856077671051025,7.986636161804199
32.0,-11.25,0.36914995312690735,241.5225830078125,8.002197265625,6.862326145172119,7.986636161804199
33.0,-11.25,0.3691551983356476,241.52137756347656,8.002197265625,6.86859655380249,7.986636161804199
34.0,-11.25,0.3691633939743042,241.52027893066406,8.002197265625,6.874886512756348,7.986636161804199
35.0,-11.25,0.36914461851119995,241.51931762695312,8.002197265625,6.881195068359375,7.986636161804199
36.0,-11.25,0.36915913224220276,241.5184326171875,8.002197265625,6.887519836425781,7.986636161804199
37.0,-11.25,0.3691624104976654,241.51766967773438,8.002197265625,6.893858432769775,7.986636161804199
38.0,-11.25,0.36915454268455505,241.51702880859375,8.002197265625,6.900209426879883,7.986636161804199
39.0,-11.25,0.36915063858032227,241.51649475097656,8.002197265625,6.906570911407471,7.986636161804199
40.0,-11.25,0.3691661059856415,241.51605224609375,8.002197265625,6.912940502166748,7.986636161804199
41.0,-11.25,0.3691406548023224,241.51576232910156,8.002197265625,6.91931676864624,7.986636161804199
42.0,-11.25,0.36916500329971313,241.51553344726562,8.002197265625,6.9256978034973145,7.986636161804199
43.0,-11.25,0.3691485524177551,241.5154571533203,8.002197265625,6.932081699371338,7.986636161804199
44.0,-11.25,0.369151771068573,241.51547241210938,8.002197265625,6.938465595245361,7.986636161804199
45.0,-11.25,0.3691595792770386,241.51559448242188,8.002197265625,6.94484806060791,7.986636161804199
46.0,-11.25,0.3691568076610565,241.51583862304688,8.002197265625,6.951228141784668,7.986636161804199
47.0,-11.25,0.36915841698646545,241.5161895751953,8.002197265625,6.957602024078369,7.986636161804199
48.0,-11.25,0.36916443705558777,241.5166473388672,8.002197265625,6.963969707489014,7.986636161804199
49.0,-11.25,0.36914440989494324,241.51724243164062,8.002197265625,6.970327377319336,7.986636161804199
50.0,-11.25,0.36915862560272217,241.51791381835938,8.002197265625,6.976675033569336,7.986636161804199
51.0,-11.25,0.36916157603263855,241.51870727539062,8.002197265625,6.983009338378906,7.986636161804199
52.0,-11.25,0.36915308237075806,241.51962280273438,8.002197265625,6.989328861236572,7.986636161804199
53.0,-11.25,0.3691627085208893,241.5206298828125,8.002197265625,6.995631217956543,7.986636161804199
54.0,-11.25,0.36916041374206543,241.52175903320312,8.002197265625,7.001914978027344,7.986636161804199
55.0,-11.25,0.36916089057922363,241.5229949951172,8.002197265625,7.0081787109375,7.986636161804199
56.0,-11.25,0.3691634237766266,241.5243377685547,8.002197265625,7.014419078826904,7.986636161804199
57.0,-11.25,0.3691531717777252,241.5258026123047,8.002197265625,7.020635604858398,7.986636161804199
58.0,-11.25,0.36915895342826843,241.52735900878906,8.002197265625,7.026825428009033,7.986636161804199
59.0,-11.25,0.3691510856151581,241.52903747558594,8.002197265625,7.032987117767334,7.986636161804199
60.0,-11.25,0.36915823817253113,241.5308074951172,8.002197265625,7.039118766784668,7.986636161804199
61.0,-11.25,0.3691653609275818,241.53268432617188,8.002197265625,7.0452189445495605,7.986636161804199
62.0,-11.25,0.36914288997650146,241.53469848632812,8.002197265625,7.051284313201904,7.986636161804199
63.0,-11.25,0.36914825439453125,241.5367889404297,8.002197265625,7.057314872741699,7.986636161804199
64.0,-11.25,0.36915159225463867,241.5389862060547,8.002197265625,7.063307285308838,7.986636161804199
65.0,-11.25,0.36915257573127747,241.54129028320312,8.002197265625,7.069260597229004,7.986636161804199
66.0,-11.25,0.369150847196579,241.543701171875,8.002197265625,7.075173377990723,7.986636161804199
67.0,-11.25,0.3691589832305908,241.54620361328125,8.002197265625,7.081042289733887,7.986636161804199
68.0,-11.25,0.36916306614875793,241.54881286621094,8.002197265625,7.086867332458496,7.986636161804199
69.0,-11.25,0.36916202306747437,241.55152893066406,8.002197265625,7.092645645141602,7.986636161804199
70.0,-11.25,0.3691685199737549,241.55433654785156,8.002197265625,7.098374843597412,7.986636161804199
71.0,-11.25,0.36916911602020264,241.5572509765625,8.002197265625,7.104055404663086,7.986636161804199
72.0,-11.25,0.3691490590572357,241.56028747558594,8.002197265625,7.109683513641357,7.986636161804199
73.0,-11.25,0.36916080117225647,241.56338500976562,8.002197265625,7.115257740020752,7.986636161804199
74.0,-11.25,0.3691641390323639,241.56658935546875,8.002197265625,7.120777606964111,7.986636161804199
75.0,-11.25,0.3691580295562744,241.5699005126953,8.002197265625,7.126240253448486,7.986636161804199
76.0,-11.25,0.3691549301147461,241.57330322265625,8.002197265625,7.1316447257995605,7.986636161804199
77.0,-11.25,0.36915352940559387,241.57679748535156,8.002197265625,7.136988639831543,7.986636161804199
78.0,-11.25,0.3691532611846924,241.58038330078125,8.002197265625,7.142271041870117,7.986636161804199
79.0,-11.25,0.3691527843475342,241.5840606689453,8.002197265625,7.147489547729492,7.986636161804199
80.0,-11.25,0.3691636919975281,241.5878143310547,8.002197265625,7.152643203735352,7.986636161804199
81.0,-11.25,0.36916106939315796,241.5916748046875,8.002197265625,7.157731056213379,7.986636161804199
82.0,-11.25,0.3691555857658386,241.5956268310547,8.002197265625,7.162750244140625,7.986636161804199
83.0,-11.25,0.36915871500968933,241.5996551513672,8.002197265625,7.167700290679932,7.986636161804199
84.0,-11.25,0.3691571354866028,241.60377502441406,8.002197265625,7.172578811645508,7.986636161804199
85.0,-11.25,0.3691615164279938,241.60797119140625,8.002197265625,7.177384376525879,7.986636161804199
86.0,-11.25,0.36916011571884155,241.6122589111328,8.002197265625,7.182116508483887,7.986636161804199
87.0,-11.25,0.36916255950927734,241.6166229248047,8.002197265625,7.18677282333374,7.986636161804199
88.0,-11.25,0.3691576421260834,241.62107849121094,8.002197265625,7.191352844238281,7.986636161804199
89.0,-11.25,0.36916500329971313,241.62559509277344,8.002197265625,7.1958537101745605,7.986636161804199
90.0,-11.25,0.36915236711502075,241.63021850585938,8.002197265625,7.20027494430542,7.986636161804199
91.0,-11.25,0.36915090680122375,241.63490295410156,8.002197265625,7.204615592956543,7.986636161804199
92.0,-11.25,0.3691585659980774,241.6396484375,8.002197265625,7.208873748779297,7.986636161804199
93.0,-11.25,0.3691542148590088,241.6444854736328,8.002197265625,7.213047981262207,7.986636161804199
94.0,-11.25,0.3691570460796356,241.64938354492188,8.002197265625,7.217137336730957,7.986636161804199
95.0,-11.25,0.36915653944015503,241.65435791015625,8.002197265625,7.2211408615112305,7.986636161804199
96.0,-11.25,0.3691602945327759,241.65939331054688,8.002197265625,7.225056171417236,7.986636161804199
97.0,-11.25,0.36915940046310425,241.6645050048828,8.002197265625,7.228883743286133,7.986636161804199
98.0,-11.25,0.3691611886024475,241.669677734375,8.002197265625,7.232621192932129,7.986636161804199
99.0,-11.25,0.36916500329971313,241.67491149902344,8.002197265625,7.236268043518066,7.986636161804199
100.0,-11.25,0.369160920381546,241.6802215576172,8.002197265625,7.2398223876953125,7.986636161804199
101.0,-11.25,0.3691575825214386,241.6855926513672,8.002197265625,7.243284225463867,7.986636161804199
102.0,-11.25,0.36916133761405945,241.69100952148438,8.002197265625,7.246651649475098,7.986636161804199
103.0,-11.25,0.3691551983356476,241.69650268554688,8.002197265625,7.249923229217529,7.986636161804199
104.0,-11.25,0.3691551089286804,241.70204162597656,8.002197265625,7.25309944152832,7.986636161804199
105.0,-11.25,0.36915916204452515,241.70762634277344,8.002197265625,7.256178379058838,7.986636161804199
106.0,-11.25,0.369159460067749,241.71327209472656,8.002197265625,7.259159564971924,7.986636161804199
107.0,-11.25,0.3691544532775879,241.71897888183594,8.002197265625,7.262040615081787,7.986636161804199
108.0,-11.25,0.3691588044166565,241.72471618652344,8.002197265625,7.264822959899902,7.986636161804199
109.0,-11.25,0.369157075881958,241.7305145263672,8.002197265625,7.2675042152404785,7.986636161804199
110.0,-11.25,0.36915549635887146,241.73635864257812,8.002197265625,7.270083904266357,7.986636161804199
111.0,-11.25,0.3691532611846924,241.74224853515625,8.002197265625,7.272561073303223,7.986636161804199
112.0,-11.25,0.36916103959083557,241.74815368652344,8.002197265625,7.274935245513916,7.986636161804199
113.0,-11.25,0.3691565692424774,241.75413513183594,8.002197265625,7.2772064208984375,7.986636161804199
114.0,-11.25,0.3691544234752655,241.76014709472656,8.002197265625,7.279372215270996,7.986636161804199
115.0,-11.25,0.369159460067749,241.76617431640625,8.002197265625,7.28143310546875,7.986636161804199
116.0,-11.25,0.3691607415676117,241.77224731445312,8.002197265625,7.283388137817383,7.986636161804199
117.0,-11.25,0.36915886402130127,241.7783660888672,8.002197265625,7.2852373123168945,7.986636161804199
118.0,-11.25,0.36916112899780273,241.7845001220703,8.002197265625,7.2869791984558105,7.986636161804199
119.0,-11.25,0.3691588044166565,241.79067993164062,8.002197265625,7.288613319396973,7.986636161804199
120.0,-11.25,0.3691602349281311,241.796875,8.002197265625,7.290140151977539,7.986636161804199
121.0,-11.25,0.369163453578949,241.80308532714844,8.002197265625,7.291558265686035,7.986636161804199
122.0,-11.25,0.36915862560272217,241.80935668945312,8.002197265625,7.292867183685303,7.986636161804199
123.0,-11.25,0.3691589832305908,241.8156280517578,8.002197265625,7.2940673828125,7.986636161804199
124.0,-11.25,0.36916202306747437,241.8218994140625,8.002197265625,7.295157432556152,7.986636161804199
125.0,-11.25,0.3691612184047699,241.82821655273438,8.002197265625,7.296138286590576,7.986636161804199
126.0,-11.25,0.3691604435443878,241.8345489501953,8.002197265625,7.297008514404297,7.986636161804199
127.0,-11.25,0.36916089057922363,241.84088134765625,8.002197265625,7.297767639160156,7.986636161804199
128.0,-11.25,0.3691619336605072,241.84722900390625,8.002197265625,7.298417091369629,7.986636161804199
129.0,-11.25,0.36916136741638184,241.8535919189453,8.002197265625,7.298954486846924,7.986636161804199
130.0,-11.25,0.36916181445121765,241.85995483398438,8.002197265625,7.299381256103516,7.986636161804199
131.0,-11.25,0.36916226148605347,241.8663330078125,8.002197265625,7.299697399139404,7.986636161804199
132.0,-11.25,0.36916133761405945,241.8727264404297,8.002197265625,7.299901008605957,7.986636161804199
133.0,-11.25,0.3691621720790863,241.8791046142578,8.002197265625,7.299994468688965,7.986636161804199
134.0,-11.25,0.3691622018814087,241.88548278808594,8.002197265625,7.299975872039795,7.986636161804199
135.0,-11.25,0.36916235089302063,241.89187622070312,8.002197265625,7.2998456954956055,7.986636161804199
136.0,-11.25,0.36916258931159973,241.89825439453125,8.002197265625,7.299604415893555,7.986636161804199
137.0,-11.25,0.36916229128837585,241.9046173095703,8.002197265625,7.299252033233643,7.986636161804199
138.0,-11.25,0.36916306614875793,241.91099548339844,8.002197265625,7.298788070678711,7.986636161804199
139.0,-11.25,0.36916354298591614,241.9173583984375,8.002197265625,7.298213005065918,7.986636161804199
140.0,-11.25,0.3691639304161072,241.9237060546875,8.002197265625,7.297527313232422,7.986636161804199
141.0,-11.25,0.3691640794277191,241.93003845214844,8.002197265625,7.296730995178223,7.986636161804199
142.0,-11.25,0.3691616356372833,241.93634033203125,8.002197265625,7.29582405090332,7.986636161804199
143.0,-11.25,0.3691644072532654,241.94265747070312,8.002197265625,7.294807434082031,7.986636161804199
144.0,-11.25,0.369162380695343,241.9489288330078,8.002197265625,7.293680667877197,7.986636161804199
145.0,-11.25,0.36916083097457886,241.95518493652344,8.002197265625,7.292444229125977,7.986636161804199
146.0,-11.25,0.36916056275367737,241.96142578125,8.002197265625,7.291098594665527,7.986636161804199
147.0,-11.25,0.3691628873348236,241.9676513671875,8.002197265625,7.289644718170166,7.986636161804199
148.0,-11.25,0.3691640794277191,241.97384643554688,8.002197265625,7.288082122802734,7.986636161804199
149.0,-11.25,0.36916476488113403,241.98001098632812,8.002197265625,7.286411762237549,7.986636161804199
150.0,-11.25,0.36916595697402954,241.98614501953125,8.002197265625,7.284634590148926,7.986636161804199
151.0,-11.25,0.3691670894622803,241.99224853515625,8.002197265625,7.282750129699707,7.986636161804199
152.0,-11.25,0.3691648542881012,241.99830627441406,8.002197265625,7.280759811401367,7.986636161804199
153.0,-11.25,0.36916378140449524,242.00433349609375,8.002197265625,7.278663635253906,7.986636161804199
154.0,-11.25,0.3691650629043579,242.0103302001953,8.002197265625,7.276462554931641,7.986636161804199
155.0,-11.25,0.36916443705558777,242.0162811279297,8.002197265625,7.274157524108887,7.986636161804199
156.0,-11.25,0.36916202306747437,242.02218627929688,8.002197265625,7.271749019622803,7.986636161804199
157.0,-11.25,0.3691641092300415,242.02806091308594,8.002197265625,7.269237518310547,7.986636161804199
158.0,-11.25,0.36916592717170715,242.0338897705078,8.002197265625,7.2666239738464355,7.986636161804199
159.0,-11.25,0.36916184425354004,242.03965759277344,8.002197265625,7.263909339904785,7.986636161804199
160.0,-11.25,0.3691719174385071,242.04541015625,8.002197265625,7.261094093322754,7.986636161804199
161.0,-11.25,0.36916306614875793,242.0510711669922,8.002197265625,7.2581787109375,7.986636161804199
162.0,-11.25,0.3691641688346863,242.05670166015625,8.002197265625,7.255165100097656,7.986636161804199
163.0,-11.25,0.36916908621788025,242.06228637695312,8.002197265625,7.252053737640381,7.986636161804199
164.0,-11.25,0.36916401982307434,242.0677947998047,8.002197265625,7.248846054077148,7.986636161804199
165.0,-11.25,0.3691644072532654,242.07325744628906,8.002197265625,7.245542526245117,7.986636161804199
166.0,-11.25,0.36916255950927734,242.0786590576172,8.002197265625,7.242143154144287,7.986636161804199
167.0,-11.25,0.3691692352294922,242.08401489257812,8.002197265625,7.238650798797607,7.986636161804199
168.0,-11.25,0.3691592216491699,242.0892791748047,8.002197265625,7.235065460205078,7.986636161804199
169.0,-11.25,0.3691589832305908,242.09449768066406,8.002197265625,7.231388568878174,7.986636161804199
170.0,-11.25,0.3691699504852295,242.09967041015625,8.002197265625,7.227621078491211,7.986636161804199
171.0,-11.25,0.3691665232181549,242.10475158691406,8.002197265625,7.223764419555664,7.986636161804199
172.0,-11.25,0.3691672384738922,242.10977172851562,8.002197265625,7.21981954574585,7.986636161804199
173.0,-11.25,0.3691728413105011,242.11473083496094,8.002197265625,7.215786933898926,7.986636161804199
174.0,-11.25,0.36916619539260864,242.11959838867188,8.002197265625,7.211669445037842,7.986636161804199
175.0,-11.25,0.3691665828227997,242.12440490722656,8.002197265625,7.207467079162598,7.986636161804199
176.0,-11.25,0.3691653609275818,242.12913513183594,8.002197265625,7.203181266784668,7.986636161804199
177.0,-11.25,0.3691641688346863,242.1337890625,8.002197265625,7.198814392089844,7.986636161804199
178.0,-11.25,0.3691627085208893,242.13836669921875,8.002197265625,7.194365978240967,7.986636161804199
179.0,-11.25,0.3691626787185669,242.1428680419922,8.002197265625,7.189838409423828,7.986636161804199
180.0,-11.25,0.3691655695438385,242.1472930908203,8.002197265625,7.1852335929870605,7.986636161804199
181.0,-11.25,0.36917176842689514,242.15164184570312,8.002197265625,7.180552005767822,7.986636161804199
182.0,-11.25,0.3691708445549011,242.15589904785156,8.002197265625,7.17579460144043,7.986636161804199
183.0,-11.25,0.3691762089729309,242.1600799560547,8.002197265625,7.17096471786499,7.986636161804199
184.0,-11.25,0.36916470527648926,242.16415405273438,8.002197265625,7.166062355041504,7.986636161804199
185.0,-11.25,0.3691602349281311,242.16815185546875,8.002197265625,7.161088943481445,7.986636161804199
186.0,-11.25,0.36916476488113403,242.1720733642578,8.002197265625,7.1560468673706055,7.986636161804199
187.0,-11.25,0.36916717886924744,242.1759033203125,8.002197265625,7.150937557220459,7.986636161804199
188.0,-11.25,0.3691678047180176,242.1796417236328,8.002197265625,7.145761489868164,7.986636161804199
189.0,-11.25,0.36916816234588623,242.18328857421875,8.002197265625,7.14052152633667,7.986636161804199
190.0,-11.25,0.3691689074039459,242.1868438720703,8.002197265625,7.135218620300293,7.986636161804199
191.0,-11.25,0.36917075514793396,242.1903076171875,8.002197265625,7.129854202270508,7.986636161804199
192.0,-11.25,0.36917513608932495,242.1936798095703,8.002197265625,7.1244306564331055,7.986636161804199
193.0,-11.25,0.3691694736480713,242.1969451904297,8.002197265625,7.118948936462402,7.986636161804199
194.0,-11.25,0.3691674470901489,242.2001190185547,8.002197265625,7.113410472869873,7.986636161804199
195.0,-11.25,0.3691703975200653,242.2032012939453,8.002197265625,7.107817649841309,7.986636161804199
196.0,-11.25,0.36916565895080566,242.2061767578125,8.002197265625,7.102171897888184,7.986636161804199
197.0,-11.25,0.3691812753677368,242.20907592773438,8.002197265625,7.096475601196289,7.986636161804199
198.0,-11.25,0.36916354298591614,242.2118377685547,8.002197265625,7.090729713439941,7.986636161804199
199.0,-11.25,0.369167298078537,242.2145233154297,8.002197265625,7.084935665130615,7.986636161804199
200.0,-11.25,0.3691665828227997,242.21710205078125,8.002197265625,7.07909631729126,7.986636161804199
201.0,-11.25,0.36917543411254883,242.21958923339844,8.002197265625,7.073212146759033,7.986636161804199
202.0,-11.25,0.3691811263561249,242.2219696044922,8.002197265625,7.067286014556885,7.986636161804199
203.0,-11.25,0.36916986107826233,242.22422790527344,8.002197265625,7.061319351196289,7.986636161804199
204.0,-11.25,0.36917057633399963,242.2263946533203,8.002197265625,7.055314064025879,7.986636161804199
205.0,-11.25,0.3691696226596832,242.22845458984375,8.002197265625,7.049271583557129,7.986636161804199
206.0,-11.25,0.3691677749156952,242.23040771484375,8.002197265625,7.04319429397583,7.986636161804199
207.0,-11.25,0.36917972564697266,242.23226928710938,8.002197265625,7.037083148956299,7.986636161804199
208.0,-11.25,0.36916303634643555,242.23399353027344,8.002197265625,7.030941486358643,7.986636161804199
209.0,-11.25,0.3691760301589966,242.2356414794922,8.002197265625,7.024770259857178,7.986636161804199
210.0,-11.25,0.3691755533218384,242.23716735839844,8.002197265625,7.018571376800537,7.986636161804199
211.0,-11.25,0.36916181445121765,242.2385711669922,8.002197265625,7.0123467445373535,7.986636161804199
212.0,-11.25,0.36916476488113403,242.23988342285156,8.002197265625,7.00609827041626,7.986636161804199
213.0,-11.25,0.36917009949684143,242.2410888671875,8.002197265625,6.999827861785889,7.986636161804199
214.0,-11.25,0.3691782057285309,242.2421875,8.002197265625,6.993537425994873,7.986636161804199
215.0,-11.25,0.3691595792770386,242.24314880371094,8.002197265625,6.987229347229004,7.986636161804199
216.0,-11.25,0.36917415261268616,242.24403381347656,8.002197265625,6.980904579162598,7.986636161804199
217.0,-11.25,0.3691774308681488,242.2447967529297,8.002197265625,6.9745659828186035,7.986636161804199
218.0,-11.25,0.3691695034503937,242.2454376220703,8.002197265625,6.968214511871338,7.986636161804199
219.0,-11.25,0.36916571855545044,242.2459716796875,8.002197265625,6.961853504180908,7.986636161804199
220.0,-11.25,0.36918118596076965,242.2464141845703,8.002197265625,6.955483913421631,7.986636161804199
221.0,-11.25,0.36915576457977295,242.2467041015625,8.002197265625,6.9491071701049805,7.986636161804199
222.0,-11.25,0.3691801130771637,242.24693298339844,8.002197265625,6.9427266120910645,7.986636161804199
223.0,-11.25,0.3691636919975281,242.24700927734375,8.002197265625,6.936342716217041,7.986636161804199
224.0,-11.25,0.36916688084602356,242.2469940185547,8.002197265625,6.929958820343018,7.986636161804199
225.0,-11.25,0.3691747188568115,242.2468719482422,8.002197265625,6.9235758781433105,7.986636161804199
226.0,-11.25,0.3691718876361847,242.2466278076172,8.002197265625,6.917196273803711,7.986636161804199
227.0,-11.25,0.36917349696159363,242.24627685546875,8.002197265625,6.91082239151001,7.986636161804199
228.0,-11.25,0.36917951703071594,242.24581909179688,8.002197265625,6.904454708099365,7.986636161804199
229.0,-11.25,0.3691595196723938,242.24522399902344,8.002197265625,6.898096561431885,7.986636161804199
230.0,-11.25,0.36917364597320557,242.2445526123047,8.002197265625,6.891749382019043,7.986636161804199
231.0,-11.25,0.36917656660079956,242.24375915527344,8.002197265625,6.885415077209473,7.986636161804199
232.0,-11.25,0.3691680133342743,242.2428436279297,8.002197265625,6.879095554351807,7.986636161804199
233.0,-11.25,0.3691777288913727,242.24183654785156,8.002197265625,6.872792720794678,7.986636161804199
234.0,-11.25,0.3691753149032593,242.24070739746094,8.002197265625,6.866509437561035,7.986636161804199
235.0,-11.25,0.3691757023334503,242.23947143554688,8.002197265625,6.860245704650879,7.986636161804199
236.0,-11.25,0.3691781461238861,242.23812866210938,8.002197265625,6.854005336761475,7.986636161804199
237.0,-11.25,0.3691677451133728,242.23666381835938,8.002197265625,6.847789287567139,7.986636161804199
238.0,-11.25,0.3691735863685608,242.235107421875,8.002197265625,6.841598987579346,7.986636161804199
239.0,-11.25,0.3691657781600952,242.23342895507812,8.002197265625,6.835436820983887,7.986636161804199
240.0,-11.25,0.3691728413105011,242.23165893554688,8.002197265625,6.829305171966553,7.986636161804199
241.0,-11.25,0.36917978525161743,242.2297821044922,8.002197265625,6.823205471038818,7.986636161804199
242.0,-11.25,0.36915722489356995,242.22776794433594,8.002197265625,6.817140102386475,7.986636161804199
243.0,-11.25,0.36916249990463257,242.22567749023438,8.002197265625,6.81110954284668,7.986636161804199
244.0,-11.25,0.36916589736938477,242.22348022460938,8.002197265625,6.805116653442383,7.986636161804199
245.0,-11.25,0.3691668212413788,242.22117614746094,8.002197265625,6.799163341522217,7.986636161804199
246.0,-11.25,0.3691648244857788,242.21876525878906,8.002197265625,6.793251037597656,7.986636161804199
247.0,-11.25,0.3691730201244354,242.2162628173828,8.002197265625,6.787381649017334,7.986636161804199
248.0,-11.25,0.36917680501937866,242.21365356445312,8.002197265625,6.781557083129883,7.986636161804199
249.0,-11.25,0.36917564272880554,242.2109375,8.002197265625,6.775778770446777,7.986636161804199
250.0,-11.25,0.36918243765830994,242.2081298828125,8.002197265625,6.77004861831665,7.986636161804199
251.0,-11.25,0.3691824674606323,242.20521545410156,8.002197265625,6.764369010925293,7.986636161804199
252.0,-11.25,0.36916229128837585,242.20217895507812,8.002197265625,6.7587409019470215,7.986636161804199
253.0,-11.25,0.36917418241500854,242.19908142089844,8.002197265625,6.753166198730469,7.986636161804199
254.0,-11.25,0.3691771626472473,242.1958770751953,8.002197265625,6.747646808624268,7.986636161804199
255.0,-11.25,0.369171142578125,242.19256591796875,8.002197265625,6.742183685302734,7.986636161804199
256.0,-11.25,0.36916765570640564,242.1891632080078,8.002197265625,6.736779689788818,7.986636161804199
257.0,-11.25,0.36916583776474,242.1856689453125,8.002197265625,6.731436252593994,7.986636161804199
258.0,-11.25,0.36916542053222656,242.1820831298828,8.002197265625,6.72615385055542,7.986636161804199
259.0,-11.25,0.3691653609275818,242.17840576171875,8.002197265625,6.7209343910217285,7.986636161804199
260.0,-11.25,0.36917608976364136,242.17465209960938,8.002197265625,6.715780735015869,7.986636161804199
261.0,-11.25,0.3691732883453369,242.17079162597656,8.002197265625,6.710692882537842,7.986636161804199
262.0,-11.25,0.36916738748550415,242.16683959960938,8.002197265625,6.705674171447754,7.986636161804199
263.0,-11.25,0.36917033791542053,242.16281127929688,8.002197265625,6.700724124908447,7.986636161804199
264.0,-11.25,0.3691689372062683,242.15869140625,8.002197265625,6.695845127105713,7.986636161804199
265.0,-11.25,0.369173139333725,242.1544952392578,8.002197265625,6.691039562225342,7.986636161804199
266.0,-11.25,0.3691712021827698,242.15020751953125,8.002197265625,6.686307907104492,7.986636161804199
267.0,-11.25,0.369173526763916,242.14584350585938,8.002197265625,6.681651592254639,7.986636161804199
268.0,-11.25,0.36916840076446533,242.14138793945312,8.002197265625,6.677071571350098,7.986636161804199
269.0,-11.25,0.3691755533218384,242.13687133789062,8.002197265625,6.672570705413818,7.986636161804199
270.0,-11.25,0.36916279792785645,242.1322479248047,8.002197265625,6.668149471282959,7.986636161804199
271.0,-11.25,0.36916106939315796,242.1275634765625,8.002197265625,6.663808822631836,7.986636161804199
272.0,-11.25,0.3691685199737549,242.12281799316406,8.002197265625,6.659550666809082,7.986636161804199
273.0,-11.25,0.36916399002075195,242.11798095703125,8.002197265625,6.655376434326172,7.986636161804199
274.0,-11.25,0.3691670000553131,242.1130828857422,8.002197265625,6.651286602020264,7.986636161804199
275.0,-11.25,0.36916589736938477,242.1081085205078,8.002197265625,6.647283554077148,7.986636161804199
276.0,-11.25,0.36916983127593994,242.1030731201172,8.002197265625,6.643367767333984,7.986636161804199
277.0,-11.25,0.36916840076446533,242.09796142578125,8.002197265625,6.639540672302246,7.986636161804199
278.0,-11.25,0.3691699206829071,242.09278869628906,8.002197265625,6.63580322265625,7.986636161804199
279.0,-11.25,0.369173526763916,242.08755493164062,8.002197265625,6.6321563720703125,7.986636161804199
280.0,-11.25,0.3691692054271698,242.08224487304688,8.002197265625,6.628602027893066,7.986636161804199
281.0,-11.25,0.36916565895080566,242.07687377929688,8.002197265625,6.625140190124512,7.986636161804199
282.0,-11.25,0.3691692352294922,242.0714569091797,8.002197265625,6.621772766113281,7.986636161804199
283.0,-11.25,0.3691632151603699,242.0659637451172,8.002197265625,6.618500709533691,7.986636161804199
284.0,-11.25,0.36916255950927734,242.0604248046875,8.002197265625,6.615324974060059,7.986636161804199
285.0,-11.25,0.3691663146018982,242.05484008789062,8.002197265625,6.612246036529541,7.986636161804199
286.0,-11.25,0.3691660165786743,242.0491943359375,8.002197265625,6.609265327453613,7.986636161804199
287.0,-11.25,0.3691611588001251,242.04348754882812,8.002197265625,6.606383800506592,7.986636161804199
288.0,-11.25,0.36916524171829224,242.03775024414062,8.002197265625,6.603601455688477,7.986636161804199
289.0,-11.25,0.36916327476501465,242.03195190429688,8.002197265625,6.6009202003479,7.986636161804199
290.0,-11.25,0.3691615164279938,242.02610778808594,8.002197265625,6.5983405113220215,7.986636161804199
291.0,-11.25,0.36916476488113403,242.02023315429688,8.002197265625,6.595863342285156,7.986636161804199
292.0,-11.25,0.36916741728782654,242.01431274414062,8.002197265625,6.5934882164001465,7.986636161804199
293.0,-11.25,0.36916181445121765,242.00833129882812,8.002197265625,6.591217994689941,7.986636161804199
294.0,-11.25,0.369159460067749,242.0023193359375,8.002197265625,6.589052200317383,7.986636161804199
295.0,-11.25,0.3691689670085907,241.99630737304688,8.002197265625,6.586991310119629,7.986636161804199
296.0,-11.25,0.36916568875312805,241.99021911621094,8.002197265625,6.585035800933838,7.986636161804199
297.0,-11.25,0.3691630959510803,241.98410034179688,8.002197265625,6.583187103271484,7.986636161804199
298.0,-11.25,0.3691650927066803,241.97796630859375,8.002197265625,6.581445217132568,7.986636161804199
299.0,-11.25,0.36916300654411316,241.97178649902344,8.002197265625,6.579810619354248,7.986636161804199
300.0,-11.25,0.36916372179985046,241.96559143066406,8.002197265625,6.57828426361084,7.986636161804199
301.0,-11.25,0.36916670203208923,241.95938110351562,8.002197265625,6.576866149902344,7.986636161804199
302.0,-11.25,0.36916157603263855,241.95310974121094,8.002197265625,6.575557231903076,7.986636161804199
303.0,-11.25,0.3691616654396057,241.94683837890625,8.002197265625,6.574357032775879,7.986636161804199
304.0,-11.25,0.36916497349739075,241.94056701660156,8.002197265625,6.573266506195068,7.986636161804199
305.0,-11.25,0.3691633939743042,241.9342498779297,8.002197265625,6.572286128997803,7.986636161804199
306.0,-11.25,0.369162380695343,241.92791748046875,8.002197265625,6.571415901184082,7.986636161804199
307.0,-11.25,0.36916255950927734,241.9215850830078,8.002197265625,6.570656776428223,7.986636161804199
308.0,-11.25,0.3691633343696594,241.9152374267578,8.002197265625,6.57000732421875,7.986636161804199
309.0,-11.25,0.36916249990463257,241.90887451171875,8.002197265625,6.569469928741455,7.986636161804199
310.0,-11.25,0.3691631555557251,241.9025115966797,8.002197265625,6.569042682647705,7.986636161804199
311.0,-11.25,0.3691628873348236,241.89613342285156,8.002197265625,6.568727016448975,7.986636161804199
312.0,-11.25,0.3691626489162445,241.88973999023438,8.002197265625,6.5685224533081055,7.986636161804199
313.0,-11.25,0.36916226148605347,241.88336181640625,8.002197265625,6.568429946899414,7.986636161804199
314.0,-11.25,0.36916249990463257,241.87698364257812,8.002197265625,6.568448066711426,7.986636161804199
315.0,-11.25,0.369162380695343,241.87059020996094,8.002197265625,6.568578243255615,7.986636161804199
316.0,-11.25,0.3691618740558624,241.8642120361328,8.002197265625,6.568819999694824,7.986636161804199
317.0,-11.25,0.36916130781173706,241.85784912109375,8.002197265625,6.569172382354736,7.986636161804199
318.0,-11.25,0.36916059255599976,241.8514862060547,8.002197265625,6.569636344909668,7.986636161804199
319.0,-11.25,0.36916205286979675,241.84510803222656,8.002197265625,6.570211410522461,7.986636161804199
320.0,-11.25,0.3691621720790863,241.83876037597656,8.002197265625,6.570897102355957,7.986636161804199
321.0,-11.25,0.36916252970695496,241.83242797851562,8.002197265625,6.571692943572998,7.986636161804199
322.0,-11.25,0.36915984749794006,241.8261260986328,8.002197265625,6.5725998878479,7.986636161804199
323.0,-11.25,0.3691618740558624,241.81980895996094,8.002197265625,6.573616981506348,7.986636161804199
324.0,-11.25,0.3691595792770386,241.81353759765625,8.002197265625,6.574743747711182,7.986636161804199
325.0,-11.25,0.3691577911376953,241.80728149414062,8.002197265625,6.575980186462402,7.986636161804199
326.0,-11.25,0.36915725469589233,241.80104064941406,8.002197265625,6.577325820922852,7.986636161804199
327.0,-11.25,0.3691593408584595,241.79481506347656,8.002197265625,6.578779697418213,7.986636161804199
328.0,-11.25,0.3691602349281311,241.7886199951172,8.002197265625,6.5803422927856445,7.986636161804199
329.0,-11.25,0.3691611588001251,241.78245544433594,8.002197265625,6.582012176513672,7.986636161804199
330.0,-11.25,0.36916160583496094,241.7763214111328,8.002197265625,6.583789825439453,7.986636161804199
331.0,-11.25,0.36915791034698486,241.77023315429688,8.002197265625,6.585674285888672,7.986636161804199
332.0,-11.25,0.369159996509552,241.76416015625,8.002197265625,6.587664604187012,7.986636161804199
333.0,-11.25,0.36915868520736694,241.7581329345703,8.002197265625,6.589760780334473,7.986636161804199
334.0,-11.25,0.3691597580909729,241.75213623046875,8.002197265625,6.591961860656738,7.986636161804199
335.0,-11.25,0.3691532611846924,241.74620056152344,8.002197265625,6.594266891479492,7.986636161804199
336.0,-11.25,0.3691566288471222,241.7402801513672,8.002197265625,6.596674919128418,7.986636161804199
337.0,-11.25,0.3691580295562744,241.73440551757812,8.002197265625,6.599186897277832,7.986636161804199
338.0,-11.25,0.36915963888168335,241.72857666015625,8.002197265625,6.601800441741943,7.986636161804199
339.0,-11.25,0.36915528774261475,241.72280883789062,8.002197265625,6.604515075683594,7.986636161804199
340.0,-11.25,0.3691583275794983,241.71707153320312,8.002197265625,6.607330322265625,7.986636161804199
341.0,-11.25,0.36915647983551025,241.71139526367188,8.002197265625,6.610245227813721,7.986636161804199
342.0,-11.25,0.3691573143005371,241.7057647705078,8.002197265625,6.6132588386535645,7.986636161804199
343.0,-11.25,0.369161993265152,241.70018005371094,8.002197265625,6.61637020111084,7.986636161804199
344.0,-11.25,0.36915671825408936,241.69467163085938,8.002197265625,6.619577884674072,7.986636161804199
345.0,-11.25,0.36915647983551025,241.689208984375,8.002197265625,6.622881889343262,7.986636161804199
346.0,-11.25,0.3691544234752655,241.68380737304688,8.002197265625,6.626281261444092,7.986636161804199
347.0,-11.25,0.36916083097457886,241.67845153808594,8.002197265625,6.6297736167907715,7.986636161804199
348.0,-11.25,0.36915063858032227,241.67318725585938,8.002197265625,6.633358955383301,7.986636161804199
349.0,-11.25,0.3691501319408417,241.66796875,8.002197265625,6.637035846710205,7.986636161804199
350.0,-11.25,0.36916130781173706,241.6627960205078,8.002197265625,6.64080286026001,7.986636161804199
351.0,-11.25,0.36915725469589233,241.65771484375,8.002197265625,6.644659996032715,7.986636161804199
352.0,-11.25,0.3691577911376953,241.65269470214844,8.002197265625,6.648604869842529,7.986636161804199
353.0,-11.25,0.3691635727882385,241.64773559570312,8.002197265625,6.652637004852295,7.986636161804199
354.0,-11.25,0.3691563606262207,241.6428680419922,8.002197265625,6.656754970550537,7.986636161804199
355.0,-11.25,0.3691568970680237,241.6380615234375,8.002197265625,6.660956859588623,7.986636161804199
356.0,-11.25,0.3691551089286804,241.63333129882812,8.002197265625,6.665243148803711,7.986636161804199
357.0,-11.25,0.3691534101963043,241.62867736816406,8.002197265625,6.669610500335693,7.986636161804199
358.0,-11.25,0.3691520690917969,241.6240997314453,8.002197265625,6.674058437347412,7.986636161804199
359.0,-11.25,0.36915189027786255,241.61959838867188,8.002197265625,6.678586006164551,7.986636161804199
0.0,-16.875,0.24787692725658417,241.70257568359375,8.002197265625,6.769750595092773,7.986636161804199
1.0,-16.875,0.24787306785583496,241.69973754882812,8.002197265625,6.772893905639648,7.986636161804199
2.0,-16.875,0.24787652492523193,241.6969451904297,8.002197265625,6.77608585357666,7.986636161804199
3.0,-16.875,0.24787606298923492,241.6942138671875,8.002197265625,6.779326438903809,7.986636161804199
4.0,-16.875,0.24787276983261108,241.69154357910156,8.002197265625,6.782613754272461,7.986636161804199
5.0,-16.875,0.24786712229251862,241.68893432617188,8.002197265625,6.785946846008301,7.986636161804199
6.0,-16.875,0.24785897135734558,241.68638610839844,8.002197265625,6.789325714111328,7.986636161804199
7.0,-16.875,0.24786162376403809,241.6838836669922,8.002197265625,6.79274845123291,7.986636161804199
8.0,-16.875,0.24787572026252747,241.68142700195312,8.002197265625,6.796214580535889,7.986636161804199
9.0,-16.875,0.24787762761116028,241.67904663085938,8.002197265625,6.799722671508789,7.986636161804199
10.0,-16.875,0.24786745011806488,241.67674255371094,8.002197265625,6.803271770477295,7.986636161804199
11.0,-16.875,0.24787095189094543,241.6744842529297,8.002197265625,6.806860446929932,7.986636161804199
12.0,-16.875,0.24787600338459015,241.6722869873047,8.002197265625,6.810488224029541,7.986636161804199
13.0,-16.875,0.24787044525146484,241.670166015625,8.002197265625,6.814153671264648,7.986636161804199
14.0,-16.875,0.24786746501922607,241.66810607910156,8.002197265625,6.8178558349609375,7.986636161804199
15.0,-16.875,0.2478681355714798,241.66610717773438,8.002197265625,6.821592807769775,7.986636161804199
16.0,-16.875,0.2478727400302887,241.66416931152344,8.002197265625,6.825364112854004,7.986636161804199
17.0,-16.875,0.24786831438541412,241.6623077392578,8.002197265625,6.829168796539307,7.986636161804199
18.0,-16.875,0.24786846339702606,241.66050720214844,8.002197265625,6.833006381988525,7.986636161804199
19.0,-16.875,0.24787475168704987,241.6587677001953,8.002197265625,6.836873531341553,7.986636161804199
20.0,-16.875,0.24787303805351257,241.6571044921875,8.002197265625,6.840771198272705,7.986636161804199
21.0,-16.875,0.24786414206027985,241.655517578125,8.002197265625,6.844696998596191,7.986636161804199
22.0,-16.875,0.24787640571594238,241.6539764404297,8.002197265625,6.848649501800537,7.986636161804199
23.0,-16.875,0.24786798655986786,241.65252685546875,8.002197265625,6.852628707885742,7.986636161804199
24.0,-16.875,0.24786749482154846,241.65113830566406,8.002197265625,6.856632709503174,7.986636161804199
25.0,-16.875,0.2478753924369812,241.64981079101562,8.002197265625,6.860660552978516,7.986636161804199
26.0,-16.875,0.2478780746459961,241.6485595703125,8.002197265625,6.864710330963135,7.986636161804199
27.0,-16.875,0.24786122143268585,241.64739990234375,8.002197265625,6.868781566619873,7.986636161804199
28.0,-16.875,0.24786826968193054,241.6462860107422,8.002197265625,6.872872829437256,7.986636161804199
29.0,-16.875,0.2478710412979126,241.64524841308594,8.002197265625,6.87698221206665,7.986636161804199
30.0,-16.875,0.2478695660829544,241.644287109375,8.002197265625,6.881109237670898,7.986636161804199
31.0,-16.875,0.24787865579128265,241.6433868408203,8.002197265625,6.885252952575684,7.986636161804199
32.0,-16.875,0.24786947667598724,241.642578125,8.002197265625,6.889411449432373,7.986636161804199
33.0,-16.875,0.247871533036232,241.64183044433594,8.002197265625,6.893583297729492,7.986636161804199
34.0,-16.875,0.24787035584449768,241.6411590576172,8.002197265625,6.897767543792725,7.986636161804199
35.0,-16.875,0.24786603450775146,241.64056396484375,8.002197265625,6.901963233947754,7.986636161804199
36.0,-16.875,0.24787373840808868,241.64002990722656,8.002197265625,6.906167984008789,7.986636161804199
37.0,-16.875,0.2478637844324112,241.63958740234375,8.002197265625,6.91038179397583,7.986636161804199
38.0,-16.875,0.24786609411239624,241.6392059326172,8.002197265625,6.914602756500244,7.986636161804199
39.0,-16.875,0.24786587059497833,241.63890075683594,8.002197265625,6.918829917907715,7.986636161804199
40.0,-16.875,0.2478632777929306,241.638671875,8.002197265625,6.923061370849609,7.986636161804199
41.0,-16.875,0.2478732317686081,241.6385040283203,8.002197265625,6.9272966384887695,7.986636161804199
42.0,-16.875,0.2478659451007843,241.638427734375,8.002197265625,6.9315338134765625,7.986636161804199
43.0,-16.875,0.24785639345645905,241.638427734375,8.002197265625,6.935771942138672,7.986636161804199
44.0,-16.875,0.2478744238615036,241.6384735107422,8.002197265625,6.940009593963623,7.986636161804199
45.0,-16.875,0.24786031246185303,241.6386260986328,8.002197265625,6.944245338439941,7.986636161804199
46.0,-16.875,0.24785880744457245,241.6388397216797,8.002197265625,6.9484782218933105,7.986636161804199
47.0,-16.875,0.24786977469921112,241.6391143798828,8.002197265625,6.952706336975098,7.986636161804199
48.0,-16.875,0.24786335229873657,241.6394805908203,8.002197265625,6.956928730010986,7.986636161804199
49.0,-16.875,0.24786928296089172,241.63990783691406,8.002197265625,6.961144924163818,7.986636161804199
50.0,-16.875,0.2478724718093872,241.64041137695312,8.002197265625,6.965352535247803,7.986636161804199
51.0,-16.875,0.24787278473377228,241.6409912109375,8.002197265625,6.969550609588623,7.986636161804199
52.0,-16.875,0.2478700429201126,241.6416473388672,8.002197265625,6.973737716674805,7.986636161804199
53.0,-16.875,0.247864231467247,241.6423797607422,8.002197265625,6.9779133796691895,7.986636161804199
54.0,-16.875,0.24786962568759918,241.64317321777344,8.002197265625,6.982075214385986,7.986636161804199
55.0,-16.875,0.24787132441997528,241.64404296875,8.002197265625,6.986222267150879,7.986636161804199
56.0,-16.875,0.24786928296089172,241.64498901367188,8.002197265625,6.990354061126709,7.986636161804199
57.0,-16.875,0.24787761270999908,241.64599609375,8.002197265625,6.994468688964844,7.986636161804199
58.0,-16.875,0.2478671669960022,241.6470947265625,8.002197265625,6.998565196990967,7.986636161804199
59.0,-16.875,0.24786636233329773,241.64825439453125,8.002197265625,7.002641677856445,7.986636161804199
60.0,-16.875,0.24787481129169464,241.64947509765625,8.002197265625,7.006697177886963,7.986636161804199
61.0,-16.875,0.24787789583206177,241.65077209472656,8.002197265625,7.010730743408203,7.986636161804199
62.0,-16.875,0.24786120653152466,241.65216064453125,8.002197265625,7.014740943908691,7.986636161804199
63.0,-16.875,0.24788086116313934,241.65357971191406,8.002197265625,7.018726825714111,7.986636161804199
64.0,-16.875,0.24786588549613953,241.6551055908203,8.002197265625,7.02268648147583,7.986636161804199
65.0,-16.875,0.24787235260009766,241.65667724609375,8.002197265625,7.026619911193848,7.986636161804199
66.0,-16.875,0.24787141382694244,241.6583251953125,8.002197265625,7.030524730682373,7.986636161804199
67.0,-16.875,0.24787673354148865,241.6600341796875,8.002197265625,7.034400463104248,7.986636161804199
68.0,-16.875,0.24786058068275452,241.66183471679688,8.002197265625,7.038245677947998,7.986636161804199
69.0,-16.875,0.24787648022174835,241.66366577148438,8.002197265625,7.042058944702148,7.986636161804199
70.0,-16.875,0.2478700578212738,241.66558837890625,8.002197265625,7.045839309692383,7.986636161804199
71.0,-16.875,0.24786785244941711,241.66757202148438,8.002197265625,7.049585819244385,7.986636161804199
72.0,-16.875,0.24788209795951843,241.6696014404297,8.002197265625,7.05329704284668,7.986636161804199
73.0,-16.875,0.24787341058254242,241.67172241210938,8.002197265625,7.056972503662109,7.986636161804199
74.0,-16.875,0.24786710739135742,241.6739044189453,8.002197265625,7.060610294342041,7.986636161804199
75.0,-16.875,0.24787525832653046,241.67613220214844,8.002197265625,7.064209461212158,7.986636161804199
76.0,-16.875,0.24787193536758423,241.67843627929688,8.002197265625,7.0677690505981445,7.986636161804199
77.0,-16.875,0.2478690892457962,241.68080139160156,8.002197265625,7.071287631988525,7.986636161804199
78.0,-16.875,0.24787867069244385,241.68321228027344,8.002197265625,7.074764728546143,7.986636161804199
79.0,-16.875,0.2478756308555603,241.68569946289062,8.002197265625,7.07819938659668,7.986636161804199
80.0,-16.875,0.2478831261396408,241.688232421875,8.002197265625,7.081589698791504,7.986636161804199
81.0,-16.875,0.24786557257175446,241.69085693359375,8.002197265625,7.084935665130615,7.986636161804199
82.0,-16.875,0.24786913394927979,241.69351196289062,8.002197265625,7.088235378265381,7.986636161804199
83.0,-16.875,0.24786950647830963,241.69622802734375,8.002197265625,7.091487884521484,7.986636161804199
84.0,-16.875,0.24786660075187683,241.69900512695312,8.002197265625,7.094692707061768,7.986636161804199
85.0,-16.875,0.24787096679210663,241.7018280029297,8.002197265625,7.097848892211914,7.986636161804199
86.0,-16.875,0.24787050485610962,241.7047119140625,8.002197265625,7.100955009460449,7.986636161804199
87.0,-16.875,0.24787554144859314,241.7076416015625,8.002197265625,7.104010105133057,7.986636161804199
88.0,-16.875,0.2478647381067276,241.7106475830078,8.002197265625,7.107014179229736,7.986636161804199
89.0,-16.875,0.24786831438541412,241.71368408203125,8.002197265625,7.109964847564697,7.986636161804199
90.0,-16.875,0.24786555767059326,241.71678161621094,8.002197265625,7.112862586975098,7.986636161804199
91.0,-16.875,0.24787534773349762,241.71990966796875,8.002197265625,7.115705490112305,7.986636161804199
92.0,-16.875,0.2478674352169037,241.72311401367188,8.002197265625,7.11849308013916,7.986636161804199
93.0,-16.875,0.24787113070487976,241.72634887695312,8.002197265625,7.121224880218506,7.986636161804199
94.0,-16.875,0.24787496030330658,241.72962951660156,8.002197265625,7.123898983001709,7.986636161804199
95.0,-16.875,0.24787965416908264,241.7329559326172,8.002197265625,7.126516342163086,7.986636161804199
96.0,-16.875,0.24787446856498718,241.73634338378906,8.002197265625,7.129074573516846,7.986636161804199
97.0,-16.875,0.24786876142024994,241.73977661132812,8.002197265625,7.131573677062988,7.986636161804199
98.0,-16.875,0.24786998331546783,241.7432403564453,8.002197265625,7.134012222290039,7.986636161804199
99.0,-16.875,0.2478693425655365,241.7467498779297,8.002197265625,7.136390209197998,7.986636161804199
100.0,-16.875,0.24787436425685883,241.7502899169922,8.002197265625,7.138706684112549,7.986636161804199
101.0,-16.875,0.24787592887878418,241.75387573242188,8.002197265625,7.140960693359375,7.986636161804199
102.0,-16.875,0.2478739619255066,241.75750732421875,8.002197265625,7.143151760101318,7.986636161804199
103.0,-16.875,0.24786798655986786,241.7611846923828,8.002197265625,7.1452789306640625,7.986636161804199
104.0,-16.875,0.24787268042564392,241.76487731933594,8.002197265625,7.147342205047607,7.986636161804199
105.0,-16.875,0.2478725165128708,241.76861572265625,8.002197265625,7.149340629577637,7.986636161804199
106.0,-16.875,0.24787376821041107,241.7723846435547,8.002197265625,7.151273250579834,7.986636161804199
107.0,-16.875,0.24786987900733948,241.7761993408203,8.002197265625,7.153140068054199,7.986636161804199
108.0,-16.875,0.24787306785583496,241.780029296875,8.002197265625,7.154940128326416,7.986636161804199
109.0,-16.875,0.24787575006484985,241.7838897705078,8.002197265625,7.156672477722168,7.986636161804199
110.0,-16.875,0.24787835776805878,241.78778076171875,8.002197265625,7.158337593078613,7.986636161804199
111.0,-16.875,0.2478741556406021,241.79171752929688,8.002197265625,7.159934043884277,7.986636161804199
112.0,-16.875,0.24787452816963196,241.79566955566406,8.002197265625,7.16146183013916,7.986636161804199
113.0,-16.875,0.2478739321231842,241.79965209960938,8.002197265625,7.162920951843262,7.986636161804199
114.0,-16.875,0.24787560105323792,241.80364990234375,8.002197265625,7.164309501647949,7.986636161804199
115.0,-16.875,0.24787092208862305,241.8076934814453,8.002197265625,7.165628433227539,7.986636161804199
116.0,-16.875,0.24787726998329163,241.8117218017578,8.002197265625,7.166876792907715,7.986636161804199
117.0,-16.875,0.24787268042564392,241.81581115722656,8.002197265625,7.168054580688477,7.986636161804199
118.0,-16.875,0.24787333607673645,241.8199005126953,8.002197265625,7.169160842895508,7.986636161804199
119.0,-16.875,0.2478782683610916,241.82398986816406,8.002197265625,7.170195579528809,7.986636161804199
120.0,-16.875,0.2478763461112976,241.828125,8.002197265625,7.171158313751221,7.986636161804199
121.0,-16.875,0.24787504971027374,241.832275390625,8.002197265625,7.172049045562744,7.986636161804199
122.0,-16.875,0.24787388741970062,241.83644104003906,8.002197265625,7.172867298126221,7.986636161804199
123.0,-16.875,0.24787496030330658,241.84060668945312,8.002197265625,7.173612594604492,7.986636161804199
124.0,-16.875,0.24787583947181702,241.84478759765625,8.002197265625,7.174285411834717,7.986636161804199
125.0,-16.875,0.24787819385528564,241.84896850585938,8.002197265625,7.174885272979736,7.986636161804199
126.0,-16.875,0.24787497520446777,241.8531951904297,8.002197265625,7.175410747528076,7.986636161804199
127.0,-16.875,0.24787716567516327,241.85739135742188,8.002197265625,7.175863742828369,7.986636161804199
128.0,-16.875,0.24787665903568268,241.8616180419922,8.002197265625,7.176242828369141,7.986636161804199
129.0,-16.875,0.24787555634975433,241.86585998535156,8.002197265625,7.176548004150391,7.986636161804199
130.0,-16.875,0.24787695705890656,241.8700714111328,8.002197265625,7.176779747009277,7.986636161804199
131.0,-16.875,0.24787688255310059,241.8743133544922,8.002197265625,7.176937580108643,7.986636161804199
132.0,-16.875,0.2478770613670349,241.87855529785156,8.002197265625,7.177021503448486,7.986636161804199
133.0,-16.875,0.24787691235542297,241.88278198242188,8.002197265625,7.17703104019165,7.986636161804199
134.0,-16.875,0.24787680804729462,241.88702392578125,8.002197265625,7.176966667175293,7.986636161804199
135.0,-16.875,0.24787692725658417,241.89126586914062,8.002197265625,7.176828384399414,7.986636161804199
136.0,-16.875,0.24787792563438416,241.8955078125,8.002197265625,7.176616668701172,7.986636161804199
137.0,-16.875,0.24787671864032745,241.89971923828125,8.002197265625,7.17633056640625,7.986636161804199
138.0,-16.875,0.24787718057632446,241.90394592285156,8.002197265625,7.175971031188965,7.986636161804199
139.0,-16.875,0.2478766143321991,241.9081573486328,8.002197265625,7.175537586212158,7.986636161804199
140.0,-16.875,0.24787700176239014,241.91236877441406,8.002197265625,7.175030708312988,7.986636161804199
141.0,-16.875,0.2478770762681961,241.91656494140625,8.002197265625,7.174450874328613,7.986636161804199
142.0,-16.875,0.2478761225938797,241.92074584960938,8.002197265625,7.173797607421875,7.986636161804199
143.0,-16.875,0.2478797882795334,241.92494201660156,8.002197265625,7.173071384429932,7.986636161804199
144.0,-16.875,0.24788065254688263,241.92910766601562,8.002197265625,7.172272205352783,7.986636161804199
145.0,-16.875,0.24788150191307068,241.93325805664062,8.002197265625,7.171400547027588,7.986636161804199
146.0,-16.875,0.24787938594818115,241.9373779296875,8.002197265625,7.170456886291504,7.986636161804199
147.0,-16.875,0.24788054823875427,241.94149780273438,8.002197265625,7.169440746307373,7.986636161804199
148.0,-16.875,0.247879296541214,241.94558715820312,8.002197265625,7.16835355758667,7.986636161804199
149.0,-16.875,0.24787837266921997,241.9496612548828,8.002197265625,7.167194366455078,7.986636161804199
150.0,-16.875,0.24787981808185577,241.95372009277344,8.002197265625,7.1659650802612305,7.986636161804199
151.0,-16.875,0.24787834286689758,241.95774841308594,8.002197265625,7.1646647453308105,7.986636161804199
152.0,-16.875,0.24787400662899017,241.9617462158203,8.002197265625,7.163293838500977,7.986636161804199
153.0,-16.875,0.2478777915239334,241.9657440185547,8.002197265625,7.161853313446045,7.986636161804199
154.0,-16.875,0.24788084626197815,241.96971130371094,8.002197265625,7.160344123840332,7.986636161804199
155.0,-16.875,0.24788260459899902,241.97364807128906,8.002197265625,7.15876579284668,7.986636161804199
156.0,-16.875,0.2478773593902588,241.9775390625,8.002197265625,7.157118797302246,7.986636161804199
157.0,-16.875,0.24788373708724976,241.98143005371094,8.002197265625,7.155404090881348,7.986636161804199
158.0,-16.875,0.24787703156471252,241.98526000976562,8.002197265625,7.153621196746826,7.986636161804199
159.0,-16.875,0.24787794053554535,241.98907470703125,8.002197265625,7.151772499084473,7.986636161804199
160.0,-16.875,0.2478867918252945,241.9928741455078,8.002197265625,7.149857521057129,7.986636161804199
161.0,-16.875,0.24787601828575134,241.99659729003906,8.002197265625,7.147876262664795,7.986636161804199
162.0,-16.875,0.24788162112236023,242.0003204345703,8.002197265625,7.145830154418945,7.986636161804199
163.0,-16.875,0.2478753924369812,242.0039825439453,8.002197265625,7.143719673156738,7.986636161804199
164.0,-16.875,0.2478799819946289,242.00762939453125,8.002197265625,7.141545295715332,7.986636161804199
165.0,-16.875,0.2478812336921692,242.01123046875,8.002197265625,7.139307975769043,7.986636161804199
166.0,-16.875,0.2478787899017334,242.01478576660156,8.002197265625,7.137007713317871,7.986636161804199
167.0,-16.875,0.24788208305835724,242.018310546875,8.002197265625,7.134645938873291,7.986636161804199
168.0,-16.875,0.24787423014640808,242.0217742919922,8.002197265625,7.132222652435303,7.986636161804199
169.0,-16.875,0.2478737235069275,242.02520751953125,8.002197265625,7.129739761352539,7.986636161804199
170.0,-16.875,0.24788108468055725,242.0286102294922,8.002197265625,7.127197265625,7.986636161804199
171.0,-16.875,0.2478790283203125,242.03195190429688,8.002197265625,7.124596118927002,7.986636161804199
172.0,-16.875,0.2478855848312378,242.03526306152344,8.002197265625,7.121935844421387,7.986636161804199
173.0,-16.875,0.2478748857975006,242.0384979248047,8.002197265625,7.119219779968262,7.986636161804199
174.0,-16.875,0.24788418412208557,242.04171752929688,8.002197265625,7.116446495056152,7.986636161804199
175.0,-16.875,0.2478758990764618,242.04486083984375,8.002197265625,7.113617897033691,7.986636161804199
176.0,-16.875,0.24788051843643188,242.0479736328125,8.002197265625,7.110734939575195,7.986636161804199
177.0,-16.875,0.24788862466812134,242.05104064941406,8.002197265625,7.107798099517822,7.986636161804199
178.0,-16.875,0.24789020419120789,242.05404663085938,8.002197265625,7.1048078536987305,7.986636161804199
179.0,-16.875,0.24788649380207062,242.05699157714844,8.002197265625,7.101766586303711,7.986636161804199
180.0,-16.875,0.24788761138916016,242.0598907470703,8.002197265625,7.098673343658447,7.986636161804199
181.0,-16.875,0.24788394570350647,242.06272888183594,8.002197265625,7.095530033111572,7.986636161804199
182.0,-16.875,0.24788784980773926,242.06552124023438,8.002197265625,7.092338562011719,7.986636161804199
183.0,-16.875,0.24788758158683777,242.06825256347656,8.002197265625,7.08909797668457,7.986636161804199
184.0,-16.875,0.24788445234298706,242.0709228515625,8.002197265625,7.085810661315918,7.986636161804199
185.0,-16.875,0.24787895381450653,242.0735321044922,8.002197265625,7.082477569580078,7.986636161804199
186.0,-16.875,0.24787071347236633,242.07608032226562,8.002197265625,7.079098224639893,7.986636161804199
187.0,-16.875,0.24787378311157227,242.07858276367188,8.002197265625,7.075675964355469,7.986636161804199
188.0,-16.875,0.2478877604007721,242.08103942871094,8.002197265625,7.072209358215332,7.986636161804199
189.0,-16.875,0.24788983166217804,242.0834197998047,8.002197265625,7.068701267242432,7.986636161804199
190.0,-16.875,0.24788004159927368,242.08572387695312,8.002197265625,7.065152645111084,7.986636161804199
191.0,-16.875,0.24788367748260498,242.08798217773438,8.002197265625,7.061563968658447,7.986636161804199
192.0,-16.875,0.24788886308670044,242.09017944335938,8.002197265625,7.057936191558838,7.986636161804199
193.0,-16.875,0.2478834092617035,242.09230041503906,8.002197265625,7.0542707443237305,7.986636161804199
194.0,-16.875,0.24788081645965576,242.0943603515625,8.002197265625,7.0505690574646,7.986636161804199
195.0,-16.875,0.24788138270378113,242.0963592529297,8.002197265625,7.0468316078186035,7.986636161804199
196.0,-16.875,0.24788610637187958,242.09829711914062,8.002197265625,7.043060302734375,7.986636161804199
197.0,-16.875,0.24788157641887665,242.10015869140625,8.002197265625,7.039255142211914,7.986636161804199
198.0,-16.875,0.24788206815719604,242.10195922851562,8.002197265625,7.0354180335998535,7.986636161804199
199.0,-16.875,0.2478882521390915,242.10369873046875,8.002197265625,7.031550407409668,7.986636161804199
200.0,-16.875,0.24788683652877808,242.10536193847656,8.002197265625,7.027653217315674,7.986636161804199
201.0,-16.875,0.2478780448436737,242.10694885253906,8.002197265625,7.0237274169921875,7.986636161804199
202.0,-16.875,0.24789021909236908,242.10848999023438,8.002197265625,7.019774436950684,7.986636161804199
203.0,-16.875,0.24788188934326172,242.1099395751953,8.002197265625,7.0157952308654785,7.986636161804199
204.0,-16.875,0.2478816658258438,242.111328125,8.002197265625,7.011791706085205,7.986636161804199
205.0,-16.875,0.24788963794708252,242.11265563964844,8.002197265625,7.007763862609863,7.986636161804199
206.0,-16.875,0.24789226055145264,242.11390686035156,8.002197265625,7.003713607788086,7.986636161804199
207.0,-16.875,0.24787560105323792,242.1150665283203,8.002197265625,6.999642848968506,7.986636161804199
208.0,-16.875,0.24788272380828857,242.11618041992188,8.002197265625,6.995551586151123,7.986636161804199
209.0,-16.875,0.2478855699300766,242.11721801757812,8.002197265625,6.9914422035217285,7.986636161804199
210.0,-16.875,0.24788405001163483,242.11817932128906,8.002197265625,6.987314701080322,7.986636161804199
211.0,-16.875,0.2478933036327362,242.11907958984375,8.002197265625,6.983171463012695,7.986636161804199
212.0,-16.875,0.2478988617658615,242.11990356445312,8.002197265625,6.979012966156006,7.986636161804199
213.0,-16.875,0.24788635969161987,242.12063598632812,8.002197265625,6.974841594696045,7.986636161804199
214.0,-16.875,0.24788512289524078,242.12130737304688,8.002197265625,6.970656871795654,7.986636161804199
215.0,-16.875,0.24788084626197815,242.1219024658203,8.002197265625,6.966461181640625,7.986636161804199
216.0,-16.875,0.24788859486579895,242.1224365234375,8.002197265625,6.96225643157959,7.986636161804199
217.0,-16.875,0.24787865579128265,242.1228790283203,8.002197265625,6.958042621612549,7.986636161804199
218.0,-16.875,0.2478809505701065,242.12326049804688,8.002197265625,6.953821182250977,7.986636161804199
219.0,-16.875,0.24788080155849457,242.12356567382812,8.002197265625,6.949594497680664,7.986636161804199
220.0,-16.875,0.24787820875644684,242.12379455566406,8.002197265625,6.9453630447387695,7.986636161804199
221.0,-16.875,0.24788817763328552,242.12396240234375,8.002197265625,6.941127777099609,7.986636161804199
222.0,-16.875,0.24788090586662292,242.12403869628906,8.002197265625,6.936890602111816,7.986636161804199
223.0,-16.875,0.24787133932113647,242.12403869628906,8.002197265625,6.932652473449707,7.986636161804199
224.0,-16.875,0.24788938462734222,242.12399291992188,8.002197265625,6.928414821624756,7.986636161804199
225.0,-16.875,0.2478901892900467,242.1238555908203,8.002197265625,6.9241790771484375,7.986636161804199
226.0,-16.875,0.2478737235069275,242.12362670898438,8.002197265625,6.919946193695068,7.986636161804199
227.0,-16.875,0.24788467586040497,242.12335205078125,8.002197265625,6.915718078613281,7.986636161804199
228.0,-16.875,0.24787823855876923,242.12298583984375,8.002197265625,6.911495685577393,7.986636161804199
229.0,-16.875,0.247884139418602,242.12255859375,8.002197265625,6.9072794914245605,7.986636161804199
230.0,-16.875,0.24788729846477509,242.12205505371094,8.002197265625,6.903071880340576,7.986636161804199
231.0,-16.875,0.24788764119148254,242.12147521972656,8.002197265625,6.898873329162598,7.986636161804199
232.0,-16.875,0.2478848695755005,242.12081909179688,8.002197265625,6.894686222076416,7.986636161804199
233.0,-16.875,0.24787892401218414,242.12008666992188,8.002197265625,6.8905110359191895,7.986636161804199
234.0,-16.875,0.24788428843021393,242.11929321289062,8.002197265625,6.886349201202393,7.986636161804199
235.0,-16.875,0.24788601696491241,242.11842346191406,8.002197265625,6.882201671600342,7.986636161804199
236.0,-16.875,0.24788382649421692,242.1174774169922,8.002197265625,6.87807035446167,7.986636161804199
237.0,-16.875,0.2478920966386795,242.11647033691406,8.002197265625,6.873955726623535,7.986636161804199
238.0,-16.875,0.24788157641887665,242.11537170410156,8.002197265625,6.869859218597412,7.986636161804199
239.0,-16.875,0.2478806972503662,242.1142120361328,8.002197265625,6.865782737731934,7.986636161804199
240.0,-16.875,0.24788907170295715,242.1129913330078,8.002197265625,6.861727237701416,7.986636161804199
241.0,-16.875,0.2478920966386795,242.1116943359375,8.002197265625,6.857693672180176,7.986636161804199
242.0,-16.875,0.24787531793117523,242.1103057861328,8.002197265625,6.8536834716796875,7.986636161804199
243.0,-16.875,0.24789486825466156,242.10888671875,8.002197265625,6.849697589874268,7.986636161804199
244.0,-16.875,0.2478799968957901,242.10736083984375,8.002197265625,6.845737457275391,7.986636161804199
245.0,-16.875,0.24788616597652435,242.1057891845703,8.002197265625,6.841804504394531,7.986636161804199
246.0,-16.875,0.24788515269756317,242.10414123535156,8.002197265625,6.837899684906006,7.986636161804199
247.0,-16.875,0.24789036810398102,242.10243225097656,8.002197265625,6.834023952484131,7.986636161804199
248.0,-16.875,0.24787411093711853,242.1006317138672,8.002197265625,6.830178737640381,7.986636161804199
249.0,-16.875,0.24788986146450043,242.0988006591797,8.002197265625,6.8263654708862305,7.986636161804199
250.0,-16.875,0.24788355827331543,242.0968780517578,8.002197265625,6.822584629058838,7.986636161804199
251.0,-16.875,0.24788101017475128,242.0948944091797,8.002197265625,6.818838596343994,7.986636161804199
252.0,-16.875,0.24789535999298096,242.09286499023438,8.002197265625,6.815126895904541,7.986636161804199
253.0,-16.875,0.2478863149881363,242.0907440185547,8.002197265625,6.8114519119262695,7.986636161804199
254.0,-16.875,0.24787989258766174,242.08856201171875,8.002197265625,6.807814121246338,7.986636161804199
255.0,-16.875,0.24788787961006165,242.08633422851562,8.002197265625,6.804214954376221,7.986636161804199
256.0,-16.875,0.24788442254066467,242.0840301513672,8.002197265625,6.800655364990234,7.986636161804199
257.0,-16.875,0.2478814423084259,242.0816650390625,8.002197265625,6.7971367835998535,7.986636161804199
258.0,-16.875,0.2478911280632019,242.07925415039062,8.002197265625,6.793659210205078,7.986636161804199
259.0,-16.875,0.24788767099380493,242.07676696777344,8.002197265625,6.790225028991699,7.986636161804199
260.0,-16.875,0.247895285487175,242.07423400878906,8.002197265625,6.786834239959717,7.986636161804199
261.0,-16.875,0.24787728488445282,242.0716094970703,8.002197265625,6.783488750457764,7.986636161804199
262.0,-16.875,0.24788068234920502,242.06895446777344,8.002197265625,6.780189037322998,7.986636161804199
263.0,-16.875,0.24788090586662292,242.0662384033203,8.002197265625,6.7769365310668945,7.986636161804199
264.0,-16.875,0.2478778064250946,242.06346130371094,8.002197265625,6.773731708526611,7.986636161804199
265.0,-16.875,0.24788200855255127,242.06063842773438,8.002197265625,6.770575523376465,7.986636161804199
266.0,-16.875,0.24788138270378113,242.05775451660156,8.002197265625,6.76746940612793,7.986636161804199
267.0,-16.875,0.24788621068000793,242.05482482910156,8.002197265625,6.764414310455322,7.986636161804199
268.0,-16.875,0.24787524342536926,242.05181884765625,8.002197265625,6.761410236358643,7.986636161804199
269.0,-16.875,0.24787896871566772,242.0487823486328,8.002197265625,6.758459091186523,7.986636161804199
270.0,-16.875,0.24787569046020508,242.04568481445312,8.002197265625,6.755561828613281,7.986636161804199
271.0,-16.875,0.24788528680801392,242.0425567626953,8.002197265625,6.752718925476074,7.986636161804199
272.0,-16.875,0.24787753820419312,242.0393524169922,8.002197265625,6.7499308586120605,7.986636161804199
273.0,-16.875,0.24788065254688263,242.03611755371094,8.002197265625,6.747199535369873,7.986636161804199
274.0,-16.875,0.24788428843021393,242.0328369140625,8.002197265625,6.74452543258667,7.986636161804199
275.0,-16.875,0.24788916110992432,242.02951049804688,8.002197265625,6.741907596588135,7.986636161804199
276.0,-16.875,0.2478833943605423,242.026123046875,8.002197265625,6.739349842071533,7.986636161804199
277.0,-16.875,0.24787746369838715,242.02268981933594,8.002197265625,6.736850738525391,7.986636161804199
278.0,-16.875,0.24787847697734833,242.01922607421875,8.002197265625,6.73441219329834,7.986636161804199
279.0,-16.875,0.24787801504135132,242.01571655273438,8.002197265625,6.732033729553223,7.986636161804199
280.0,-16.875,0.2478824257850647,242.01217651367188,8.002197265625,6.72971773147583,7.986636161804199
281.0,-16.875,0.24788376688957214,242.0085906982422,8.002197265625,6.727463722229004,7.986636161804199
282.0,-16.875,0.24788159132003784,242.0049591064453,8.002197265625,6.7252726554870605,7.986636161804199
283.0,-16.875,0.24787577986717224,242.00128173828125,8.002197265625,6.723145008087158,7.986636161804199
284.0,-16.875,0.2478802651166916,241.99758911132812,8.002197265625,6.721081733703613,7.986636161804199
285.0,-16.875,0.24787984788417816,241.9938507080078,8.002197265625,6.719083309173584,7.986636161804199
286.0,-16.875,0.2478804737329483,241.99008178710938,8.002197265625,6.717151165008545,7.986636161804199
287.0,-16.875,0.24787676334381104,241.98626708984375,8.002197265625,6.7152838706970215,7.986636161804199
288.0,-16.875,0.247879296541214,241.98243713378906,8.002197265625,6.713484287261963,7.986636161804199
289.0,-16.875,0.24788174033164978,241.97857666015625,8.002197265625,6.711751937866211,7.986636161804199
290.0,-16.875,0.2478841245174408,241.9746856689453,8.002197265625,6.710086822509766,7.986636161804199
291.0,-16.875,0.24787965416908264,241.9707489013672,8.002197265625,6.708490371704102,7.986636161804199
292.0,-16.875,0.24787980318069458,241.966796875,8.002197265625,6.706962585449219,7.986636161804199
293.0,-16.875,0.24787895381450653,241.9628143310547,8.002197265625,6.705503463745117,7.986636161804199
294.0,-16.875,0.24788036942481995,241.9588165283203,8.002197265625,6.70411491394043,7.986636161804199
295.0,-16.875,0.2478758990764618,241.95477294921875,8.002197265625,6.702795505523682,7.986636161804199
296.0,-16.875,0.24788199365139008,241.95074462890625,8.002197265625,6.701547145843506,7.986636161804199
297.0,-16.875,0.24787670373916626,241.9466552734375,8.002197265625,6.700369834899902,7.986636161804199
298.0,-16.875,0.2478770911693573,241.94256591796875,8.002197265625,6.699263572692871,7.986636161804199
299.0,-16.875,0.24788178503513336,241.9384765625,8.002197265625,6.69822883605957,7.986636161804199
300.0,-16.875,0.24788008630275726,241.93434143066406,8.002197265625,6.697265625,7.986636161804199
301.0,-16.875,0.2478785216808319,241.93019104003906,8.002197265625,6.696374893188477,7.986636161804199
302.0,-16.875,0.24787664413452148,241.926025390625,8.002197265625,6.695557117462158,7.986636161804199
303.0,-16.875,0.24787744879722595,241.92185974121094,8.002197265625,6.694811820983887,7.986636161804199
304.0,-16.875,0.2478780746459961,241.9176788330078,8.002197265625,6.694139003753662,7.986636161804199
305.0,-16.875,0.24788017570972443,241.9134979248047,8.002197265625,6.693539142608643,7.986636161804199
306.0,-16.875,0.24787715077400208,241.90927124023438,8.002197265625,6.6930131912231445,7.986636161804199
307.0,-16.875,0.24787862598896027,241.9050750732422,8.002197265625,6.69256067276001,7.986636161804199
308.0,-16.875,0.2478783279657364,241.90084838867188,8.002197265625,6.69218111038208,7.986636161804199
309.0,-16.875,0.24787652492523193,241.8966064453125,8.002197265625,6.691876411437988,7.986636161804199
310.0,-16.875,0.24787810444831848,241.89239501953125,8.002197265625,6.691644191741943,7.986636161804199
311.0,-16.875,0.24787728488445282,241.88815307617188,8.002197265625,6.691486835479736,7.986636161804199
312.0,-16.875,0.24787722527980804,241.8839111328125,8.002197265625,6.691402912139893,7.986636161804199
313.0,-16.875,0.2478768229484558,241.8796844482422,8.002197265625,6.6913933753967285,7.986636161804199
314.0,-16.875,0.24787645041942596,241.8754425048828,8.002197265625,6.691457748413086,7.986636161804199
315.0,-16.875,0.24787677824497223,241.87120056152344,8.002197265625,6.691595554351807,7.986636161804199
316.0,-16.875,0.24787704646587372,241.86695861816406,8.002197265625,6.691807746887207,7.986636161804199
317.0,-16.875,0.24787557125091553,241.8627471923828,8.002197265625,6.692093849182129,7.986636161804199
318.0,-16.875,0.24787577986717224,241.8585205078125,8.002197265625,6.692453384399414,7.986636161804199
319.0,-16.875,0.2478754073381424,241.85430908203125,8.002197265625,6.6928863525390625,7.986636161804199
320.0,-16.875,0.24787554144859314,241.85009765625,8.002197265625,6.693393230438232,7.986636161804199
321.0,-16.875,0.2478749006986618,241.8459014892578,8.002197265625,6.693973541259766,7.986636161804199
322.0,-16.875,0.2478736937046051,241.8417205810547,8.002197265625,6.694626808166504,7.986636161804199
323.0,-16.875,0.2478771060705185,241.8375244140625,8.002197265625,6.695353031158447,7.986636161804199
324.0,-16.875,0.24787768721580505,241.83335876464844,8.002197265625,6.696152210235596,7.986636161804199
325.0,-16.875,0.24787509441375732,241.8292236328125,8.002197265625,6.697023868560791,7.986636161804199
326.0,-16.875,0.24787592887878418,241.82508850097656,8.002197265625,6.697967529296875,7.986636161804199
327.0,-16.875,0.247876837849617,241.8209686279297,8.002197265625,6.698983669281006,7.986636161804199
328.0,-16.875,0.24787533283233643,241.81687927246094,8.002197265625,6.700070858001709,7.986636161804199
329.0,-16.875,0.24787414073944092,241.81280517578125,8.002197265625,6.701230049133301,7.986636161804199
330.0,-16.875,0.24787534773349762,241.80874633789062,8.002197265625,6.702459335327148,7.986636161804199
331.0,-16.875,0.24787363409996033,241.80471801757812,8.002197265625,6.703759670257568,7.986636161804199
332.0,-16.875,0.24786949157714844,241.80072021484375,8.002197265625,6.705130100250244,7.986636161804199
333.0,-16.875,0.24787300825119019,241.79672241210938,8.002197265625,6.706570625305176,7.986636161804199
334.0,-16.875,0.2478754222393036,241.79275512695312,8.002197265625,6.708080291748047,7.986636161804199
335.0,-16.875,0.24787692725658417,241.788818359375,8.002197265625,6.709658622741699,7.986636161804199
336.0,-16.875,0.24787144362926483,241.78492736816406,8.002197265625,6.711305618286133,7.986636161804199
337.0,-16.875,0.2478775680065155,241.78103637695312,8.002197265625,6.713020324707031,7.986636161804199
338.0,-16.875,0.2478710561990738,241.77720642089844,8.002197265625,6.7148027420043945,7.986636161804199
339.0,-16.875,0.2478713095188141,241.7733917236328,8.002197265625,6.716651916503906,7.986636161804199
340.0,-16.875,0.24787990748882294,241.76959228515625,8.002197265625,6.71856689453125,7.986636161804199
341.0,-16.875,0.24786889553070068,241.765869140625,8.002197265625,6.720548152923584,7.986636161804199
342.0,-16.875,0.24787428975105286,241.76214599609375,8.002197265625,6.722594261169434,7.986636161804199
343.0,-16.875,0.24786782264709473,241.75848388671875,8.002197265625,6.724704742431641,7.986636161804199
344.0,-16.875,0.2478722184896469,241.7548370361328,8.002197265625,6.726879119873047,7.986636161804199
345.0,-16.875,0.2478732317686081,241.75123596191406,8.002197265625,6.729116439819336,7.986636161804199
346.0,-16.875,0.2478705644607544,241.7476806640625,8.002197265625,6.731416702270508,7.986636161804199
347.0,-16.875,0.24787363409996033,241.74415588378906,8.002197265625,6.733778476715088,7.986636161804199
348.0,-16.875,0.2478659600019455,241.74069213867188,8.002197265625,6.736201286315918,7.986636161804199
349.0,-16.875,0.2478652149438858,241.7372589111328,8.002197265625,6.738684177398682,7.986636161804199
350.0,-16.875,0.247871994972229,241.73385620117188,8.002197265625,6.741227149963379,7.986636161804199
351.0,-16.875,0.24786975979804993,241.7305145263672,8.002197265625,6.743828296661377,7.986636161804199
352.0,-16.875,0.24787646532058716,241.72720336914062,8.002197265625,6.746488094329834,7.986636161804199
353.0,-16.875,0.24786517024040222,241.72396850585938,8.002197265625,6.749204635620117,7.986636161804199
354.0,-16.875,0.24787428975105286,241.7207489013672,8.002197265625,6.751977920532227,7.986636161804199
355.0,-16.875,0.24786581099033356,241.7176055908203,8.002197265625,6.7548065185546875,7.986636161804199
356.0,-16.875,0.24787023663520813,241.71449279785156,8.002197265625,6.757689476013184,7.986636161804199
357.0,-16.875,0.24787816405296326,241.71142578125,8.002197265625,6.760626316070557,7.986636161804199
358.0,-16.875,0.24786891043186188,241.70843505859375,8.002197265625,6.763616561889648,7.986636161804199
359.0,-16.875,0.2478756606578827,241.70547485351562,8.002197265625,6.766657829284668,7.986636161804199
0.0,-22.5,0.18792922794818878,241.74578857421875,8.002197265625,6.813818454742432,7.986636161804199
1.0,-22.5,0.18792518973350525,241.74371337890625,8.002197265625,6.8162007331848145,7.986636161804199
2.0,-22.5,0.18792957067489624,241.74166870117188,8.002197265625,6.8186187744140625,7.986636161804199
3.0,-22.5,0.18793129920959473,241.7396697998047,8.002197265625,6.821072578430176,7.986636161804199
4.0,-22.5,0.18793144822120667,241.7377166748047,8.002197265625,6.8235602378845215,7.986636161804199
5.0,-22.5,0.18792960047721863,241.73580932617188,8.002197265625,6.826082229614258,7.986636161804199
6.0,-22.5,0.18792690336704254,241.73394775390625,8.002197265625,6.828636646270752,7.986636161804199
7.0,-22.5,0.18793562054634094,241.73211669921875,8.002197265625,6.831223011016846,7.986636161804199
8.0,-22.5,0.18793141841888428,241.7303466796875,8.002197265625,6.833841800689697,7.986636161804199
9.0,-22.5,0.18792784214019775,241.72862243652344,8.002197265625,6.836490154266357,7.986636161804199
10.0,-22.5,0.1879371702671051,241.7269287109375,8.002197265625,6.839168548583984,7.986636161804199
11.0,-22.5,0.1879349946975708,241.7252960205078,8.002197265625,6.841876029968262,7.986636161804199
12.0,-22.5,0.18793419003486633,241.7237091064453,8.002197265625,6.844611644744873,7.986636161804199
13.0,-22.5,0.1879223883152008,241.72218322753906,8.002197265625,6.847374439239502,7.986636161804199
14.0,-22.5,0.1879388391971588,241.72067260742188,8.002197265625,6.850163459777832,7.986636161804199
15.0,-22.5,0.18794484436511993,241.71922302246094,8.002197265625,6.852978706359863,7.986636161804199
16.0,-22.5,0.1879279464483261,241.7178497314453,8.002197265625,6.855817794799805,7.986636161804199
17.0,-22.5,0.18794061243534088,241.71649169921875,8.002197265625,6.858681678771973,7.986636161804199
18.0,-22.5,0.18793046474456787,241.7152099609375,8.002197265625,6.861568450927734,7.986636161804199
19.0,-22.5,0.18792453408241272,241.71397399902344,8.002197265625,6.864477157592773,7.986636161804199
20.0,-22.5,0.1879369169473648,241.7127685546875,8.002197265625,6.867406845092773,7.986636161804199
21.0,-22.5,0.18794065713882446,241.7116241455078,8.002197265625,6.870357036590576,7.986636161804199
22.0,-22.5,0.18793587386608124,241.71054077148438,8.002197265625,6.873326778411865,7.986636161804199
23.0,-22.5,0.18793675303459167,241.70950317382812,8.002197265625,6.876315116882324,7.986636161804199
24.0,-22.5,0.1879437267780304,241.70851135253906,8.002197265625,6.8793206214904785,7.986636161804199
25.0,-22.5,0.18794290721416473,241.70758056640625,8.002197265625,6.882343292236328,7.986636161804199
26.0,-22.5,0.18793463706970215,241.7067108154297,8.002197265625,6.88538122177124,7.986636161804199
27.0,-22.5,0.18793295323848724,241.7058868408203,8.002197265625,6.888434886932373,7.986636161804199
28.0,-22.5,0.18792426586151123,241.7051239013672,8.002197265625,6.8915019035339355,7.986636161804199
29.0,-22.5,0.18792274594306946,241.70440673828125,8.002197265625,6.894582748413086,7.986636161804199
30.0,-22.5,0.18794357776641846,241.70372009277344,8.002197265625,6.897674083709717,7.986636161804199
31.0,-22.5,0.1879432648420334,241.70310974121094,8.002197265625,6.900777816772461,7.986636161804199
32.0,-22.5,0.18793652951717377,241.7025604248047,8.002197265625,6.903891563415527,7.986636161804199
33.0,-22.5,0.18793801963329315,241.70205688476562,8.002197265625,6.9070143699646,7.986636161804199
34.0,-22.5,0.18793338537216187,241.7016143798828,8.002197265625,6.910145282745361,7.986636161804199
35.0,-22.5,0.18793725967407227,241.7012176513672,8.002197265625,6.913283824920654,7.986636161804199
36.0,-22.5,0.18793520331382751,241.7008819580078,8.002197265625,6.916428565979004,7.986636161804199
37.0,-22.5,0.18794192373752594,241.70059204101562,8.002197265625,6.919579029083252,7.986636161804199
38.0,-22.5,0.1879282295703888,241.70037841796875,8.002197265625,6.922733306884766,7.986636161804199
39.0,-22.5,0.1879381239414215,241.7001953125,8.002197265625,6.925891876220703,7.986636161804199
40.0,-22.5,0.18794240057468414,241.7000732421875,8.002197265625,6.929052829742432,7.986636161804199
41.0,-22.5,0.18792632222175598,241.7000274658203,8.002197265625,6.932215213775635,7.986636161804199
42.0,-22.5,0.1879340410232544,241.70001220703125,8.002197265625,6.935377597808838,7.986636161804199
43.0,-22.5,0.18793612718582153,241.70005798339844,8.002197265625,6.938540458679199,7.986636161804199
44.0,-22.5,0.1879325956106186,241.70016479492188,8.002197265625,6.941701889038086,7.986636161804199
45.0,-22.5,0.1879233866930008,241.70033264160156,8.002197265625,6.944860458374023,7.986636161804199
46.0,-22.5,0.18792317807674408,241.70054626464844,8.002197265625,6.948016166687012,7.986636161804199
47.0,-22.5,0.1879318803548813,241.7008056640625,8.002197265625,6.951167583465576,7.986636161804199
48.0,-22.5,0.1879347711801529,241.7011260986328,8.002197265625,6.954314231872559,7.986636161804199
49.0,-22.5,0.18793167173862457,241.70150756835938,8.002197265625,6.957454204559326,7.986636161804199
50.0,-22.5,0.18793712556362152,241.70193481445312,8.002197265625,6.960587024688721,7.986636161804199
51.0,-22.5,0.18793660402297974,241.70242309570312,8.002197265625,6.963712692260742,7.986636161804199
52.0,-22.5,0.1879296898841858,241.70297241210938,8.002197265625,6.966828346252441,7.986636161804199
53.0,-22.5,0.1879309117794037,241.7035675048828,8.002197265625,6.969934463500977,7.986636161804199
54.0,-22.5,0.1879400908946991,241.70420837402344,8.002197265625,6.973030090332031,7.986636161804199
55.0,-22.5,0.18792809545993805,241.70492553710938,8.002197265625,6.976113319396973,7.986636161804199
56.0,-22.5,0.18793804943561554,241.70567321777344,8.002197265625,6.979184627532959,7.986636161804199
57.0,-22.5,0.18792644143104553,241.7064971923828,8.002197265625,6.982241153717041,7.986636161804199
58.0,-22.5,0.18793615698814392,241.7073516845703,8.002197265625,6.985283851623535,7.986636161804199
59.0,-22.5,0.18793831765651703,241.70826721191406,8.002197265625,6.988310813903809,7.986636161804199
60.0,-22.5,0.18793262541294098,241.70924377441406,8.002197265625,6.991320610046387,7.986636161804199
61.0,-22.5,0.18793320655822754,241.71026611328125,8.002197265625,6.994313716888428,7.986636161804199
62.0,-22.5,0.18792560696601868,241.7113494873047,8.002197265625,6.997288227081299,7.986636161804199
63.0,-22.5,0.1879372000694275,241.71246337890625,8.002197265625,7.000243663787842,7.986636161804199
64.0,-22.5,0.1879265010356903,241.71365356445312,8.002197265625,7.00317907333374,7.986636161804199
65.0,-22.5,0.18792062997817993,241.7148895263672,8.002197265625,7.006093502044678,7.986636161804199
66.0,-22.5,0.187932550907135,241.71615600585938,8.002197265625,7.008985996246338,7.986636161804199
67.0,-22.5,0.18792158365249634,241.71749877929688,8.002197265625,7.011855602264404,7.986636161804199
68.0,-22.5,0.1879274547100067,241.7188720703125,8.002197265625,7.0147013664245605,7.986636161804199
69.0,-22.5,0.1879233717918396,241.72030639648438,8.002197265625,7.017522811889648,7.986636161804199
70.0,-22.5,0.18793514370918274,241.72177124023438,8.002197265625,7.020318984985352,7.986636161804199
71.0,-22.5,0.18792341649532318,241.7233123779297,8.002197265625,7.0230889320373535,7.986636161804199
72.0,-22.5,0.1879262626171112,241.72488403320312,8.002197265625,7.02583122253418,7.986636161804199
73.0,-22.5,0.18793094158172607,241.72650146484375,8.002197265625,7.028546333312988,7.986636161804199
74.0,-22.5,0.1879366934299469,241.72816467285156,8.002197265625,7.031232833862305,7.986636161804199
75.0,-22.5,0.18793049454689026,241.72988891601562,8.002197265625,7.033889293670654,7.986636161804199
76.0,-22.5,0.1879248470067978,241.73165893554688,8.002197265625,7.036515712738037,7.986636161804199
77.0,-22.5,0.18793103098869324,241.73345947265625,8.002197265625,7.0391106605529785,7.986636161804199
78.0,-22.5,0.1879364401102066,241.7353057861328,8.002197265625,7.04167366027832,7.986636161804199
79.0,-22.5,0.18794062733650208,241.73719787597656,8.002197265625,7.044203758239746,7.986636161804199
80.0,-22.5,0.18793179094791412,241.73915100097656,8.002197265625,7.046700477600098,7.986636161804199
81.0,-22.5,0.18793293833732605,241.7411346435547,8.002197265625,7.049163341522217,7.986636161804199
82.0,-22.5,0.18794316053390503,241.74314880371094,8.002197265625,7.051591396331787,7.986636161804199
83.0,-22.5,0.18793874979019165,241.74522399902344,8.002197265625,7.053982734680176,7.986636161804199
84.0,-22.5,0.18793180584907532,241.74734497070312,8.002197265625,7.056338310241699,7.986636161804199
85.0,-22.5,0.18793229758739471,241.74949645996094,8.002197265625,7.058656692504883,7.986636161804199
86.0,-22.5,0.18793894350528717,241.75167846679688,8.002197265625,7.060936450958252,7.986636161804199
87.0,-22.5,0.1879313737154007,241.75392150878906,8.002197265625,7.063178539276123,7.986636161804199
88.0,-22.5,0.18792904913425446,241.75619506835938,8.002197265625,7.065380573272705,7.986636161804199
89.0,-22.5,0.18793201446533203,241.7584991455078,8.002197265625,7.067543029785156,7.986636161804199
90.0,-22.5,0.1879393458366394,241.76083374023438,8.002197265625,7.06966495513916,7.986636161804199
91.0,-22.5,0.18794052302837372,241.76321411132812,8.002197265625,7.0717453956604,7.986636161804199
92.0,-22.5,0.1879265308380127,241.76565551757812,8.002197265625,7.073784351348877,7.986636161804199
93.0,-22.5,0.1879340410232544,241.76809692382812,8.002197265625,7.075780391693115,7.986636161804199
94.0,-22.5,0.18793436884880066,241.7705841064453,8.002197265625,7.077733039855957,7.986636161804199
95.0,-22.5,0.18793711066246033,241.77310180664062,8.002197265625,7.0796427726745605,7.986636161804199
96.0,-22.5,0.18793177604675293,241.77566528320312,8.002197265625,7.081507205963135,7.986636161804199
97.0,-22.5,0.18793635070323944,241.7782440185547,8.002197265625,7.083327293395996,7.986636161804199
98.0,-22.5,0.18793310225009918,241.78086853027344,8.002197265625,7.085102081298828,7.986636161804199
99.0,-22.5,0.1879381537437439,241.78350830078125,8.002197265625,7.086831092834473,7.986636161804199
100.0,-22.5,0.1879342794418335,241.78619384765625,8.002197265625,7.088512897491455,7.986636161804199
101.0,-22.5,0.18793794512748718,241.7888946533203,8.002197265625,7.090148448944092,7.986636161804199
102.0,-22.5,0.18793973326683044,241.7916259765625,8.002197265625,7.09173583984375,7.986636161804199
103.0,-22.5,0.18793350458145142,241.79440307617188,8.002197265625,7.093276023864746,7.986636161804199
104.0,-22.5,0.18793216347694397,241.7971954345703,8.002197265625,7.094767093658447,7.986636161804199
105.0,-22.5,0.18793559074401855,241.8000030517578,8.002197265625,7.096209526062012,7.986636161804199
106.0,-22.5,0.18793660402297974,241.80284118652344,8.002197265625,7.097602844238281,7.986636161804199
107.0,-22.5,0.18793466687202454,241.8057098388672,8.002197265625,7.0989460945129395,7.986636161804199
108.0,-22.5,0.18794187903404236,241.80857849121094,8.002197265625,7.100239276885986,7.986636161804199
109.0,-22.5,0.1879393458366394,241.81149291992188,8.002197265625,7.1014814376831055,7.986636161804199
110.0,-22.5,0.18793991208076477,241.81442260742188,8.002197265625,7.102673530578613,7.986636161804199
111.0,-22.5,0.18793602287769318,241.8173828125,8.002197265625,7.103813171386719,7.986636161804199
112.0,-22.5,0.18793930113315582,241.82034301757812,8.002197265625,7.1049017906188965,7.986636161804199
113.0,-22.5,0.1879386156797409,241.82333374023438,8.002197265625,7.10593843460083,7.986636161804199
114.0,-22.5,0.18793900310993195,241.8263397216797,8.002197265625,7.1069231033325195,7.986636161804199
115.0,-22.5,0.18793907761573792,241.82936096191406,8.002197265625,7.10785436630249,7.986636161804199
116.0,-22.5,0.1879400908946991,241.8323974609375,8.002197265625,7.108733654022217,7.986636161804199
117.0,-22.5,0.18793612718582153,241.83546447753906,8.002197265625,7.109558582305908,7.986636161804199
118.0,-22.5,0.18794013559818268,241.83851623535156,8.002197265625,7.110331058502197,7.986636161804199
119.0,-22.5,0.18793651461601257,241.84161376953125,8.002197265625,7.111049652099609,7.986636161804199
120.0,-22.5,0.18793876469135284,241.84469604492188,8.002197265625,7.1117143630981445,7.986636161804199
121.0,-22.5,0.18793967366218567,241.84779357910156,8.002197265625,7.1123247146606445,7.986636161804199
122.0,-22.5,0.18793991208076477,241.8509063720703,8.002197265625,7.112881183624268,7.986636161804199
123.0,-22.5,0.18793979287147522,241.85403442382812,8.002197265625,7.113383769989014,7.986636161804199
124.0,-22.5,0.18793973326683044,241.85716247558594,8.002197265625,7.11383056640625,7.986636161804199
125.0,-22.5,0.18793949484825134,241.8603057861328,8.002197265625,7.114223480224609,7.986636161804199
126.0,-22.5,0.18794099986553192,241.86343383789062,8.002197265625,7.114561080932617,7.986636161804199
127.0,-22.5,0.1879393607378006,241.86660766601562,8.002197265625,7.11484432220459,7.986636161804199
128.0,-22.5,0.18794037401676178,241.8697509765625,8.002197265625,7.115072250366211,7.986636161804199
129.0,-22.5,0.1879395693540573,241.8729248046875,8.002197265625,7.1152448654174805,7.986636161804199
130.0,-22.5,0.1879400610923767,241.87606811523438,8.002197265625,7.115362167358398,7.986636161804199
131.0,-22.5,0.1879405975341797,241.8792266845703,8.002197265625,7.115425109863281,7.986636161804199
132.0,-22.5,0.1879405379295349,241.8824005126953,8.002197265625,7.115432262420654,7.986636161804199
133.0,-22.5,0.18794038891792297,241.88555908203125,8.002197265625,7.115384101867676,7.986636161804199
134.0,-22.5,0.18794158101081848,241.88873291015625,8.002197265625,7.115281581878662,7.986636161804199
135.0,-22.5,0.18794050812721252,241.89187622070312,8.002197265625,7.1151227951049805,7.986636161804199
136.0,-22.5,0.1879405379295349,241.89503479003906,8.002197265625,7.1149091720581055,7.986636161804199
137.0,-22.5,0.187940314412117,241.89817810058594,8.002197265625,7.114641189575195,7.986636161804199
138.0,-22.5,0.18794122338294983,241.90133666992188,8.002197265625,7.114317417144775,7.986636161804199
139.0,-22.5,0.18794187903404236,241.90447998046875,8.002197265625,7.11393928527832,7.986636161804199
140.0,-22.5,0.18794138729572296,241.90760803222656,8.002197265625,7.113506317138672,7.986636161804199
141.0,-22.5,0.1879422664642334,241.91073608398438,8.002197265625,7.113018989562988,7.986636161804199
142.0,-22.5,0.187941774725914,241.91384887695312,8.002197265625,7.112476825714111,7.986636161804199
143.0,-22.5,0.1879434734582901,241.91696166992188,8.002197265625,7.111880779266357,7.986636161804199
144.0,-22.5,0.18794333934783936,241.92005920410156,8.002197265625,7.111229419708252,7.986636161804199
145.0,-22.5,0.18794052302837372,241.92312622070312,8.002197265625,7.110525608062744,7.986636161804199
146.0,-22.5,0.18794278800487518,241.92620849609375,8.002197265625,7.109766960144043,7.986636161804199
147.0,-22.5,0.18794210255146027,241.92926025390625,8.002197265625,7.1089558601379395,7.986636161804199
148.0,-22.5,0.18794046342372894,241.9322967529297,8.002197265625,7.108090877532959,7.986636161804199
149.0,-22.5,0.18793830275535583,241.93531799316406,8.002197265625,7.10717248916626,7.986636161804199
150.0,-22.5,0.18794205784797668,241.93833923339844,8.002197265625,7.106202602386475,7.986636161804199
151.0,-22.5,0.1879410594701767,241.9413299560547,8.002197265625,7.105179309844971,7.986636161804199
152.0,-22.5,0.1879415363073349,241.94430541992188,8.002197265625,7.104104518890381,7.986636161804199
153.0,-22.5,0.1879432201385498,241.947265625,8.002197265625,7.102977752685547,7.986636161804199
154.0,-22.5,0.18794158101081848,241.9501953125,8.002197265625,7.101799964904785,7.986636161804199
155.0,-22.5,0.18794158101081848,241.95310974121094,8.002197265625,7.1005706787109375,7.986636161804199
156.0,-22.5,0.18794430792331696,241.9560089111328,8.002197265625,7.09929084777832,7.986636161804199
157.0,-22.5,0.18794383108615875,241.95887756347656,8.002197265625,7.097960472106934,7.986636161804199
158.0,-22.5,0.1879410445690155,241.9617156982422,8.002197265625,7.096580982208252,7.986636161804199
159.0,-22.5,0.18794158101081848,241.96453857421875,8.002197265625,7.095151424407959,7.986636161804199
160.0,-22.5,0.18793976306915283,241.9673309326172,8.002197265625,7.093672752380371,7.986636161804199
161.0,-22.5,0.18794295191764832,241.97010803222656,8.002197265625,7.0921454429626465,7.986636161804199
162.0,-22.5,0.18794503808021545,241.9728546142578,8.002197265625,7.090570449829102,7.986636161804199
163.0,-22.5,0.18794585764408112,241.97557067871094,8.002197265625,7.088947772979736,7.986636161804199
164.0,-22.5,0.18794575333595276,241.97825622558594,8.002197265625,7.087277889251709,7.986636161804199
165.0,-22.5,0.18794502317905426,241.9809112548828,8.002197265625,7.085561275482178,7.986636161804199
166.0,-22.5,0.18794403970241547,241.98353576660156,8.002197265625,7.083798408508301,7.986636161804199
167.0,-22.5,0.18794357776641846,241.9861297607422,8.002197265625,7.0819902420043945,7.986636161804199
168.0,-22.5,0.18794408440589905,241.9886932373047,8.002197265625,7.080137252807617,7.986636161804199
169.0,-22.5,0.18794555962085724,241.99122619628906,8.002197265625,7.078239440917969,7.986636161804199
170.0,-22.5,0.18794891238212585,241.9937286376953,8.002197265625,7.076297760009766,7.986636161804199
171.0,-22.5,0.18794530630111694,241.99618530273438,8.002197265625,7.074312686920166,7.986636161804199
172.0,-22.5,0.18794487416744232,241.9986114501953,8.002197265625,7.0722856521606445,7.986636161804199
173.0,-22.5,0.1879471093416214,242.00100708007812,8.002197265625,7.070215702056885,7.986636161804199
174.0,-22.5,0.187943696975708,242.00335693359375,8.002197265625,7.0681047439575195,7.986636161804199
175.0,-22.5,0.18794475495815277,242.00567626953125,8.002197265625,7.065953254699707,7.986636161804199
176.0,-22.5,0.18795055150985718,242.00796508789062,8.002197265625,7.063761234283447,7.986636161804199
177.0,-22.5,0.18794138729572296,242.01019287109375,8.002197265625,7.061530113220215,7.986636161804199
178.0,-22.5,0.18793749809265137,242.01239013671875,8.002197265625,7.059259414672852,7.986636161804199
179.0,-22.5,0.18794076144695282,242.01455688476562,8.002197265625,7.056951522827148,7.986636161804199
180.0,-22.5,0.18794023990631104,242.0166778564453,8.002197265625,7.054605960845947,7.986636161804199
181.0,-22.5,0.18793635070323944,242.0187530517578,8.002197265625,7.0522236824035645,7.986636161804199
182.0,-22.5,0.1879405975341797,242.0207977294922,8.002197265625,7.049805164337158,7.986636161804199
183.0,-22.5,0.18794278800487518,242.02279663085938,8.002197265625,7.047351837158203,7.986636161804199
184.0,-22.5,0.18794280290603638,242.02474975585938,8.002197265625,7.044863700866699,7.986636161804199
185.0,-22.5,0.18794141709804535,242.0266571044922,8.002197265625,7.042342185974121,7.986636161804199
186.0,-22.5,0.1879388391971588,242.0285186767578,8.002197265625,7.039787769317627,7.986636161804199
187.0,-22.5,0.18794745206832886,242.0303497314453,8.002197265625,7.037200927734375,7.986636161804199
188.0,-22.5,0.18794366717338562,242.03211975097656,8.002197265625,7.034582614898682,7.986636161804199
189.0,-22.5,0.18793998658657074,242.03384399414062,8.002197265625,7.031933784484863,7.986636161804199
190.0,-22.5,0.18794968724250793,242.03553771972656,8.002197265625,7.0292558670043945,7.986636161804199
191.0,-22.5,0.18794764578342438,242.03717041015625,8.002197265625,7.026548385620117,7.986636161804199
192.0,-22.5,0.18794673681259155,242.03875732421875,8.002197265625,7.023812294006348,7.986636161804199
193.0,-22.5,0.18793532252311707,242.040283203125,8.002197265625,7.021049976348877,7.986636161804199
194.0,-22.5,0.18795186281204224,242.0417938232422,8.002197265625,7.018260955810547,7.986636161804199
195.0,-22.5,0.1879580169916153,242.04324340820312,8.002197265625,7.015445709228516,7.986636161804199
196.0,-22.5,0.18794120848178864,242.04461669921875,8.002197265625,7.012606620788574,7.986636161804199
197.0,-22.5,0.18795397877693176,242.0459747314453,8.002197265625,7.009742736816406,7.986636161804199
198.0,-22.5,0.1879439502954483,242.04725646972656,8.002197265625,7.0068559646606445,7.986636161804199
199.0,-22.5,0.18793810904026031,242.04849243164062,8.002197265625,7.0039472579956055,7.986636161804199
200.0,-22.5,0.18795059621334076,242.04969787597656,8.002197265625,7.0010175704956055,7.986636161804199
201.0,-22.5,0.18795442581176758,242.05084228515625,8.002197265625,6.998067378997803,7.986636161804199
202.0,-22.5,0.1879497468471527,242.0519256591797,8.002197265625,6.995097637176514,7.986636161804199
203.0,-22.5,0.18795068562030792,242.05296325683594,8.002197265625,6.992109298706055,7.986636161804199
204.0,-22.5,0.18795762956142426,242.053955078125,8.002197265625,6.989103317260742,7.986636161804199
205.0,-22.5,0.1879570037126541,242.0548858642578,8.002197265625,6.986081123352051,7.986636161804199
206.0,-22.5,0.18794867396354675,242.05575561523438,8.002197265625,6.9830427169799805,7.986636161804199
207.0,-22.5,0.18794719874858856,242.05657958984375,8.002197265625,6.979989528656006,7.986636161804199
208.0,-22.5,0.18793857097625732,242.05734252929688,8.002197265625,6.976922512054443,7.986636161804199
209.0,-22.5,0.18793709576129913,242.0580596923828,8.002197265625,6.973841667175293,7.986636161804199
210.0,-22.5,0.18795791268348694,242.05874633789062,8.002197265625,6.970749855041504,7.986636161804199
211.0,-22.5,0.18795771896839142,242.05935668945312,8.002197265625,6.967646598815918,7.986636161804199
212.0,-22.5,0.18795102834701538,242.05990600585938,8.002197265625,6.964532852172852,7.986636161804199
213.0,-22.5,0.18795250356197357,242.06040954589844,8.002197265625,6.961409568786621,7.986636161804199
214.0,-22.5,0.18794791400432587,242.06085205078125,8.002197265625,6.958278656005859,7.986636161804199
215.0,-22.5,0.18795181810855865,242.06124877929688,8.002197265625,6.955140113830566,7.986636161804199
216.0,-22.5,0.18794983625411987,242.06158447265625,8.002197265625,6.951995849609375,7.986636161804199
217.0,-22.5,0.1879565715789795,242.06187438964844,8.002197265625,6.948845386505127,7.986636161804199
218.0,-22.5,0.18794290721416473,242.0620880126953,8.002197265625,6.945691108703613,7.986636161804199
219.0,-22.5,0.18795283138751984,242.06227111816406,8.002197265625,6.942532539367676,7.986636161804199
220.0,-22.5,0.18795710802078247,242.06239318847656,8.002197265625,6.939371585845947,7.986636161804199
221.0,-22.5,0.1879410296678543,242.06243896484375,8.002197265625,6.936209201812744,7.986636161804199
222.0,-22.5,0.18794874846935272,242.0624542236328,8.002197265625,6.933046340942383,7.986636161804199
223.0,-22.5,0.18795083463191986,242.06240844726562,8.002197265625,6.92988395690918,7.986636161804199
224.0,-22.5,0.18794730305671692,242.0623016357422,8.002197265625,6.926722526550293,7.986636161804199
225.0,-22.5,0.18793806433677673,242.0621337890625,8.002197265625,6.9235639572143555,7.986636161804199
226.0,-22.5,0.18793785572052002,242.06192016601562,8.002197265625,6.920408248901367,7.986636161804199
227.0,-22.5,0.18794652819633484,242.06166076660156,8.002197265625,6.917256832122803,7.986636161804199
228.0,-22.5,0.18794938921928406,242.06134033203125,8.002197265625,6.91411018371582,7.986636161804199
229.0,-22.5,0.18794625997543335,242.0609588623047,8.002197265625,6.910970211029053,7.986636161804199
230.0,-22.5,0.18795175850391388,242.06053161621094,8.002197265625,6.9078369140625,7.986636161804199
231.0,-22.5,0.18795111775398254,242.06004333496094,8.002197265625,6.904711723327637,7.986636161804199
232.0,-22.5,0.18794414401054382,242.0594940185547,8.002197265625,6.9015960693359375,7.986636161804199
233.0,-22.5,0.1879454404115677,242.05889892578125,8.002197265625,6.898489475250244,7.986636161804199
234.0,-22.5,0.18795447051525116,242.05825805664062,8.002197265625,6.895394325256348,7.986636161804199
235.0,-22.5,0.1879425197839737,242.0575408935547,8.002197265625,6.892310619354248,7.986636161804199
236.0,-22.5,0.18795229494571686,242.05679321289062,8.002197265625,6.88923978805542,7.986636161804199
237.0,-22.5,0.18794062733650208,242.05596923828125,8.002197265625,6.886183261871338,7.986636161804199
238.0,-22.5,0.1879502683877945,242.05511474609375,8.002197265625,6.883140563964844,7.986636161804199
239.0,-22.5,0.18795238435268402,242.05419921875,8.002197265625,6.88011360168457,7.986636161804199
240.0,-22.5,0.18794673681259155,242.05322265625,8.002197265625,6.877103328704834,7.986636161804199
241.0,-22.5,0.1879470944404602,242.0522003173828,8.002197265625,6.874110698699951,7.986636161804199
242.0,-22.5,0.18793939054012299,242.05111694335938,8.002197265625,6.87113618850708,7.986636161804199
243.0,-22.5,0.18795090913772583,242.0500030517578,8.002197265625,6.868180751800537,7.986636161804199
244.0,-22.5,0.1879401057958603,242.04881286621094,8.002197265625,6.865245342254639,7.986636161804199
245.0,-22.5,0.18793432414531708,242.04757690429688,8.002197265625,6.862330436706543,7.986636161804199
246.0,-22.5,0.18794596195220947,242.0463104248047,8.002197265625,6.859438419342041,7.986636161804199
247.0,-22.5,0.18793487548828125,242.0449676513672,8.002197265625,6.856568813323975,7.986636161804199
248.0,-22.5,0.18794062733650208,242.04359436035156,8.002197265625,6.853723049163818,7.986636161804199
249.0,-22.5,0.1879366636276245,242.0421600341797,8.002197265625,6.850901126861572,7.986636161804199
250.0,-22.5,0.1879481077194214,242.0406951904297,8.002197265625,6.848105430603027,7.986636161804199
251.0,-22.5,0.1879490613937378,242.03916931152344,8.002197265625,6.845335483551025,7.986636161804199
252.0,-22.5,0.18793919682502747,242.03758239746094,8.002197265625,6.842592716217041,7.986636161804199
253.0,-22.5,0.18794375658035278,242.0359649658203,8.002197265625,6.839877605438232,7.986636161804199
254.0,-22.5,0.18794912099838257,242.0343017578125,8.002197265625,6.837191581726074,7.986636161804199
255.0,-22.5,0.18794278800487518,242.03257751464844,8.002197265625,6.834535121917725,7.986636161804199
256.0,-22.5,0.18793699145317078,242.0308074951172,8.002197265625,6.831908702850342,7.986636161804199
257.0,-22.5,0.1879430115222931,242.0290069580078,8.002197265625,6.8293137550354,7.986636161804199
258.0,-22.5,0.1879483163356781,242.02716064453125,8.002197265625,6.826750755310059,7.986636161804199
259.0,-22.5,0.18795260787010193,242.0252685546875,8.002197265625,6.824220180511475,7.986636161804199
260.0,-22.5,0.18794360756874084,242.0233154296875,8.002197265625,6.821723461151123,7.986636161804199
261.0,-22.5,0.18794432282447815,242.02133178710938,8.002197265625,6.819261074066162,7.986636161804199
262.0,-22.5,0.1879543662071228,242.01931762695312,8.002197265625,6.816833019256592,7.986636161804199
263.0,-22.5,0.1879497766494751,242.01724243164062,8.002197265625,6.814441680908203,7.986636161804199
264.0,-22.5,0.18795353174209595,242.01513671875,8.002197265625,6.81208610534668,7.986636161804199
265.0,-22.5,0.1879429966211319,242.01296997070312,8.002197265625,6.809767723083496,7.986636161804199
266.0,-22.5,0.18794946372509003,242.0107879638672,8.002197265625,6.807487964630127,7.986636161804199
267.0,-22.5,0.18794170022010803,242.008544921875,8.002197265625,6.805245876312256,7.986636161804199
268.0,-22.5,0.18793919682502747,242.0062713623047,8.002197265625,6.803043842315674,7.986636161804199
269.0,-22.5,0.18794198334217072,242.00396728515625,8.002197265625,6.800881385803223,7.986636161804199
270.0,-22.5,0.18794912099838257,242.0016326904297,8.002197265625,6.798759460449219,7.986636161804199
271.0,-22.5,0.18795011937618256,241.99925231933594,8.002197265625,6.7966790199279785,7.986636161804199
272.0,-22.5,0.18794529139995575,241.996826171875,8.002197265625,6.794640064239502,7.986636161804199
273.0,-22.5,0.1879432201385498,241.99436950683594,8.002197265625,6.792644023895264,7.986636161804199
274.0,-22.5,0.1879437118768692,241.99188232421875,8.002197265625,6.790690898895264,7.986636161804199
275.0,-22.5,0.1879458874464035,241.98936462402344,8.002197265625,6.788781642913818,7.986636161804199
276.0,-22.5,0.18794071674346924,241.98680114746094,8.002197265625,6.786916732788086,7.986636161804199
277.0,-22.5,0.18795308470726013,241.98423767089844,8.002197265625,6.785097122192383,7.986636161804199
278.0,-22.5,0.18794125318527222,241.98159790039062,8.002197265625,6.783322334289551,7.986636161804199
279.0,-22.5,0.18794608116149902,241.9789581298828,8.002197265625,6.781593322753906,7.986636161804199
280.0,-22.5,0.1879419982433319,241.9762725830078,8.002197265625,6.779911518096924,7.986636161804199
281.0,-22.5,0.1879454255104065,241.97357177734375,8.002197265625,6.778275966644287,7.986636161804199
282.0,-22.5,0.18794740736484528,241.97084045410156,8.002197265625,6.776688098907471,7.986636161804199
283.0,-22.5,0.1879405528306961,241.9680633544922,8.002197265625,6.775148391723633,7.986636161804199
284.0,-22.5,0.18793898820877075,241.96527099609375,8.002197265625,6.773657321929932,7.986636161804199
285.0,-22.5,0.18794260919094086,241.96246337890625,8.002197265625,6.772214412689209,7.986636161804199
286.0,-22.5,0.1879429817199707,241.95962524414062,8.002197265625,6.770821571350098,7.986636161804199
287.0,-22.5,0.18794693052768707,241.95677185058594,8.002197265625,6.7694783210754395,7.986636161804199
288.0,-22.5,0.18794776499271393,241.95388793945312,8.002197265625,6.768185138702393,7.986636161804199
289.0,-22.5,0.18794500827789307,241.9509735107422,8.002197265625,6.766942977905273,7.986636161804199
290.0,-22.5,0.18794533610343933,241.9480438232422,8.002197265625,6.765750885009766,7.986636161804199
291.0,-22.5,0.18794119358062744,241.94508361816406,8.002197265625,6.76461124420166,7.986636161804199
292.0,-22.5,0.187944233417511,241.94212341308594,8.002197265625,6.763522624969482,7.986636161804199
293.0,-22.5,0.18794330954551697,241.9391326904297,8.002197265625,6.762485980987549,7.986636161804199
294.0,-22.5,0.1879434585571289,241.93612670898438,8.002197265625,6.761501312255859,7.986636161804199
295.0,-22.5,0.18794329464435577,241.93310546875,8.002197265625,6.760570049285889,7.986636161804199
296.0,-22.5,0.18794405460357666,241.93006896972656,8.002197265625,6.759690761566162,7.986636161804199
297.0,-22.5,0.18794400990009308,241.92701721191406,8.002197265625,6.7588653564453125,7.986636161804199
298.0,-22.5,0.18794360756874084,241.9239501953125,8.002197265625,6.758093357086182,7.986636161804199
299.0,-22.5,0.18793973326683044,241.9208526611328,8.002197265625,6.7573747634887695,7.986636161804199
300.0,-22.5,0.18794217705726624,241.9177703857422,8.002197265625,6.756709575653076,7.986636161804199
301.0,-22.5,0.18794327974319458,241.9146728515625,8.002197265625,6.756098747253418,7.986636161804199
302.0,-22.5,0.18794283270835876,241.91156005859375,8.002197265625,6.755542755126953,7.986636161804199
303.0,-22.5,0.1879419982433319,241.90843200683594,8.002197265625,6.755040645599365,7.986636161804199
304.0,-22.5,0.18794214725494385,241.90530395507812,8.002197265625,6.754593372344971,7.986636161804199
305.0,-22.5,0.18794119358062744,241.90216064453125,8.002197265625,6.7542009353637695,7.986636161804199
306.0,-22.5,0.18794244527816772,241.89903259277344,8.002197265625,6.753863334655762,7.986636161804199
307.0,-22.5,0.1879405379295349,241.89585876464844,8.002197265625,6.753580093383789,7.986636161804199
308.0,-22.5,0.1879417449235916,241.89271545410156,8.002197265625,6.75335168838501,7.986636161804199
309.0,-22.5,0.18794070184230804,241.88954162597656,8.002197265625,6.75317907333374,7.986636161804199
310.0,-22.5,0.18794092535972595,241.8863983154297,8.002197265625,6.753061771392822,7.986636161804199
311.0,-22.5,0.18794076144695282,241.88323974609375,8.002197265625,6.752999305725098,7.986636161804199
312.0,-22.5,0.18794044852256775,241.88006591796875,8.002197265625,6.752992153167725,7.986636161804199
313.0,-22.5,0.18794004619121552,241.8769073486328,8.002197265625,6.753040313720703,7.986636161804199
314.0,-22.5,0.18794035911560059,241.87374877929688,8.002197265625,6.753142833709717,7.986636161804199
315.0,-22.5,0.18793964385986328,241.87059020996094,8.002197265625,6.753301620483398,7.986636161804199
316.0,-22.5,0.18793940544128418,241.867431640625,8.002197265625,6.753515243530273,7.986636161804199
317.0,-22.5,0.18793892860412598,241.86428833007812,8.002197265625,6.753783226013184,7.986636161804199
318.0,-22.5,0.1879395842552185,241.8611297607422,8.002197265625,6.7541069984436035,7.986636161804199
319.0,-22.5,0.18793998658657074,241.8579864501953,8.002197265625,6.754485130310059,7.986636161804199
320.0,-22.5,0.18793970346450806,241.8548583984375,8.002197265625,6.754917621612549,7.986636161804199
321.0,-22.5,0.1879398673772812,241.8517303466797,8.002197265625,6.755405426025391,7.986636161804199
322.0,-22.5,0.1879391223192215,241.84861755371094,8.002197265625,6.755947589874268,7.986636161804199
323.0,-22.5,0.1879405677318573,241.8455047607422,8.002197265625,6.7565436363220215,7.986636161804199
324.0,-22.5,0.18794064223766327,241.8424072265625,8.002197265625,6.757194519042969,7.986636161804199
325.0,-22.5,0.18793709576129913,241.83934020996094,8.002197265625,6.757898807525635,7.986636161804199
326.0,-22.5,0.1879395842552185,241.8362579345703,8.002197265625,6.758656978607178,7.986636161804199
327.0,-22.5,0.18793818354606628,241.8332061767578,8.002197265625,6.7594685554504395,7.986636161804199
328.0,-22.5,0.18793630599975586,241.83016967773438,8.002197265625,6.76033353805542,7.986636161804199
329.0,-22.5,0.18793433904647827,241.8271484375,8.002197265625,6.761251449584961,7.986636161804199
330.0,-22.5,0.1879374235868454,241.82412719726562,8.002197265625,6.762221813201904,7.986636161804199
331.0,-22.5,0.18793660402297974,241.82113647460938,8.002197265625,6.76324462890625,7.986636161804199
332.0,-22.5,0.18793641030788422,241.8181610107422,8.002197265625,6.764319896697998,7.986636161804199
333.0,-22.5,0.1879378706216812,241.81520080566406,8.002197265625,6.765446662902832,7.986636161804199
334.0,-22.5,0.1879359781742096,241.81227111816406,8.002197265625,6.766624450683594,7.986636161804199
335.0,-22.5,0.1879357248544693,241.80935668945312,8.002197265625,6.767853736877441,7.986636161804199
336.0,-22.5,0.18793822824954987,241.80645751953125,8.002197265625,6.769133567810059,7.986636161804199
337.0,-22.5,0.18793752789497375,241.8035888671875,8.002197265625,6.770463943481445,7.986636161804199
338.0,-22.5,0.1879345178604126,241.80075073242188,8.002197265625,6.771843433380127,7.986636161804199
339.0,-22.5,0.18793483078479767,241.7979278564453,8.002197265625,6.77327299118042,7.986636161804199
340.0,-22.5,0.18793277442455292,241.79513549804688,8.002197265625,6.774751663208008,7.986636161804199
341.0,-22.5,0.18793612718582153,241.7923583984375,8.002197265625,6.776278495788574,7.986636161804199
342.0,-22.5,0.18793760240077972,241.78961181640625,8.002197265625,6.777853965759277,7.986636161804199
343.0,-22.5,0.18793821334838867,241.78689575195312,8.002197265625,6.779476642608643,7.986636161804199
344.0,-22.5,0.1879378855228424,241.78421020507812,8.002197265625,6.78114652633667,7.986636161804199
345.0,-22.5,0.187936931848526,241.78155517578125,8.002197265625,6.782863140106201,7.986636161804199
346.0,-22.5,0.1879357397556305,241.7789306640625,8.002197265625,6.784626007080078,7.986636161804199
347.0,-22.5,0.18793506920337677,241.77633666992188,8.002197265625,6.786434173583984,7.986636161804199
348.0,-22.5,0.18793533742427826,241.77377319335938,8.002197265625,6.788287162780762,7.986636161804199
349.0,-22.5,0.18793663382530212,241.771240234375,8.002197265625,6.79018497467041,7.986636161804199
350.0,-22.5,0.18793979287147522,241.76873779296875,8.002197265625,6.792126655578613,7.986636161804199
351.0,-22.5,0.18793633580207825,241.7662811279297,8.002197265625,6.794111251831055,7.986636161804199
352.0,-22.5,0.18793533742427826,241.76385498046875,8.002197265625,6.796138763427734,7.986636161804199
353.0,-22.5,0.18793737888336182,241.76145935058594,8.002197265625,6.798208713531494,7.986636161804199
354.0,-22.5,0.18793413043022156,241.7591094970703,8.002197265625,6.800319194793701,7.986636161804199
355.0,-22.5,0.18793465197086334,241.7567901611328,8.002197265625,6.802471160888672,7.986636161804199
356.0,-22.5,0.18794026970863342,241.75450134277344,8.002197265625,6.804663181304932,7.986636161804199
357.0,-22.5,0.18793092668056488,241.7522735595703,8.002197265625,6.806894302368164,7.986636161804199
358.0,-22.5,0.18792685866355896,241.7500762939453,8.002197265625,6.809165000915527,7.986636161804199
359.0,-22.5,0.18793025612831116,241.74790954589844,8.002197265625,6.811472415924072,7.986636161804199
