angle,vert_angle,dist,x,y,z,height
0.0,22.5,1.425524353981018,126.49140167236328,10.00329875946045,107.09502410888672,10.218581199645996
1.0,22.5,1.432927131652832,126.5097427368164,9.999309539794922,107.10702514648438,10.218581199645996
2.0,22.5,1.4403743743896484,126.52837371826172,9.995296478271484,107.11876678466797,10.218581199645996
3.0,22.5,1.4478524923324585,126.54731750488281,9.99126148223877,107.13023376464844,10.218581199645996
4.0,22.5,1.4545767307281494,126.56670379638672,9.987637519836426,107.14077758789062,10.218581199645996
5.0,22.5,1.458260416984558,126.58690643310547,9.985651016235352,107.14849853515625,10.218581199645996
6.0,22.5,1.461897611618042,126.60730743408203,9.983687400817871,107.15583801269531,10.218581199645996
7.0,22.5,1.4654920101165771,126.62789154052734,9.981748580932617,107.16279602050781,10.218581199645996
8.0,22.5,1.4690481424331665,126.64864349365234,9.979835510253906,107.16937255859375,10.218581199645996
9.0,22.5,1.4725415706634521,126.66957092285156,9.977948188781738,107.175537109375,10.218581199645996
10.0,22.5,1.4759869575500488,126.69066619873047,9.976089477539062,107.18130493164062,10.218581199645996
11.0,22.5,1.4793837070465088,126.71189880371094,9.974259376525879,107.1866683959961,10.218581199645996
12.0,22.5,1.482724905014038,126.73328399658203,9.972458839416504,107.19161987304688,10.218581199645996
13.0,22.5,1.4860014915466309,126.75480651855469,9.970688819885254,107.1961441040039,10.218581199645996
14.0,22.5,1.4892284870147705,126.77645111083984,9.968950271606445,107.20025634765625,10.218581199645996
15.0,22.5,1.492394208908081,126.7982177734375,9.967245101928711,107.20394134521484,10.218581199645996
16.0,22.5,1.4954952001571655,126.8200912475586,9.96557331085205,107.20719146728516,10.218581199645996
17.0,22.5,1.498532772064209,126.8420639038086,9.963935852050781,107.21000671386719,10.218581199645996
18.0,22.5,1.501495122909546,126.86412048339844,9.962334632873535,107.21237182617188,10.218581199645996
19.0,22.5,1.5043972730636597,126.88626861572266,9.960769653320312,107.21430206298828,10.218581199645996
20.0,22.5,1.5072336196899414,126.90847778320312,9.95924186706543,107.21578979492188,10.218581199645996
21.0,22.5,1.5099984407424927,126.93074798583984,9.95775318145752,107.21682739257812,10.218581199645996
22.0,22.5,1.5126867294311523,126.95307159423828,9.956303596496582,107.2174072265625,10.218581199645996
23.0,22.5,1.51529860496521,126.97543334960938,9.954894065856934,107.217529296875,10.218581199645996
24.0,22.5,1.517835021018982,126.9978256225586,9.95352554321289,107.21719360351562,10.218581199645996
25.0,22.5,1.5202950239181519,127.02023315429688,9.952199935913086,107.21640014648438,10.218581199645996
26.0,22.5,1.5226796865463257,127.04264831542969,9.950916290283203,107.21514892578125,10.218581199645996
27.0,22.5,1.5249695777893066,127.0650634765625,9.949676513671875,107.21341705322266,10.218581199645996
28.0,22.5,1.5271902084350586,127.08747100830078,9.948481559753418,107.21123504638672,10.218581199645996
29.0,22.5,1.5293203592300415,127.10984802246094,9.947331428527832,107.20858001708984,10.218581199645996
30.0,22.5,1.5286264419555664,127.13168334960938,9.94770622253418,107.20320892333984,10.218581199645996
31.0,22.5,1.5183703899383545,127.15147399902344,9.953237533569336,107.18964385986328,10.218581199645996
32.0,22.5,1.5224277973175049,127.1739730834961,9.951050758361816,107.18742370605469,10.218581199645996
33.0,22.5,1.5260858535766602,127.19639587402344,9.949078559875488,107.1844711303711,10.218581199645996
34.0,22.5,1.5293378829956055,127.21871185302734,9.947324752807617,107.1807861328125,10.218581199645996
35.0,22.5,1.5321732759475708,127.24090576171875,9.945795059204102,107.17636108398438,10.218581199645996
36.0,22.5,1.53459632396698,127.262939453125,9.944489479064941,107.17121124267578,10.218581199645996
37.0,22.5,1.5365935564041138,127.2847900390625,9.943412780761719,107.16532897949219,10.218581199645996
38.0,22.5,1.5381643772125244,127.30644989013672,9.94256591796875,107.1587142944336,10.218581199645996
39.0,22.5,1.5393025875091553,127.3278579711914,9.941950798034668,107.15138244628906,10.218581199645996
40.0,22.5,1.5400105714797974,127.3490219116211,9.941568374633789,107.1433334350586,10.218581199645996
41.0,22.5,1.5402851104736328,127.3698959350586,9.941420555114746,107.13458251953125,10.218581199645996
42.0,22.5,1.5401240587234497,127.39047241210938,9.941507339477539,107.12512969970703,10.218581199645996
43.0,22.5,1.5395262241363525,127.41071319580078,9.941827774047852,107.114990234375,10.218581199645996
44.0,22.5,1.5384979248046875,127.43060302734375,9.942380905151367,107.10417938232422,10.218581199645996
45.0,22.5,1.5370497703552246,127.45012664794922,9.943166732788086,107.09272003173828,10.218581199645996
46.0,22.5,1.5351585149765015,127.46923828125,9.944183349609375,107.08060455322266,10.218581199645996
47.0,22.5,1.532849669456482,127.48794555664062,9.945428848266602,107.06786346435547,10.218581199645996
48.0,22.5,1.5301275253295898,127.50621795654297,9.946900367736816,107.05451965332031,10.218581199645996
49.0,22.5,1.5269733667373657,127.5240249633789,9.94859504699707,107.04056549072266,10.218581199645996
50.0,22.5,1.518615484237671,127.53916931152344,9.953103065490723,107.02265167236328,10.218581199645996
51.0,22.5,1.4946110248565674,127.54656982421875,9.966048240661621,106.99359130859375,10.218581199645996
52.0,22.5,1.4708263874053955,127.55326843261719,9.97887134552002,106.96475982666016,10.218581199645996
53.0,22.5,1.4473016262054443,127.55931091308594,9.991559028625488,106.93619537353516,10.218581199645996
54.0,22.5,1.4240400791168213,127.56470489501953,10.00410270690918,106.90791320800781,10.218581199645996
55.0,22.5,1.4010579586029053,127.5694808959961,10.01649284362793,106.87992858886719,10.218581199645996
56.0,22.5,1.378382682800293,127.57365417480469,10.02872085571289,106.85228729248047,10.218581199645996
57.0,22.5,1.3560230731964111,127.5772705078125,10.040779113769531,106.82498168945312,10.218581199645996
58.0,22.5,1.3339816331863403,127.58032989501953,10.052663803100586,106.79803466796875,10.218581199645996
59.0,22.5,1.3122749328613281,127.58285522460938,10.064367294311523,106.77146911621094,10.218581199645996
60.0,22.5,1.290912389755249,127.58488464355469,10.075885772705078,106.74528503417969,10.218581199645996
61.0,22.5,1.2698999643325806,127.58643341064453,10.0872163772583,106.71949768066406,10.218581199645996
62.0,22.5,1.2492395639419556,127.58751678466797,10.098355293273926,106.6941146850586,10.218581199645996
63.0,22.5,1.2289458513259888,127.58816528320312,10.10930061340332,106.66915130615234,10.218581199645996
64.0,22.5,1.2090075016021729,127.58839416503906,10.120049476623535,106.64459228515625,10.218581199645996
65.0,22.5,1.2014992237091064,127.59574890136719,10.124102592468262,106.62728881835938,10.218581199645996
66.0,22.5,1.1963489055633545,127.6042251586914,10.126874923706055,106.61123657226562,10.218581199645996
67.0,22.5,1.1912102699279785,127.61238098144531,10.129650115966797,106.59510803222656,10.218581199645996
68.0,22.5,1.1860510110855103,127.62018585205078,10.132429122924805,106.57888793945312,10.218581199645996
69.0,22.5,1.1808980703353882,127.62767028808594,10.135209083557129,106.56259155273438,10.218581199645996
70.0,22.5,1.1757370233535767,127.63481140136719,10.137989044189453,106.54622650146484,10.218581199645996
71.0,22.5,1.168300747871399,127.64007568359375,10.142000198364258,106.52867126464844,10.218581199645996
72.0,22.5,1.1602833271026611,127.64456939697266,10.14632511138916,106.51083374023438,10.218581199645996
73.0,22.5,1.1523462533950806,127.64874267578125,10.150605201721191,106.49304962158203,10.218581199645996
74.0,22.5,1.1444940567016602,127.65259552001953,10.154842376708984,106.475341796875,10.218581199645996
75.0,22.5,1.136711835861206,127.6561279296875,10.159034729003906,106.45768737792969,10.218581199645996
76.0,22.5,1.129022240638733,127.65936279296875,10.16318130493164,106.44010925292969,10.218581199645996
77.0,22.5,1.121415138244629,127.66228485107422,10.167283058166504,106.42262268066406,10.218581199645996
78.0,22.5,1.1139004230499268,127.6649169921875,10.171337127685547,106.40522003173828,10.218581199645996
79.0,22.5,1.1064603328704834,127.66725158691406,10.175345420837402,106.38788604736328,10.218581199645996
80.0,22.5,1.0991156101226807,127.66929626464844,10.179306030273438,106.37066650390625,10.218581199645996
81.0,22.5,1.0918598175048828,127.67106628417969,10.183219909667969,106.35353088378906,10.218581199645996
82.0,22.5,1.0846866369247437,127.67254638671875,10.187085151672363,106.33650207519531,10.218581199645996
83.0,22.5,1.0776112079620361,127.67376708984375,10.190902709960938,106.31957244873047,10.218581199645996
84.0,22.5,1.0706207752227783,127.67471313476562,10.194671630859375,106.30274963378906,10.218581199645996
85.0,22.5,1.0637223720550537,127.67539978027344,10.198391914367676,106.2860336303711,10.218581199645996
86.0,22.5,1.0569082498550415,127.67581939697266,10.20206356048584,106.2694320678711,10.218581199645996
87.0,22.5,1.0501978397369385,127.6760025024414,10.205686569213867,106.25294494628906,10.218581199645996
88.0,22.5,1.043565273284912,127.67591857910156,10.209259986877441,106.23657989501953,10.218581199645996
89.0,22.5,1.0370280742645264,127.67559814453125,10.212784767150879,106.22032928466797,10.218581199645996
90.0,22.5,1.0305843353271484,127.67504119873047,10.216259956359863,106.2042007446289,10.218581199645996
91.0,22.5,1.0242338180541992,127.67424774169922,10.219685554504395,106.1882095336914,10.218581199645996
92.0,22.5,1.0179662704467773,127.6732177734375,10.223062515258789,106.17233276367188,10.218581199645996
93.0,22.5,1.011793613433838,127.67196655273438,10.226390838623047,106.15658569335938,10.218581199645996
94.0,22.5,1.0057190656661987,127.67050170898438,10.229668617248535,106.1409683227539,10.218581199645996
95.0,22.5,0.9997311234474182,127.66881561279297,10.232898712158203,106.12548065185547,10.218581199645996
96.0,22.5,0.993828535079956,127.66690826416016,10.236078262329102,106.1101303100586,10.218581199645996
97.0,22.5,0.9880173802375793,127.664794921875,10.23921012878418,106.09490966796875,10.218581199645996
98.0,22.5,0.9823082685470581,127.66249084472656,10.242293357849121,106.07982635498047,10.218581199645996
99.0,22.5,0.9766789078712463,127.65997314453125,10.24532699584961,106.06488037109375,10.218581199645996
100.0,22.5,0.970651388168335,127.65685272216797,10.248577117919922,106.05001831054688,10.218581199645996
101.0,22.5,0.9636602997779846,127.65265655517578,10.252347946166992,106.03521728515625,10.218581199645996
102.0,22.5,0.9567904472351074,127.6482925415039,10.256050109863281,106.02059936523438,10.218581199645996
103.0,22.5,0.9500498175621033,127.6437759399414,10.259684562683105,106.00616455078125,10.218581199645996
104.0,22.5,0.9434399604797363,127.63911437988281,10.263253211975098,105.9919204711914,10.218581199645996
105.0,22.5,0.9369375705718994,127.63428497314453,10.266755104064941,105.97786712646484,10.218581199645996
106.0,22.5,0.9305625557899475,127.62931823730469,10.27019214630127,105.9639892578125,10.218581199645996
107.0,22.5,0.9243106842041016,127.62421417236328,10.273565292358398,105.9502944946289,10.218581199645996
108.0,22.5,0.9187788367271423,127.61947631835938,10.276546478271484,105.93677520751953,10.218581199645996
109.0,22.5,0.914681613445282,127.61571502685547,10.278757095336914,105.92339324951172,10.218581199645996
110.0,22.5,0.9106132984161377,127.61174774169922,10.280953407287598,105.91012573242188,10.218581199645996
111.0,22.5,0.9065574407577515,127.60755920410156,10.283136367797852,105.89698791503906,10.218581199645996
112.0,22.5,0.9025366902351379,127.60317993164062,10.28530502319336,105.88399505615234,10.218581199645996
113.0,22.5,0.8985439538955688,127.59860229492188,10.287458419799805,105.87112426757812,10.218581199645996
114.0,22.5,0.8945820927619934,127.59383392333984,10.289596557617188,105.85839080810547,10.218581199645996
115.0,22.5,0.8906477093696594,127.58887481689453,10.291719436645508,105.8458023071289,10.218581199645996
116.0,22.5,0.8867393136024475,127.58372497558594,10.293825149536133,105.83335876464844,10.218581199645996
117.0,22.5,0.8828610181808472,127.5783920288086,10.295914649963379,105.82105255126953,10.218581199645996
118.0,22.5,0.8790231347084045,127.57289123535156,10.297986030578613,105.80889129638672,10.218581199645996
119.0,22.5,0.875208854675293,127.56720733642578,10.300040245056152,105.79688262939453,10.218581199645996
120.0,22.5,0.871436357498169,127.56136322021484,10.30207633972168,105.78501892089844,10.218581199645996
121.0,22.5,0.8676878213882446,127.55534362792969,10.304094314575195,105.7733154296875,10.218581199645996
122.0,22.5,0.8639891743659973,127.54917907714844,10.306093215942383,105.76175689697266,10.218581199645996
123.0,22.5,0.8603196740150452,127.5428466796875,10.308073043823242,105.7503433227539,10.218581199645996
124.0,22.5,0.8566781282424927,127.5363540649414,10.310033798217773,105.73909759521484,10.218581199645996
125.0,22.5,0.8530825972557068,127.52972412109375,10.31197452545166,105.72801208496094,10.218581199645996
126.0,22.5,0.8495146632194519,127.52293395996094,10.313894271850586,105.71707916259766,10.218581199645996
127.0,22.5,0.8459958434104919,127.5160140991211,10.315794944763184,105.706298828125,10.218581199645996
128.0,22.5,0.842502236366272,127.50894165039062,10.31767463684082,105.69568634033203,10.218581199645996
129.0,22.5,0.8390578627586365,127.50174713134766,10.319533348083496,105.68523406982422,10.218581199645996
130.0,22.5,0.8356509804725647,127.49441528320312,10.321371078491211,105.67493438720703,10.218581199645996
131.0,22.5,0.8322863578796387,127.4869613647461,10.323187828063965,105.66480255126953,10.218581199645996
132.0,22.5,0.8289588689804077,127.47937774658203,10.324982643127441,105.65483093261719,10.218581199645996
133.0,22.5,0.8256697058677673,127.47167205810547,10.32675552368164,105.64502716064453,10.218581199645996
134.0,22.5,0.8224194049835205,127.4638442993164,10.328506469726562,105.63538360595703,10.218581199645996
135.0,22.5,0.8192145228385925,127.4559097290039,10.330235481262207,105.62590789794922,10.218581199645996
136.0,22.5,0.8160502314567566,127.44786071777344,10.331942558288574,105.61659240722656,10.218581199645996
137.0,22.5,0.8129220604896545,127.439697265625,10.333626747131348,105.6074447631836,10.218581199645996
138.0,22.5,0.809838593006134,127.43143463134766,10.335289001464844,105.59846496582031,10.218581199645996
139.0,22.5,0.8067959547042847,127.42306518554688,10.336928367614746,105.58964538574219,10.218581199645996
140.0,22.5,0.803805410861969,127.41461181640625,10.338544845581055,105.58099365234375,10.218581199645996
141.0,22.5,0.8008432388305664,127.40604400634766,10.34013843536377,105.572509765625,10.218581199645996
142.0,22.5,0.7979384660720825,127.39739990234375,10.341708183288574,105.5641860961914,10.218581199645996
143.0,22.5,0.7950686812400818,127.38865661621094,10.343255996704102,105.5560302734375,10.218581199645996
144.0,22.5,0.792243480682373,127.37982940673828,10.344779968261719,105.54804229736328,10.218581199645996
145.0,22.5,0.7894604206085205,127.37091827392578,10.346281051635742,105.54022216796875,10.218581199645996
146.0,22.5,0.7867181301116943,127.36192321777344,10.347758293151855,105.5325698852539,10.218581199645996
147.0,22.5,0.7840240597724915,127.35285186767578,10.349211692810059,105.52507781982422,10.218581199645996
148.0,22.5,0.7813718318939209,127.34370422363281,10.350642204284668,105.51775360107422,10.218581199645996
149.0,22.5,0.7787597179412842,127.33447265625,10.352048873901367,105.51058959960938,10.218581199645996
150.0,22.5,0.7761961817741394,127.32518768310547,10.353432655334473,105.50360107421875,10.218581199645996
151.0,22.5,0.7736746668815613,127.31582641601562,10.354791641235352,105.49677276611328,10.218581199645996
152.0,22.5,0.7711976170539856,127.30640411376953,10.356127738952637,105.4901123046875,10.218581199645996
153.0,22.5,0.7687594890594482,127.29690551757812,10.357439994812012,105.48361206054688,10.218581199645996
154.0,22.5,0.7663719654083252,127.28736114501953,10.358728408813477,105.47727966308594,10.218581199645996
155.0,22.5,0.7640297412872314,127.27774810791016,10.359992980957031,105.47109985351562,10.218581199645996
156.0,22.5,0.7610716819763184,127.2677230834961,10.361584663391113,105.46551513671875,10.218581199645996
157.0,22.5,0.7577870488166809,127.25745391845703,10.363360404968262,105.46033477783203,10.218581199645996
158.0,22.5,0.7545685768127441,127.2471694946289,10.365092277526855,105.45532989501953,10.218581199645996
159.0,22.5,0.7514386177062988,127.23687744140625,10.366779327392578,105.45046997070312,10.218581199645996
160.0,22.5,0.7483927011489868,127.2265853881836,10.368424415588379,105.44576263427734,10.218581199645996
161.0,22.5,0.7454206943511963,127.2162857055664,10.370025634765625,105.44121551513672,10.218581199645996
162.0,22.5,0.742530107498169,127.20597839355469,10.37158489227295,105.43681335449219,10.218581199645996
163.0,22.5,0.7397211790084839,127.1956787109375,10.373102188110352,105.43256378173828,10.218581199645996
164.0,22.5,0.7369793653488159,127.18537139892578,10.374577522277832,105.42847442626953,10.218581199645996
165.0,22.5,0.7343189120292664,127.17505645751953,10.37601089477539,105.42452239990234,10.218581199645996
166.0,22.5,0.7317394018173218,127.16474914550781,10.377403259277344,105.42071533203125,10.218581199645996
167.0,22.5,0.7292317152023315,127.15443420410156,10.378755569458008,105.41705322265625,10.218581199645996
168.0,22.5,0.726986289024353,127.14420318603516,10.379969596862793,105.41339874267578,10.218581199645996
169.0,22.5,0.7250513434410095,127.13404846191406,10.381009101867676,105.40970611572266,10.218581199645996
170.0,22.5,0.7231953740119934,127.1239013671875,10.382009506225586,105.4061508178711,10.218581199645996
171.0,22.5,0.7214130759239197,127.11373901367188,10.38297176361084,105.40272521972656,10.218581199645996
172.0,22.5,0.7196915745735168,127.10356140136719,10.383896827697754,105.39944458007812,10.218581199645996
173.0,22.5,0.718056321144104,127.09339141845703,10.384782791137695,105.39628601074219,10.218581199645996
174.0,22.5,0.7164769172668457,127.08319854736328,10.385631561279297,105.39327239990234,10.218581199645996
175.0,22.5,0.7149718403816223,127.07300567626953,10.386443138122559,105.39038848876953,10.218581199645996
176.0,22.5,0.7128947973251343,127.06260681152344,10.387564659118652,105.38813781738281,10.218581199645996
177.0,22.5,0.7104541063308716,127.05209350585938,10.38888168334961,105.38636779785156,10.218581199645996
178.0,22.5,0.7080667018890381,127.04159545898438,10.390169143676758,105.38475036621094,10.218581199645996
179.0,22.5,0.7057356834411621,127.0311279296875,10.391426086425781,105.38328552246094,10.218581199645996
180.0,22.5,0.7034555673599243,127.02067565917969,10.39265251159668,105.38197326660156,10.218581199645996
181.0,22.5,0.7012404203414917,127.01025390625,10.39384937286377,105.38079833984375,10.218581199645996
182.0,22.5,0.6990745663642883,126.9998550415039,10.39501667022705,105.37977600097656,10.218581199645996
183.0,22.5,0.6969612836837769,126.98947143554688,10.396154403686523,105.37889862060547,10.218581199645996
184.0,22.5,0.6949041485786438,126.9791259765625,10.397262573242188,105.37816619873047,10.218581199645996
185.0,22.5,0.6929124593734741,126.96881103515625,10.398341178894043,105.3775634765625,10.218581199645996
186.0,22.5,0.6909642815589905,126.9585189819336,10.399391174316406,105.37711334228516,10.218581199645996
187.0,22.5,0.689072847366333,126.94825744628906,10.400411605834961,105.37680053710938,10.218581199645996
188.0,22.5,0.6872296333312988,126.93801879882812,10.401402473449707,105.37663269042969,10.218581199645996
189.0,22.5,0.6854480504989624,126.92782592773438,10.402365684509277,105.37659454345703,10.218581199645996
190.0,22.5,0.6837195158004761,126.91766357421875,10.403299331665039,105.37669372558594,10.218581199645996
191.0,22.5,0.6820349097251892,126.90752410888672,10.404205322265625,105.37693786621094,10.218581199645996
192.0,22.5,0.6804091930389404,126.89743041992188,10.405081748962402,105.37731170654297,10.218581199645996
193.0,22.5,0.6788319945335388,126.88735961914062,10.405930519104004,105.37782287597656,10.218581199645996
194.0,22.5,0.6773167848587036,126.87732696533203,10.406750679016113,105.37845611572266,10.218581199645996
195.0,22.5,0.6758435964584351,126.86734008789062,10.40754222869873,105.37923431396484,10.218581199645996
196.0,22.5,0.674423098564148,126.85738372802734,10.408306121826172,105.38014221191406,10.218581199645996
197.0,22.5,0.6730676293373108,126.84746551513672,10.409042358398438,105.38116455078125,10.218581199645996
198.0,22.5,0.6717510223388672,126.83759307861328,10.409749984741211,105.38233184814453,10.218581199645996
199.0,22.5,0.6704848408699036,126.82775115966797,10.410429954528809,105.38362884521484,10.218581199645996
200.0,22.5,0.6692806482315063,126.81796264648438,10.41108226776123,105.38504028320312,10.218581199645996
201.0,22.5,0.6681249737739563,126.8082046508789,10.411707878112793,105.38658142089844,10.218581199645996
202.0,22.5,0.6670111417770386,126.79849243164062,10.412304878234863,105.38825988769531,10.218581199645996
203.0,22.5,0.6659570932388306,126.788818359375,10.412875175476074,105.39005279541016,10.218581199645996
204.0,22.5,0.6649490594863892,126.7791976928711,10.413416862487793,105.39197540283203,10.218581199645996
205.0,22.5,0.6639997959136963,126.76960754394531,10.413932800292969,105.39401245117188,10.218581199645996
206.0,22.5,0.6630887389183044,126.76007080078125,10.414420127868652,105.39618682861328,10.218581199645996
207.0,22.5,0.6622335910797119,126.75057983398438,10.414881706237793,105.39847564697266,10.218581199645996
208.0,22.5,0.6614297032356262,126.74112701416016,10.415315628051758,105.40088653564453,10.218581199645996
209.0,22.5,0.6606754660606384,126.73171997070312,10.415721893310547,105.4034194946289,10.218581199645996
210.0,22.5,0.6599749326705933,126.72236633300781,10.416101455688477,105.40606689453125,10.218581199645996
211.0,22.5,0.6593225002288818,126.71305847167969,10.416454315185547,105.4088363647461,10.218581199645996
212.0,22.5,0.6587116718292236,126.70379638671875,10.416780471801758,105.41173553466797,10.218581199645996
213.0,22.5,0.6581592559814453,126.69458770751953,10.41707992553711,105.41474151611328,10.218581199645996
214.0,22.5,0.6576520204544067,126.68543243408203,10.417352676391602,105.4178695678711,10.218581199645996
215.0,22.5,0.657198429107666,126.67632293701172,10.417597770690918,105.42111206054688,10.218581199645996
216.0,22.5,0.6567909717559814,126.6672592163086,10.417817115783691,105.42447662353516,10.218581199645996
217.0,22.5,0.6564320921897888,126.65825653076172,10.418009757995605,105.4279556274414,10.218581199645996
218.0,22.5,0.6561261415481567,126.64929962158203,10.418174743652344,105.43154907226562,10.218581199645996
219.0,22.5,0.655872106552124,126.64038848876953,10.418313980102539,105.43525695800781,10.218581199645996
220.0,22.5,0.6556573510169983,126.63154602050781,10.418426513671875,105.4390869140625,10.218581199645996
221.0,22.5,0.6555066108703613,126.62274932861328,10.418512344360352,105.4430160522461,10.218581199645996
222.0,22.5,0.6553937792778015,126.61400604248047,10.418571472167969,105.44707489013672,10.218581199645996
223.0,22.5,0.6553332805633545,126.6053237915039,10.418604850769043,105.45124053955078,10.218581199645996
224.0,22.5,0.6553171277046204,126.59669494628906,10.418610572814941,105.45552825927734,10.218581199645996
225.0,22.5,0.6553586721420288,126.58812713623047,10.418590545654297,105.45991516113281,10.218581199645996
226.0,22.5,0.6554442644119263,126.5796127319336,10.418543815612793,105.46442413330078,10.218581199645996
227.0,22.5,0.6556187272071838,126.57113647460938,10.418451309204102,105.4690170288086,10.218581199645996
228.0,22.5,0.6567436456680298,126.56233978271484,10.417841911315918,105.47306823730469,10.218581199645996
229.0,22.5,0.6597026586532593,126.55277252197266,10.41624641418457,105.4759750366211,10.218581199645996
230.0,22.5,0.6627447605133057,126.54319763183594,10.414605140686035,105.47900390625,10.218581199645996
231.0,22.5,0.6658750772476196,126.53358459472656,10.412918090820312,105.48217010498047,10.218581199645996
232.0,22.5,0.6690971851348877,126.52395629882812,10.411182403564453,105.48545837402344,10.218581199645996
233.0,22.5,0.6724036335945129,126.51429748535156,10.40939998626709,105.4888916015625,10.218581199645996
234.0,22.5,0.6757948994636536,126.50462341308594,10.407569885253906,105.49246215820312,10.218581199645996
235.0,22.5,0.6792834997177124,126.49492645263672,10.405689239501953,105.49616241455078,10.218581199645996
236.0,22.5,0.6828604340553284,126.4852066040039,10.403759956359863,105.50000762939453,10.218581199645996
237.0,22.5,0.6865285634994507,126.4754638671875,10.40178108215332,105.50399780273438,10.218581199645996
238.0,22.5,0.6902968883514404,126.4656982421875,10.399749755859375,105.50812530517578,10.218581199645996
239.0,22.5,0.6941570043563843,126.4559097290039,10.39766788482666,105.51240539550781,10.218581199645996
240.0,22.5,0.6981172561645508,126.44609832763672,10.395533561706543,105.51683044433594,10.218581199645996
241.0,22.5,0.7021759748458862,126.43626403808594,10.393345832824707,105.52140808105469,10.218581199645996
242.0,22.5,0.7063321471214294,126.42642211914062,10.391103744506836,105.52613067626953,10.218581199645996
243.0,22.5,0.7105879783630371,126.41654968261719,10.38880729675293,105.53102111816406,10.218581199645996
244.0,22.5,0.7149510383605957,126.40665435791016,10.386456489562988,105.53606414794922,10.218581199645996
245.0,22.5,0.7194118499755859,126.3967514038086,10.384048461914062,105.54126739501953,10.218581199645996
246.0,22.5,0.723982572555542,126.38682556152344,10.381583213806152,105.546630859375,10.218581199645996
247.0,22.5,0.7286661863327026,126.37687683105469,10.379060745239258,105.55215454101562,10.218581199645996
248.0,22.5,0.7334529757499695,126.36691284179688,10.376480102539062,105.55785369873047,10.218581199645996
249.0,22.5,0.7383478879928589,126.35693359375,10.373838424682617,105.56372833251953,10.218581199645996
250.0,22.5,0.7433616518974304,126.34693908691406,10.371136665344238,105.56976318359375,10.218581199645996
251.0,22.5,0.748485803604126,126.33692932128906,10.36837387084961,105.57598114013672,10.218581199645996
252.0,22.5,0.7537230849266052,126.32691192626953,10.365549087524414,105.5823745727539,10.218581199645996
253.0,22.5,0.7590808868408203,126.3168716430664,10.36266040802002,105.58895874023438,10.218581199645996
254.0,22.5,0.7645542025566101,126.30683135986328,10.359707832336426,105.59571838378906,10.218581199645996
255.0,22.5,0.7701470851898193,126.2967758178711,10.356690406799316,105.60267639160156,10.218581199645996
256.0,22.5,0.7758746147155762,126.28670501708984,10.353606224060059,105.60980987548828,10.218581199645996
257.0,22.5,0.7817108631134033,126.27664184570312,10.350454330444336,105.61714935302734,10.218581199645996
258.0,22.5,0.7876880168914795,126.26655578613281,10.347235679626465,105.62467956542969,10.218581199645996
259.0,22.5,0.7937862873077393,126.25647735595703,10.34394645690918,105.63240814208984,10.218581199645996
260.0,22.5,0.800014317035675,126.24639129638672,10.340587615966797,105.64035034179688,10.218581199645996
261.0,22.5,0.8063832521438599,126.23629760742188,10.337157249450684,105.64849090576172,10.218581199645996
262.0,22.5,0.8128776550292969,126.22621154785156,10.333654403686523,105.65685272216797,10.218581199645996
263.0,22.5,0.8195023536682129,126.21614074707031,10.330077171325684,105.66542053222656,10.218581199645996
264.0,22.5,0.8262790441513062,126.2060546875,10.32642650604248,105.67420959472656,10.218581199645996
265.0,22.5,0.833190381526947,126.19598388671875,10.322699546813965,105.68321990966797,10.218581199645996
266.0,22.5,0.8381441831588745,126.18756866455078,10.320029258728027,105.69309997558594,10.218581199645996
267.0,22.5,0.8424597978591919,126.1798095703125,10.317703247070312,105.703369140625,10.218581199645996
268.0,22.5,0.8468526601791382,126.17214965820312,10.31533145904541,105.71381378173828,10.218581199645996
269.0,22.5,0.8513398766517639,126.1645736694336,10.31291389465332,105.72442626953125,10.218581199645996
270.0,22.5,0.855902373790741,126.1571044921875,10.310450553894043,105.73522186279297,10.218581199645996
271.0,22.5,0.860560953617096,126.14972686767578,10.307941436767578,105.74617767333984,10.218581199645996
272.0,22.5,0.8653034567832947,126.1424560546875,10.305384635925293,105.75730895996094,10.218581199645996
273.0,22.5,0.8701311349868774,126.13529205322266,10.302781105041504,105.76862335205078,10.218581199645996
274.0,22.5,0.8750459551811218,126.12824249267578,10.300129890441895,105.78009796142578,10.218581199645996
275.0,22.5,0.880050778388977,126.12129974365234,10.297431945800781,105.79176330566406,10.218581199645996
276.0,22.5,0.8851416707038879,126.1144790649414,10.294685363769531,105.80359649658203,10.218581199645996
277.0,22.5,0.8903250098228455,126.10777282714844,10.291891098022461,105.81561279296875,10.218581199645996
278.0,22.5,0.8955928683280945,126.1011962890625,10.28904914855957,105.82780456542969,10.218581199645996
279.0,22.5,0.9009548425674438,126.09474182128906,10.286157608032227,105.84017944335938,10.218581199645996
280.0,22.5,0.9064151048660278,126.08840942382812,10.283217430114746,105.85272979736328,10.218581199645996
281.0,22.5,0.9119581580162048,126.08222198486328,10.280227661132812,105.8654556274414,10.218581199645996
282.0,22.5,0.9175934791564941,126.076171875,10.277188301086426,105.87836456298828,10.218581199645996
283.0,22.5,0.9233236908912659,126.07025909423828,10.274100303649902,105.89146423339844,10.218581199645996
284.0,22.5,0.9291357398033142,126.06450653076172,10.27096176147461,105.90473175048828,10.218581199645996
285.0,22.5,0.9350508451461792,126.05889129638672,10.267773628234863,105.9181900024414,10.218581199645996
286.0,22.5,0.9410545229911804,126.05343627929688,10.264535903930664,105.93182373046875,10.218581199645996
287.0,22.5,0.9471575617790222,126.04813385009766,10.261246681213379,105.94564056396484,10.218581199645996
288.0,22.5,0.9533502459526062,126.04299926757812,10.25790786743164,105.95964050292969,10.218581199645996
289.0,22.5,0.95963054895401,126.03804016113281,10.254518508911133,105.97381591796875,10.218581199645996
290.0,22.5,0.9660090208053589,126.03324890136719,10.251078605651855,105.98817443847656,10.218581199645996
291.0,22.5,0.9724840521812439,126.02863311767578,10.247587203979492,106.00271606445312,10.218581199645996
292.0,22.5,0.9790518879890442,126.02420043945312,10.244046211242676,106.0174331665039,10.218581199645996
293.0,22.5,0.9857177138328552,126.01995086669922,10.240453720092773,106.0323257446289,10.218581199645996
294.0,22.5,0.9924739599227905,126.01589965820312,10.236810684204102,106.04740905761719,10.218581199645996
295.0,22.5,1.0002644062042236,126.01126098632812,10.232609748840332,106.0627670288086,10.218581199645996
296.0,22.5,1.0090566873550415,126.00607299804688,10.22787094116211,106.07845306396484,10.218581199645996
297.0,22.5,1.01503586769104,126.0035171508789,10.224645614624023,106.09394836425781,10.218581199645996
298.0,22.5,1.0199965238571167,126.00209045410156,10.221969604492188,106.10941314697266,10.218581199645996
299.0,22.5,1.025058627128601,126.00086212158203,10.21924114227295,106.12498474121094,10.218581199645996
300.0,22.5,1.030214786529541,125.99984741210938,10.216459274291992,106.14067077636719,10.218581199645996
301.0,22.5,1.0354712009429932,125.99903869628906,10.213624954223633,106.15645599365234,10.218581199645996
302.0,22.5,1.0408308506011963,125.99844360351562,10.210735321044922,106.17236328125,10.218581199645996
303.0,22.5,1.0462912321090698,125.99806213378906,10.207793235778809,106.18836975097656,10.218581199645996
304.0,22.5,1.0518484115600586,125.99790954589844,10.204795837402344,106.2044906616211,10.218581199645996
305.0,22.5,1.0575041770935059,125.99797821044922,10.201744079589844,106.22069549560547,10.218581199645996
306.0,22.5,1.0632717609405518,125.9982681274414,10.198637962341309,106.23702239990234,10.218581199645996
307.0,22.5,1.069125771522522,125.99880981445312,10.195475578308105,106.25344848632812,10.218581199645996
308.0,22.5,1.0750999450683594,125.99956512451172,10.19225788116455,106.26997375488281,10.218581199645996
309.0,22.5,1.0811712741851807,126.00056457519531,10.188984870910645,106.28659057617188,10.218581199645996
310.0,22.5,1.0873491764068604,126.0018081665039,10.18565559387207,106.30331420898438,10.218581199645996
311.0,22.5,1.093624472618103,126.00330352783203,10.182270050048828,106.32012176513672,10.218581199645996
312.0,22.5,1.1000065803527832,126.00505065917969,10.178827285766602,106.33702850341797,10.218581199645996
313.0,22.5,1.1064934730529785,126.00704956054688,10.175329208374023,106.35401916503906,10.218581199645996
314.0,22.5,1.113093376159668,126.0093002319336,10.171772956848145,106.37110137939453,10.218581199645996
315.0,22.5,1.1197930574417114,126.01182556152344,10.168159484863281,106.38827514648438,10.218581199645996
316.0,22.5,1.1265937089920044,126.01461791992188,10.164488792419434,106.405517578125,10.218581199645996
317.0,22.5,1.133517861366272,126.01766967773438,10.160759925842285,106.42285919189453,10.218581199645996
318.0,22.5,1.1405255794525146,126.0210189819336,10.156974792480469,106.44026184082031,10.218581199645996
319.0,22.5,1.147660255432129,126.02462768554688,10.153130531311035,106.45774841308594,10.218581199645996
320.0,22.5,1.154900074005127,126.02852630615234,10.149229049682617,106.47531127929688,10.218581199645996
321.0,22.5,1.1622381210327148,126.03272247314453,10.145269393920898,106.49293518066406,10.218581199645996
322.0,22.5,1.169693946838379,126.03720092773438,10.141250610351562,106.51062774658203,10.218581199645996
323.0,22.5,1.1772512197494507,126.04198455810547,10.137175559997559,106.52838134765625,10.218581199645996
324.0,22.5,1.1849217414855957,126.04706573486328,10.133041381835938,106.54619598388672,10.218581199645996
325.0,22.5,1.1926918029785156,126.05245971679688,10.128849029541016,106.56405639648438,10.218581199645996
326.0,22.5,1.200571060180664,126.05815887451172,10.12459945678711,106.58196258544922,10.218581199645996
327.0,22.5,1.2085685729980469,126.06417083740234,10.120290756225586,106.59992980957031,10.218581199645996
328.0,22.5,1.2166615724563599,126.07051086425781,10.115925788879395,106.61792755126953,10.218581199645996
329.0,22.5,1.2248568534851074,126.07717895507812,10.111502647399902,106.63595581054688,10.218581199645996
330.0,22.5,1.2310118675231934,126.08550262451172,10.108186721801758,106.65279388427734,10.218581199645996
331.0,22.5,1.236486792564392,126.09458923339844,10.105233192443848,106.66914367675781,10.218581199645996
332.0,22.5,1.242043375968933,126.10397338867188,10.102238655090332,106.6854476928711,10.218581199645996
333.0,22.5,1.2476670742034912,126.11366271972656,10.099204063415527,106.7016830444336,10.218581199645996
334.0,22.5,1.2533702850341797,126.1236343383789,10.096129417419434,106.71784210205078,10.218581199645996
335.0,22.5,1.2591484785079956,126.13391876220703,10.093013763427734,106.73394012451172,10.218581199645996
336.0,22.5,1.2650036811828613,126.14449310302734,10.089859008789062,106.74995422363281,10.218581199645996
337.0,22.5,1.2709263563156128,126.15538024902344,10.086665153503418,106.76588439941406,10.218581199645996
338.0,22.5,1.2769157886505127,126.16657257080078,10.083431243896484,106.7817153930664,10.218581199645996
339.0,22.5,1.2829844951629639,126.17807006835938,10.080159187316895,106.7974624633789,10.218581199645996
340.0,22.5,1.2891271114349365,126.18987274169922,10.076848030090332,106.8131103515625,10.218581199645996
341.0,22.5,1.295345425605774,126.20197296142578,10.073498725891113,106.82865142822266,10.218581199645996
342.0,22.5,1.3016234636306763,126.21440124511719,10.070111274719238,106.84407806396484,10.218581199645996
343.0,22.5,1.3079707622528076,126.22713470458984,10.066686630249023,106.85938262939453,10.218581199645996
344.0,22.5,1.314390778541565,126.24017333984375,10.063225746154785,106.87456512451172,10.218581199645996
345.0,22.5,1.3208847045898438,126.25352478027344,10.059727668762207,106.8896255493164,10.218581199645996
346.0,22.5,1.3274309635162354,126.26719665527344,10.056193351745605,106.90453338623047,10.218581199645996
347.0,22.5,1.3340508937835693,126.28117370605469,10.052623748779297,106.91930389404297,10.218581199645996
348.0,22.5,1.3407421112060547,126.29547119140625,10.049019813537598,106.9339370727539,10.218581199645996
349.0,22.5,1.3474822044372559,126.31007385253906,10.045380592346191,106.9483871459961,10.218581199645996
350.0,22.5,1.354296326637268,126.32499694824219,10.041707992553711,106.96269226074219,10.218581199645996
351.0,22.5,1.361168622970581,126.3402328491211,10.038002967834473,106.97682189941406,10.218581199645996
352.0,22.5,1.3680979013442993,126.35578155517578,10.034265518188477,106.99076843261719,10.218581199645996
353.0,22.5,1.375093936920166,126.37164306640625,10.030496597290039,107.0045394897461,10.218581199645996
354.0,22.5,1.382141351699829,126.38782501220703,10.02669620513916,107.01811218261719,10.218581199645996
355.0,22.5,1.3892427682876587,126.40431213378906,10.022866249084473,107.03147888183594,10.218581199645996
356.0,22.5,1.396399974822998,126.42111206054688,10.019006729125977,107.04463958740234,10.218581199645996
357.0,22.5,1.4036109447479248,126.43822479248047,10.015119552612305,107.05758666992188,10.218581199645996
358.0,22.5,1.4108641147613525,126.45564270019531,10.011205673217773,107.07029724121094,10.218581199645996
359.0,22.5,1.4181740283966064,126.47337341308594,10.007265090942383,107.0827865600586,10.218581199645996
0.0,16.875,2.1534640789031982,126.31043243408203,9.786212921142578,107.78622436523438,10.218581199645996
1.0,16.875,2.163148880004883,126.34033203125,9.781781196594238,107.80359649658203,10.218581199645996
2.0,16.875,2.1751773357391357,126.37017059326172,9.776273727416992,107.82250213623047,10.218581199645996
3.0,16.875,2.189727306365967,126.39999389648438,9.769613265991211,107.84310913085938,10.218581199645996
4.0,16.875,2.2041707038879395,126.43041229248047,9.763004302978516,107.86315155029297,10.218581199645996
5.0,16.875,2.218477725982666,126.46141815185547,9.756452560424805,107.88258361816406,10.218581199645996
6.0,16.875,2.2326581478118896,126.49300384521484,9.74996280670166,107.90140533447266,10.218581199645996
7.0,16.875,2.2466819286346436,126.525146484375,9.743542671203613,107.91957092285156,10.218581199645996
8.0,16.875,2.260545492172241,126.55783081054688,9.737197875976562,107.93706512451172,10.218581199645996
9.0,16.875,2.277143955230713,126.59073638916016,9.729599952697754,107.95642852783203,10.218581199645996
10.0,16.875,2.294121742248535,126.62418365478516,9.721827507019043,107.97557830810547,10.218581199645996
11.0,16.875,2.3110055923461914,126.65823364257812,9.714101791381836,107.99408721923828,10.218581199645996
12.0,16.875,2.327759027481079,126.69287109375,9.706429481506348,108.01190185546875,10.218581199645996
13.0,16.875,2.3443846702575684,126.72808074951172,9.698820114135742,108.02901458740234,10.218581199645996
14.0,16.875,2.36085844039917,126.76384735107422,9.691278457641602,108.0453872680664,10.218581199645996
15.0,16.875,2.377162218093872,126.80015563964844,9.68381404876709,108.06098937988281,10.218581199645996
16.0,16.875,2.393291711807251,126.83696746826172,9.676433563232422,108.0758056640625,10.218581199645996
17.0,16.875,2.4092135429382324,126.87429809570312,9.669145584106445,108.08979034423828,10.218581199645996
18.0,16.875,2.4249157905578613,126.91210174560547,9.661957740783691,108.10292053222656,10.218581199645996
19.0,16.875,2.440377950668335,126.95036315917969,9.654878616333008,108.11516571044922,10.218581199645996
20.0,16.875,2.45558762550354,126.98905944824219,9.64791488647461,108.12650299072266,10.218581199645996
21.0,16.875,2.470529317855835,127.02816009521484,9.641075134277344,108.13690948486328,10.218581199645996
22.0,16.875,2.4851813316345215,127.06764221191406,9.634368896484375,108.14635467529297,10.218581199645996
23.0,16.875,2.4995269775390625,127.10746765136719,9.627803802490234,108.15481567382812,10.218581199645996
24.0,16.875,2.5135457515716553,127.14763641357422,9.62138843536377,108.16226196289062,10.218581199645996
25.0,16.875,2.5102970600128174,127.185791015625,9.622872352600098,108.15380096435547,10.218581199645996
26.0,16.875,2.506289005279541,127.22362518310547,9.624706268310547,108.1440200805664,10.218581199645996
27.0,16.875,2.5018701553344727,127.26116180419922,9.626729965209961,108.13323211669922,10.218581199645996
28.0,16.875,2.497040033340454,127.2983627319336,9.628939628601074,108.12144470214844,10.218581199645996
29.0,16.875,2.4918174743652344,127.33519744873047,9.631332397460938,108.10868835449219,10.218581199645996
30.0,16.875,2.486196994781494,127.37165069580078,9.633905410766602,108.09496307373047,10.218581199645996
31.0,16.875,2.4801864624023438,127.40767669677734,9.636656761169434,108.08029174804688,10.218581199645996
32.0,16.875,2.416565418243408,127.42943572998047,9.665779113769531,108.0157241821289,10.218581199645996
33.0,16.875,2.3442909717559814,127.44690704345703,9.698863983154297,107.94369506835938,10.218581199645996
34.0,16.875,2.2750439643859863,127.46286010742188,9.730557441711426,107.874267578125,10.218581199645996
35.0,16.875,2.2076516151428223,127.47711181640625,9.761408805847168,107.80647277832031,10.218581199645996
36.0,16.875,2.131314277648926,127.48650360107422,9.796355247497559,107.7313003540039,10.218581199645996
37.0,16.875,2.058917999267578,127.49471282958984,9.82949447631836,107.65966033935547,10.218581199645996
38.0,16.875,1.9902100563049316,127.50183868408203,9.860942840576172,107.59133911132812,10.218581199645996
39.0,16.875,1.9859658479690552,127.5289535522461,9.862889289855957,107.57616424560547,10.218581199645996
40.0,16.875,1.9930851459503174,127.559814453125,9.859628677368164,107.56978607177734,10.218581199645996
41.0,16.875,2.000037670135498,127.5905990600586,9.856446266174316,107.56269073486328,10.218581199645996
42.0,16.875,2.0068163871765137,127.62129211425781,9.85334300994873,107.55487060546875,10.218581199645996
43.0,16.875,2.0134100914001465,127.65185546875,9.850322723388672,107.54632568359375,10.218581199645996
44.0,16.875,2.0198280811309814,127.68228912353516,9.84738826751709,107.53706359863281,10.218581199645996
45.0,16.875,2.026042938232422,127.7125473022461,9.844541549682617,107.52706909179688,10.218581199645996
46.0,16.875,2.03206729888916,127.74263763427734,9.84178638458252,107.51634979248047,10.218581199645996
47.0,16.875,2.037875175476074,127.77250671386719,9.83912467956543,107.50489807128906,10.218581199645996
48.0,16.875,2.043484687805176,127.80216217041016,9.83655834197998,107.49272918701172,10.218581199645996
49.0,16.875,2.0488688945770264,127.8315658569336,9.834092140197754,107.47982788085938,10.218581199645996
50.0,16.875,2.05403995513916,127.86071014404297,9.83172607421875,107.4662094116211,10.218581199645996
51.0,16.875,2.0589804649353027,127.88955688476562,9.829463958740234,107.45187377929688,10.218581199645996
52.0,16.875,2.0636916160583496,127.9180908203125,9.82730770111084,107.43682861328125,10.218581199645996
53.0,16.875,2.050291061401367,127.93677520751953,9.833443641662598,107.4083480834961,10.218581199645996
54.0,16.875,2.0102455615997314,127.94029998779297,9.85177230834961,107.36093139648438,10.218581199645996
55.0,16.875,1.9713677167892456,127.94314575195312,9.869569778442383,107.31466674804688,10.218581199645996
56.0,16.875,1.9336029291152954,127.94535827636719,9.88685417175293,107.26949310302734,10.218581199645996
57.0,16.875,1.8966610431671143,127.94680786132812,9.903766632080078,107.22522735595703,10.218581199645996
58.0,16.875,1.8507236242294312,127.94172668457031,9.92479419708252,107.17535400390625,10.218581199645996
59.0,16.875,1.8065509796142578,127.93631744384766,9.945013999938965,107.12720489501953,10.218581199645996
60.0,16.875,1.764062762260437,127.93060302734375,9.964463233947754,107.0807113647461,10.218581199645996
61.0,16.875,1.7231807708740234,127.92461395263672,9.98317813873291,107.03579711914062,10.218581199645996
62.0,16.875,1.6838263273239136,127.91836547851562,10.001191139221191,106.99239349365234,10.218581199645996
63.0,16.875,1.6459465026855469,127.91189575195312,10.018535614013672,106.95044708251953,10.218581199645996
64.0,16.875,1.6094496250152588,127.90520477294922,10.035239219665527,106.90987396240234,10.218581199645996
65.0,16.875,1.574291706085205,127.89832305908203,10.0513334274292,106.87063598632812,10.218581199645996
66.0,16.875,1.5404057502746582,127.89126586914062,10.066843032836914,106.8326644897461,10.218581199645996
67.0,16.875,1.5077378749847412,127.88404846191406,10.081795692443848,106.79591369628906,10.218581199645996
68.0,16.875,1.490461826324463,127.88662719726562,10.08970832824707,106.76815795898438,10.218581199645996
69.0,16.875,1.476739525794983,127.89106750488281,10.095986366271973,106.74248504638672,10.218581199645996
70.0,16.875,1.4630496501922607,127.89495849609375,10.102255821228027,106.71692657470703,10.218581199645996
71.0,16.875,1.4493826627731323,127.8982925415039,10.108511924743652,106.69149017333984,10.218581199645996
72.0,16.875,1.4357521533966064,127.90109252929688,10.11474895477295,106.66618347167969,10.218581199645996
73.0,16.875,1.4221802949905396,127.90337371826172,10.120964050292969,106.64104461669922,10.218581199645996
74.0,16.875,1.410974383354187,127.90687561035156,10.126090049743652,106.61717224121094,10.218581199645996
75.0,16.875,1.3998310565948486,127.90992736816406,10.131193161010742,106.5934066772461,10.218581199645996
76.0,16.875,1.3887019157409668,127.9124755859375,10.136287689208984,106.56976318359375,10.218581199645996
77.0,16.875,1.3775968551635742,127.91455078125,10.14137077331543,106.54622650146484,10.218581199645996
78.0,16.875,1.3665251731872559,127.9161605834961,10.146440505981445,106.52281951904297,10.218581199645996
79.0,16.875,1.35548996925354,127.91730499267578,10.151493072509766,106.49956512451172,10.218581199645996
80.0,16.875,1.3444874286651611,127.9179916381836,10.156525611877441,106.47645568847656,10.218581199645996
81.0,16.875,1.3335435390472412,127.91825103759766,10.161537170410156,106.4535140991211,10.218581199645996
82.0,16.875,1.3226525783538818,127.91808319091797,10.166522979736328,106.43074035644531,10.218581199645996
83.0,16.875,1.3118151426315308,127.91748809814453,10.171483039855957,106.40815734863281,10.218581199645996
84.0,16.875,1.3010430335998535,127.91648864746094,10.176414489746094,106.3857650756836,10.218581199645996
85.0,16.875,1.2903361320495605,127.91509246826172,10.181314468383789,106.36356353759766,10.218581199645996
86.0,16.875,1.2797050476074219,127.91331481933594,10.186182022094727,106.34156799316406,10.218581199645996
87.0,16.875,1.2691434621810913,127.9111557006836,10.191014289855957,106.31977844238281,10.218581199645996
88.0,16.875,1.2586697340011597,127.90863800048828,10.19581127166748,106.2982177734375,10.218581199645996
89.0,16.875,1.248273253440857,127.90576171875,10.200570106506348,106.27687072753906,10.218581199645996
90.0,16.875,1.237966537475586,127.90254211425781,10.205288887023926,106.2557601928711,10.218581199645996
91.0,16.875,1.2277417182922363,127.89897918701172,10.209967613220215,106.2348861694336,10.218581199645996
92.0,16.875,1.2173699140548706,127.89488983154297,10.214716911315918,106.21418762207031,10.218581199645996
93.0,16.875,1.2039463520050049,127.88775634765625,10.22085952758789,106.19310760498047,10.218581199645996
94.0,16.875,1.1908107995986938,127.88046264648438,10.226872444152832,106.17240905761719,10.218581199645996
95.0,16.875,1.1779550313949585,127.87300872802734,10.232756614685059,106.152099609375,10.218581199645996
96.0,16.875,1.1653763055801392,127.86540985107422,10.23851490020752,106.13214874267578,10.218581199645996
97.0,16.875,1.153066635131836,127.857666015625,10.244150161743164,106.1125717163086,10.218581199645996
98.0,16.875,1.1410269737243652,127.84979248046875,10.249663352966309,106.09334564208984,10.218581199645996
99.0,16.875,1.1292420625686646,127.84178161621094,10.255058288574219,106.0744857788086,10.218581199645996
100.0,16.875,1.1177067756652832,127.8336410522461,10.260335922241211,106.05596923828125,10.218581199645996
101.0,16.875,1.1116992235183716,127.8300552368164,10.26308536529541,106.0382308959961,10.218581199645996
102.0,16.875,1.1061838865280151,127.82659149169922,10.26561164855957,106.02066802978516,10.218581199645996
103.0,16.875,1.1007542610168457,127.82289123535156,10.268098831176758,106.0032730102539,10.218581199645996
104.0,16.875,1.0953975915908813,127.8189468383789,10.270547866821289,105.98602294921875,10.218581199645996
105.0,16.875,1.09013831615448,127.81478881835938,10.272957801818848,105.96892547607422,10.218581199645996
106.0,16.875,1.0849521160125732,127.81039428710938,10.27532958984375,105.95199584960938,10.218581199645996
107.0,16.875,1.079854965209961,127.8057861328125,10.277663230895996,105.93521881103516,10.218581199645996
108.0,16.875,1.0748440027236938,127.80096435546875,10.27995777130127,105.91860961914062,10.218581199645996
109.0,16.875,1.0699083805084229,127.7959213256836,10.282214164733887,105.90215301513672,10.218581199645996
110.0,16.875,1.0650649070739746,127.79067993164062,10.284432411193848,105.88585662841797,10.218581199645996
111.0,16.875,1.0603100061416626,127.78524017333984,10.286611557006836,105.8697280883789,10.218581199645996
112.0,16.875,1.055626630783081,127.77958679199219,10.288753509521484,105.853759765625,10.218581199645996
113.0,16.875,1.051030158996582,127.77374267578125,10.290857315063477,105.83796691894531,10.218581199645996
114.0,16.875,1.0465195178985596,127.76770782470703,10.292923927307129,105.82232666015625,10.218581199645996
115.0,16.875,1.0420829057693481,127.761474609375,10.294951438903809,105.8068618774414,10.218581199645996
116.0,16.875,1.0377377271652222,127.75506591796875,10.296942710876465,105.79155731201172,10.218581199645996
117.0,16.875,1.0334678888320923,127.74846649169922,10.298894882202148,105.77642059326172,10.218581199645996
118.0,16.875,1.0292891263961792,127.74169921875,10.300810813903809,105.7614517211914,10.218581199645996
119.0,16.875,1.0251802206039429,127.7347412109375,10.302689552307129,105.74664306640625,10.218581199645996
120.0,16.875,1.0197985172271729,127.72644805908203,10.305155754089355,105.73230743408203,10.218581199645996
121.0,16.875,1.0143905878067017,127.7178955078125,10.30762767791748,105.71818542480469,10.218581199645996
122.0,16.875,1.0090570449829102,127.70919036865234,10.310070991516113,105.70429229736328,10.218581199645996
123.0,16.875,1.003777265548706,127.70030975341797,10.31248664855957,105.69061279296875,10.218581199645996
124.0,16.875,0.9985730648040771,127.6912841796875,10.314871788024902,105.67715454101562,10.218581199645996
125.0,16.875,0.9934223294258118,127.68209075927734,10.317228317260742,105.66390991210938,10.218581199645996
126.0,16.875,0.9883390069007874,127.6727523803711,10.319555282592773,105.65088653564453,10.218581199645996
127.0,16.875,0.9833194613456726,127.66326904296875,10.321852684020996,105.6380844116211,10.218581199645996
128.0,16.875,0.9783622622489929,127.65364074707031,10.32412052154541,105.62549591064453,10.218581199645996
129.0,16.875,0.9734773635864258,127.64388275146484,10.3263578414917,105.61312103271484,10.218581199645996
130.0,16.875,0.9686552286148071,127.63399505615234,10.32856559753418,105.6009750366211,10.218581199645996
131.0,16.875,0.9638954401016235,127.62397766113281,10.330742835998535,105.58905029296875,10.218581199645996
132.0,16.875,0.9592059254646301,127.61383819580078,10.332890510559082,105.57733154296875,10.218581199645996
133.0,16.875,0.9545842409133911,127.60358428955078,10.335007667541504,105.56583404541016,10.218581199645996
134.0,16.875,0.9500245451927185,127.59320831298828,10.337093353271484,105.55455017089844,10.218581199645996
135.0,16.875,0.9455338716506958,127.58273315429688,10.339150428771973,105.54349517822266,10.218581199645996
136.0,16.875,0.9411078095436096,127.5721435546875,10.34117603302002,105.53264617919922,10.218581199645996
137.0,16.875,0.9367481470108032,127.56145477294922,10.343171119689941,105.52201843261719,10.218581199645996
138.0,16.875,0.9324492812156677,127.5506591796875,10.345135688781738,105.51160430908203,10.218581199645996
139.0,16.875,0.9282254576683044,127.53977966308594,10.34706974029541,105.50140380859375,10.218581199645996
140.0,16.875,0.9240710735321045,127.52880859375,10.348974227905273,105.49140930175781,10.218581199645996
141.0,16.875,0.9199711084365845,127.51773834228516,10.350847244262695,105.48163604736328,10.218581199645996
142.0,16.875,0.9159519672393799,127.50659942626953,10.352689743041992,105.4720687866211,10.218581199645996
143.0,16.875,0.9107023477554321,127.49445343017578,10.355093002319336,105.4634017944336,10.218581199645996
144.0,16.875,0.9048759937286377,127.48180389404297,10.357759475708008,105.45532989501953,10.218581199645996
145.0,16.875,0.8991903066635132,127.46916961669922,10.360363960266113,105.44747161865234,10.218581199645996
146.0,16.875,0.8936296701431274,127.45653533935547,10.362908363342285,105.43982696533203,10.218581199645996
147.0,16.875,0.8882008790969849,127.44391632080078,10.365392684936523,105.4323959350586,10.218581199645996
148.0,16.875,0.8829036951065063,127.43131256103516,10.367817878723145,105.4251708984375,10.218581199645996
149.0,16.875,0.877733588218689,127.4187240600586,10.370185852050781,105.41815185546875,10.218581199645996
150.0,16.875,0.8726869821548462,127.4061508178711,10.372495651245117,105.41133880615234,10.218581199645996
151.0,16.875,0.8677644729614258,127.39359283447266,10.374748229980469,105.40472412109375,10.218581199645996
152.0,16.875,0.8629611730575562,127.38105010986328,10.376946449279785,105.39830780029297,10.218581199645996
153.0,16.875,0.8582843542098999,127.36852264404297,10.379088401794434,105.39207458496094,10.218581199645996
154.0,16.875,0.8537195920944214,127.35601043701172,10.381176948547363,105.38603973388672,10.218581199645996
155.0,16.875,0.849267840385437,127.34352111816406,10.383212089538574,105.38020324707031,10.218581199645996
156.0,16.875,0.8449461460113525,127.3310546875,10.385193824768066,105.3745346069336,10.218581199645996
157.0,16.875,0.8407212495803833,127.31859588623047,10.387124061584473,105.36906433105469,10.218581199645996
158.0,16.875,0.8366239070892334,127.30616760253906,10.389002799987793,105.36376190185547,10.218581199645996
159.0,16.875,0.8326330184936523,127.29374694824219,10.390830993652344,105.35863494873047,10.218581199645996
160.0,16.875,0.828747034072876,127.28135681152344,10.392608642578125,105.35369873046875,10.218581199645996
161.0,16.875,0.8249709010124207,127.26898193359375,10.394336700439453,105.34893035888672,10.218581199645996
162.0,16.875,0.821305513381958,127.25662994384766,10.396016120910645,105.34432983398438,10.218581199645996
163.0,16.875,0.8177388906478882,127.24429321289062,10.3976469039917,105.33990478515625,10.218581199645996
164.0,16.875,0.8142829537391663,127.23197937011719,10.399230003356934,105.33563995361328,10.218581199645996
165.0,16.875,0.8109291791915894,127.21968841552734,10.400766372680664,105.33154296875,10.218581199645996
166.0,16.875,0.8076714277267456,127.20741271972656,10.40225601196289,105.3276138305664,10.218581199645996
167.0,16.875,0.8045227527618408,127.19515991210938,10.403698921203613,105.32383728027344,10.218581199645996
168.0,16.875,0.8014621138572693,127.18292999267578,10.405097007751465,105.32023620605469,10.218581199645996
169.0,16.875,0.7985142469406128,127.17071533203125,10.406449317932129,105.3167724609375,10.218581199645996
170.0,16.875,0.7956525683403015,127.15853118896484,10.407757759094238,105.31348419189453,10.218581199645996
171.0,16.875,0.7929887771606445,127.14640045166016,10.408978462219238,105.31026458740234,10.218581199645996
172.0,16.875,0.7908737659454346,127.13445281982422,10.409944534301758,105.30683135986328,10.218581199645996
173.0,16.875,0.7888530492782593,127.12251281738281,10.410869598388672,105.30354309082031,10.218581199645996
174.0,16.875,0.7869226932525635,127.1105728149414,10.41175365447998,105.30039978027344,10.218581199645996
175.0,16.875,0.7850838899612427,127.09864044189453,10.412596702575684,105.29740142822266,10.218581199645996
176.0,16.875,0.7833303213119507,127.08670043945312,10.413398742675781,105.29454803466797,10.218581199645996
177.0,16.875,0.7816676497459412,127.07477569580078,10.41416072845459,105.29183959960938,10.218581199645996
178.0,16.875,0.7800900936126709,127.06285095214844,10.414881706237793,105.28927612304688,10.218581199645996
179.0,16.875,0.7786044478416443,127.05093383789062,10.415563583374023,105.28684997558594,10.218581199645996
180.0,16.875,0.7771995663642883,127.03900909423828,10.416205406188965,105.2845687866211,10.218581199645996
181.0,16.875,0.7758845090866089,127.02709197998047,10.416808128356934,105.28242492675781,10.218581199645996
182.0,16.875,0.7746520638465881,127.01518249511719,10.417370796203613,105.28042602539062,10.218581199645996
183.0,16.875,0.7735051512718201,127.0032730102539,10.417895317077637,105.278564453125,10.218581199645996
184.0,16.875,0.7724435329437256,126.99136352539062,10.418380737304688,105.27684020996094,10.218581199645996
185.0,16.875,0.7714745998382568,126.97946166992188,10.418827056884766,105.2752456665039,10.218581199645996
186.0,16.875,0.7705824971199036,126.96755981445312,10.419235229492188,105.27379608154297,10.218581199645996
187.0,16.875,0.7697737216949463,126.95565795898438,10.419604301452637,105.2724838256836,10.218581199645996
188.0,16.875,0.767937421798706,126.94361877441406,10.42044448852539,105.27228546142578,10.218581199645996
189.0,16.875,0.7656422257423401,126.93155670166016,10.421496391296387,105.272705078125,10.218581199645996
190.0,16.875,0.7634172439575195,126.91954040527344,10.422514915466309,105.27327728271484,10.218581199645996
191.0,16.875,0.7612613439559937,126.90757751464844,10.423501014709473,105.27400207519531,10.218581199645996
192.0,16.875,0.7591795921325684,126.89566802978516,10.424454689025879,105.27487182617188,10.218581199645996
193.0,16.875,0.7571709752082825,126.8838119506836,10.425374984741211,105.27588653564453,10.218581199645996
194.0,16.875,0.755226194858551,126.87200927734375,10.426263809204102,105.27705383300781,10.218581199645996
195.0,16.875,0.7533512115478516,126.86026000976562,10.427120208740234,105.27836608886719,10.218581199645996
196.0,16.875,0.7515514492988586,126.84856414794922,10.42794418334961,105.27981567382812,10.218581199645996
197.0,16.875,0.749817967414856,126.83692932128906,10.42873764038086,105.28141021728516,10.218581199645996
198.0,16.875,0.7481570243835449,126.8253402709961,10.429498672485352,105.28314208984375,10.218581199645996
199.0,16.875,0.7465605735778809,126.81380462646484,10.430228233337402,105.28501892089844,10.218581199645996
200.0,16.875,0.7450341582298279,126.80232238769531,10.430926322937012,105.28703308105469,10.218581199645996
201.0,16.875,0.743582010269165,126.79090881347656,10.431593894958496,105.28917694091797,10.218581199645996
202.0,16.875,0.7421908974647522,126.779541015625,10.432230949401855,105.29146575927734,10.218581199645996
203.0,16.875,0.7408728003501892,126.76823425292969,10.432836532592773,105.29388427734375,10.218581199645996
204.0,16.875,0.7396066784858704,126.7569808959961,10.433411598205566,105.29645538330078,10.218581199645996
205.0,16.875,0.7384188175201416,126.74578094482422,10.433956146240234,105.29914855957031,10.218581199645996
206.0,16.875,0.7372937202453613,126.7346420288086,10.434470176696777,105.3019790649414,10.218581199645996
207.0,16.875,0.7362385988235474,126.72355651855469,10.434953689575195,105.30493927001953,10.218581199645996
208.0,16.875,0.7352508306503296,126.71253204345703,10.435407638549805,105.30802917480469,10.218581199645996
209.0,16.875,0.7343286275863647,126.70157623291016,10.435831069946289,105.31124877929688,10.218581199645996
210.0,16.875,0.7334639430046082,126.69065856933594,10.436223983764648,105.31461334228516,10.218581199645996
211.0,16.875,0.7326695322990417,126.6798095703125,10.4365873336792,105.31809997558594,10.218581199645996
212.0,16.875,0.7319462895393372,126.66902160644531,10.436921119689941,105.32170867919922,10.218581199645996
213.0,16.875,0.7312842607498169,126.65827941894531,10.437225341796875,105.32545471191406,10.218581199645996
214.0,16.875,0.7306758761405945,126.64761352539062,10.437499046325684,105.32933807373047,10.218581199645996
215.0,16.875,0.7301472425460815,126.63699340820312,10.437744140625,105.33333587646484,10.218581199645996
216.0,16.875,0.7296795845031738,126.6264419555664,10.437958717346191,105.33746337890625,10.218581199645996
217.0,16.875,0.7292697429656982,126.6159439086914,10.43814468383789,105.34172821044922,10.218581199645996
218.0,16.875,0.7289327383041382,126.60551452636719,10.438300132751465,105.34610748291016,10.218581199645996
219.0,16.875,0.728650689125061,126.59514617919922,10.438426971435547,105.35062408447266,10.218581199645996
220.0,16.875,0.7284454107284546,126.58483123779297,10.43852424621582,105.35525512695312,10.218581199645996
221.0,16.875,0.7282955050468445,126.57457733154297,10.438591957092285,105.36002349853516,10.218581199645996
222.0,16.875,0.72821044921875,126.56439208984375,10.438630104064941,105.36491394042969,10.218581199645996
223.0,16.875,0.7303973436355591,126.55338287353516,10.437626838684082,105.36817932128906,10.218581199645996
224.0,16.875,0.7331724762916565,126.54216003417969,10.436359405517578,105.37118530273438,10.218581199645996
225.0,16.875,0.7360032200813293,126.53092956542969,10.43506145477295,105.3743667602539,10.218581199645996
226.0,16.875,0.7389072179794312,126.51968383789062,10.433732032775879,105.3777084350586,10.218581199645996
227.0,16.875,0.7418867945671082,126.5084228515625,10.432371139526367,105.38121032714844,10.218581199645996
228.0,16.875,0.7449252605438232,126.49716186523438,10.430978775024414,105.3848876953125,10.218581199645996
229.0,16.875,0.7480387091636658,126.48588562011719,10.429553031921387,105.38873291015625,10.218581199645996
230.0,16.875,0.751221239566803,126.474609375,10.428095817565918,105.39274597167969,10.218581199645996
231.0,16.875,0.7544752359390259,126.46333312988281,10.426606178283691,105.39692687988281,10.218581199645996
232.0,16.875,0.7578097581863403,126.45203399658203,10.42508316040039,105.40128326416016,10.218581199645996
233.0,16.875,0.7612060308456421,126.44074249267578,10.423526763916016,105.40582275390625,10.218581199645996
234.0,16.875,0.7646713256835938,126.42945861816406,10.421937942504883,105.41053771972656,10.218581199645996
235.0,16.875,0.7682173848152161,126.41816711425781,10.42031478881836,105.4154281616211,10.218581199645996
236.0,16.875,0.7718415260314941,126.40687561035156,10.418659210205078,105.42049407958984,10.218581199645996
237.0,16.875,0.7755383253097534,126.39559173583984,10.41696834564209,105.42574310302734,10.218581199645996
238.0,16.875,0.7792945504188538,126.38432312011719,10.415244102478027,105.43119049072266,10.218581199645996
239.0,16.875,0.7831381559371948,126.37305450439453,10.413484573364258,105.43681335449219,10.218581199645996
240.0,16.875,0.7870570421218872,126.3617935180664,10.411690711975098,105.442626953125,10.218581199645996
241.0,16.875,0.7910588979721069,126.35054016113281,10.409862518310547,105.44862365722656,10.218581199645996
242.0,16.875,0.7951278686523438,126.33930969238281,10.407999038696289,105.45481872558594,10.218581199645996
243.0,16.875,0.7992763519287109,126.32809448242188,10.406100273132324,105.4612045288086,10.218581199645996
244.0,16.875,0.8034934997558594,126.31690216064453,10.404165267944336,105.4677963256836,10.218581199645996
245.0,16.875,0.8092778921127319,126.30473327636719,10.401520729064941,105.47370910644531,10.218581199645996
246.0,16.875,0.8154515027999878,126.29235076904297,10.39869499206543,105.47967529296875,10.218581199645996
247.0,16.875,0.8217834234237671,126.27989959716797,10.395795822143555,105.48584747314453,10.218581199645996
248.0,16.875,0.8282772898674011,126.26738739013672,10.392823219299316,105.49221801757812,10.218581199645996
249.0,16.875,0.8349359035491943,126.25480651855469,10.389774322509766,105.4988021850586,10.218581199645996
250.0,16.875,0.8417688012123108,126.24215698242188,10.386648178100586,105.5055923461914,10.218581199645996
251.0,16.875,0.8487732410430908,126.22943878173828,10.383443832397461,105.51260375976562,10.218581199645996
252.0,16.875,0.8559443354606628,126.21666717529297,10.380158424377441,105.51983642578125,10.218581199645996
253.0,16.875,0.8632969856262207,126.20381927490234,10.376791000366211,105.52730560302734,10.218581199645996
254.0,16.875,0.8708490133285522,126.1908950805664,10.37333869934082,105.53498840332031,10.218581199645996
255.0,16.875,0.8785703182220459,126.17791748046875,10.36980152130127,105.54292297363281,10.218581199645996
256.0,16.875,0.8864865303039551,126.16487121582031,10.36617660522461,105.55109405517578,10.218581199645996
257.0,16.875,0.8946032524108887,126.15174865722656,10.362462043762207,105.55951690673828,10.218581199645996
258.0,16.875,0.902921199798584,126.13855743408203,10.35865592956543,105.56819152832031,10.218581199645996
259.0,16.875,0.9114412069320679,126.12530517578125,10.354756355285645,105.57711791992188,10.218581199645996
260.0,16.875,0.9201672077178955,126.11198425292969,10.350760459899902,105.58631896972656,10.218581199645996
261.0,16.875,0.9282986521720886,126.0992431640625,10.347039222717285,105.59609985351562,10.218581199645996
262.0,16.875,0.9336633086204529,126.0888671875,10.344582557678223,105.60722351074219,10.218581199645996
263.0,16.875,0.9391506910324097,126.07855224609375,10.342070579528809,105.61856079101562,10.218581199645996
264.0,16.875,0.9447588920593262,126.06830596923828,10.339502334594727,105.63011169433594,10.218581199645996
265.0,16.875,0.9504956603050232,126.05812072753906,10.336877822875977,105.64188385009766,10.218581199645996
266.0,16.875,0.9563595056533813,126.04800415039062,10.334196090698242,105.65387725830078,10.218581199645996
267.0,16.875,0.9623357653617859,126.03797912597656,10.331456184387207,105.66609191894531,10.218581199645996
268.0,16.875,0.9684525728225708,126.02801513671875,10.328657150268555,105.67853546142578,10.218581199645996
269.0,16.875,0.9746977090835571,126.01813507080078,10.325798034667969,105.69120025634766,10.218581199645996
270.0,16.875,0.9810729026794434,126.00833892822266,10.322879791259766,105.70409393310547,10.218581199645996
271.0,16.875,0.987586498260498,125.99861907958984,10.319900512695312,105.71723175048828,10.218581199645996
272.0,16.875,0.9942278265953064,125.98899841308594,10.316859245300293,105.73059844970703,10.218581199645996
273.0,16.875,1.0010066032409668,125.9794692993164,10.31375503540039,105.74420166015625,10.218581199645996
274.0,16.875,1.0092859268188477,125.9688491821289,10.309966087341309,105.75779724121094,10.218581199645996
275.0,16.875,1.0183191299438477,125.9577865600586,10.305831909179688,105.77156066894531,10.218581199645996
276.0,16.875,1.0275025367736816,125.94680786132812,10.301627159118652,105.78563690185547,10.218581199645996
277.0,16.875,1.0368512868881226,125.93590545654297,10.297350883483887,105.80001831054688,10.218581199645996
278.0,16.875,1.0463443994522095,125.92510986328125,10.293002128601074,105.81471252441406,10.218581199645996
279.0,16.875,1.0560027360916138,125.9144058227539,10.288581848144531,105.8297119140625,10.218581199645996
280.0,16.875,1.0658246278762817,125.90380096435547,10.284088134765625,105.84503936767578,10.218581199645996
281.0,16.875,1.0757919549942017,125.89332580566406,10.279520988464355,105.86067962646484,10.218581199645996
282.0,16.875,1.0859366655349731,125.88294982910156,10.274879455566406,105.87666320800781,10.218581199645996
283.0,16.875,1.0962350368499756,125.87271118164062,10.270164489746094,105.89295196533203,10.218581199645996
284.0,16.875,1.1066986322402954,125.86260223388672,10.265376091003418,105.90957641601562,10.218581199645996
285.0,16.875,1.1173157691955566,125.85264587402344,10.260512351989746,105.92654418945312,10.218581199645996
286.0,16.875,1.1236889362335205,125.84675598144531,10.257596015930176,105.94385528564453,10.218581199645996
287.0,16.875,1.1293307542800903,125.8418197631836,10.255014419555664,105.96135711669922,10.218581199645996
288.0,16.875,1.1350516080856323,125.83712005615234,10.252399444580078,105.97903442382812,10.218581199645996
289.0,16.875,1.140836238861084,125.83267974853516,10.249749183654785,105.99688720703125,10.218581199645996
290.0,16.875,1.1467010974884033,125.82848358154297,10.247065544128418,106.01490020751953,10.218581199645996
291.0,16.875,1.1526304483413696,125.82455444335938,10.24434757232666,106.0330810546875,10.218581199645996
292.0,16.875,1.1586486101150513,125.82086944580078,10.241595268249512,106.05142211914062,10.218581199645996
293.0,16.875,1.165753960609436,125.81655883789062,10.238341331481934,106.0700454711914,10.218581199645996
294.0,16.875,1.1731809377670288,125.81230163574219,10.234942436218262,106.08887481689453,10.218581199645996
295.0,16.875,1.180707573890686,125.80830383300781,10.231497764587402,106.10791015625,10.218581199645996
296.0,16.875,1.1883244514465332,125.80458068847656,10.228008270263672,106.12714385986328,10.218581199645996
297.0,16.875,1.1960495710372925,125.80111694335938,10.22447395324707,106.14656829833984,10.218581199645996
298.0,16.875,1.2038681507110596,125.79793548583984,10.220894813537598,106.16618347167969,10.218581199645996
299.0,16.875,1.2117873430252075,125.79503631591797,10.217270851135254,106.18599700927734,10.218581199645996
300.0,16.875,1.2198046445846558,125.79242706298828,10.213603019714355,106.20600128173828,10.218581199645996
301.0,16.875,1.227910041809082,125.79012298583984,10.209890365600586,106.22618103027344,10.218581199645996
302.0,16.875,1.2361162900924683,125.78811645507812,10.206134796142578,106.24654388427734,10.218581199645996
303.0,16.875,1.2444148063659668,125.78642272949219,10.202335357666016,106.26708221435547,10.218581199645996
304.0,16.875,1.2528043985366821,125.78504943847656,10.198493957519531,106.28779602050781,10.218581199645996
305.0,16.875,1.2612911462783813,125.78399658203125,10.194610595703125,106.30868530273438,10.218581199645996
306.0,16.875,1.2698662281036377,125.78327941894531,10.190685272216797,106.32974243164062,10.218581199645996
307.0,16.875,1.2785308361053467,125.78289794921875,10.186718940734863,106.3509521484375,10.218581199645996
308.0,16.875,1.287283182144165,125.78286743164062,10.182711601257324,106.37232971191406,10.218581199645996
309.0,16.875,1.2961241006851196,125.78318786621094,10.178665161132812,106.39385986328125,10.218581199645996
310.0,16.875,1.3050446510314941,125.78387451171875,10.174579620361328,106.41553497314453,10.218581199645996
311.0,16.875,1.314054250717163,125.78491973876953,10.170455932617188,106.43734741210938,10.218581199645996
312.0,16.875,1.342740535736084,125.7706527709961,10.157323837280273,106.46687316894531,10.218581199645996
313.0,16.875,1.3992819786071777,125.7349853515625,10.131444931030273,106.50819396972656,10.218581199645996
314.0,16.875,1.4592928886413574,125.69772338867188,10.103971481323242,106.55235290527344,10.218581199645996
315.0,16.875,1.5230565071105957,125.65874481201172,10.074786186218262,106.59957122802734,10.218581199645996
316.0,16.875,1.5908308029174805,125.61798858642578,10.043763160705566,106.65010070800781,10.218581199645996
317.0,16.875,1.6629164218902588,125.57535552978516,10.01076602935791,106.7042007446289,10.218581199645996
318.0,16.875,1.739615797996521,125.53076934814453,9.975652694702148,106.76215362548828,10.218581199645996
319.0,16.875,1.7600513696670532,125.52989959716797,9.966301918029785,106.79481506347656,10.218581199645996
320.0,16.875,1.7680145502090454,125.53899383544922,9.962656021118164,106.82158660888672,10.218581199645996
321.0,16.875,1.7761008739471436,125.54853820800781,9.958952903747559,106.8483657836914,10.218581199645996
322.0,16.875,1.7843092679977417,125.55852508544922,9.955194473266602,106.87512969970703,10.218581199645996
323.0,16.875,1.7926478385925293,125.56896209716797,9.951380729675293,106.90189361572266,10.218581199645996
324.0,16.875,1.801100254058838,125.57986450195312,9.947510719299316,106.92863464355469,10.218581199645996
325.0,16.875,1.8096730709075928,125.59122467041016,9.943585395812988,106.9553451538086,10.218581199645996
326.0,16.875,1.8183661699295044,125.60305786132812,9.939604759216309,106.9820327758789,10.218581199645996
327.0,16.875,1.8271925449371338,125.61534881591797,9.935568809509277,107.0086898803711,10.218581199645996
328.0,16.875,1.8361198902130127,125.62812805175781,9.931477546691895,107.03528594970703,10.218581199645996
329.0,16.875,1.8451781272888184,125.64137268066406,9.927331924438477,107.06183624267578,10.218581199645996
330.0,16.875,1.8543598651885986,125.65509796142578,9.923131942749023,107.08833312988281,10.218581199645996
331.0,16.875,1.863652229309082,125.66931915283203,9.918877601623535,107.11476135253906,10.218581199645996
332.0,16.875,1.8730621337890625,125.68402099609375,9.914568901062012,107.14110565185547,10.218581199645996
333.0,16.875,1.8825912475585938,125.69921875,9.91020679473877,107.16737365722656,10.218581199645996
334.0,16.875,1.8922371864318848,125.71491241455078,9.905791282653809,107.19355010986328,10.218581199645996
335.0,16.875,1.9020054340362549,125.73109436035156,9.901323318481445,107.2196273803711,10.218581199645996
336.0,16.875,1.9118801355361938,125.74778747558594,9.896801948547363,107.24559020996094,10.218581199645996
337.0,16.875,1.9218571186065674,125.7649917602539,9.892229080200195,107.27142333984375,10.218581199645996
338.0,16.875,1.9319677352905273,125.7826919555664,9.887605667114258,107.29714965820312,10.218581199645996
339.0,16.875,1.9421792030334473,125.8009033203125,9.882930755615234,107.32272338867188,10.218581199645996
340.0,16.875,1.952498197555542,125.81962585449219,9.878205299377441,107.34814453125,10.218581199645996
341.0,16.875,1.96293306350708,125.8388671875,9.873431205749512,107.37342071533203,10.218581199645996
342.0,16.875,1.9734697341918945,125.85862731933594,9.868607521057129,107.39852142333984,10.218581199645996
343.0,16.875,1.9841111898422241,125.87891387939453,9.863736152648926,107.42344665527344,10.218581199645996
344.0,16.875,1.9948556423187256,125.89971160888672,9.858817100524902,107.44817352294922,10.218581199645996
345.0,16.875,2.005706310272217,125.92102813720703,9.853851318359375,107.47270202636719,10.218581199645996
346.0,16.875,2.016648769378662,125.94288635253906,9.848840713500977,107.49701690673828,10.218581199645996
347.0,16.875,2.027695417404175,125.96526336669922,9.84378433227539,107.52111053466797,10.218581199645996
348.0,16.875,2.0379815101623535,125.988525390625,9.83907699584961,107.54429626464844,10.218581199645996
349.0,16.875,2.047471523284912,126.01264953613281,9.834731101989746,107.56651306152344,10.218581199645996
350.0,16.875,2.0570032596588135,126.03727722167969,9.83036994934082,107.58840942382812,10.218581199645996
351.0,16.875,2.0665621757507324,126.0624008178711,9.825993537902832,107.60995483398438,10.218581199645996
352.0,16.875,2.0761518478393555,126.08802795410156,9.821603775024414,107.63114929199219,10.218581199645996
353.0,16.875,2.0857620239257812,126.11415100097656,9.817203521728516,107.65196990966797,10.218581199645996
354.0,16.875,2.0954058170318604,126.14075469970703,9.81279182434082,107.67241668701172,10.218581199645996
355.0,16.875,2.1050541400909424,126.1678466796875,9.808372497558594,107.69245147705078,10.218581199645996
356.0,16.875,2.1147284507751465,126.19541931152344,9.803947448730469,107.71208953857422,10.218581199645996
357.0,16.875,2.124401569366455,126.22348022460938,9.799516677856445,107.73129272460938,10.218581199645996
358.0,16.875,2.1340885162353516,126.25199890136719,9.795083045959473,107.75006103515625,10.218581199645996
359.0,16.875,2.1437807083129883,126.2809829711914,9.790647506713867,107.76837921142578,10.218581199645996
0.0,11.25,3.362457036972046,126.00987243652344,9.521537780761719,108.95528411865234,10.218581199645996
1.0,11.25,3.3913586139678955,126.05574798583984,9.51078987121582,108.9953842163086,10.218581199645996
2.0,11.25,3.420459270477295,126.10273742675781,9.499967575073242,109.03497314453125,10.218581199645996
3.0,11.25,3.449741840362549,126.15082550048828,9.489076614379883,109.07400512695312,10.218581199645996
4.0,11.25,3.479206085205078,126.20001983642578,9.478120803833008,109.11245727539062,10.218581199645996
5.0,11.25,3.508824586868286,126.25032043457031,9.4671049118042,109.15027618408203,10.218581199645996
6.0,11.25,3.5385987758636475,126.30171966552734,9.456034660339355,109.18743896484375,10.218581199645996
7.0,11.25,3.568495273590088,126.35421752929688,9.444914817810059,109.22388458251953,10.218581199645996
8.0,11.25,3.5985143184661865,126.40780639648438,9.433752059936523,109.25959014892578,10.218581199645996
9.0,11.25,3.6286356449127197,126.46248626708984,9.422552108764648,109.29450988769531,10.218581199645996
10.0,11.25,3.6588330268859863,126.51824951171875,9.411320686340332,109.3285903930664,10.218581199645996
11.0,11.25,3.6860830783843994,126.57530212402344,9.4011869430542,109.3590087890625,10.218581199645996
12.0,11.25,3.7024481296539307,126.6339340209961,9.395101547241211,109.37837219238281,10.218581199645996
13.0,11.25,3.7184646129608154,126.69317626953125,9.389144897460938,109.39640045166016,10.218581199645996
14.0,11.25,3.734117269515991,126.75299072265625,9.383322715759277,109.4130630493164,10.218581199645996
15.0,11.25,3.7494029998779297,126.81334686279297,9.377640724182129,109.4283447265625,10.218581199645996
16.0,11.25,3.764282703399658,126.87420654296875,9.37210464477539,109.44219207763672,10.218581199645996
17.0,11.25,3.778765916824341,126.93553161621094,9.366721153259277,109.45460510253906,10.218581199645996
18.0,11.25,3.792819023132324,126.99727630615234,9.361495018005371,109.46553802490234,10.218581199645996
19.0,11.25,3.793179988861084,127.05866241455078,9.361359596252441,109.46269226074219,10.218581199645996
20.0,11.25,3.6951112747192383,127.11287689208984,9.397829055786133,109.36768341064453,10.218581199645996
21.0,11.25,3.598720073699951,127.16400146484375,9.433674812316895,109.27342987060547,10.218581199645996
22.0,11.25,3.5041627883911133,127.21210479736328,9.468840599060059,109.1801528930664,10.218581199645996
23.0,11.25,3.4154651165008545,127.25775909423828,9.501824378967285,109.09162902832031,10.218581199645996
24.0,11.25,3.42539381980896,127.31391143798828,9.49813461303711,109.09307861328125,10.218581199645996
25.0,11.25,3.434849977493286,127.37017822265625,9.49461555480957,109.09308624267578,10.218581199645996
26.0,11.25,3.443836212158203,127.42649841308594,9.491273880004883,109.09165954589844,10.218581199645996
27.0,11.25,3.4523420333862305,127.48284912109375,9.48811149597168,109.08878326416016,10.218581199645996
28.0,11.25,3.4603464603424072,127.53916931152344,9.48513412475586,109.08444213867188,10.218581199645996
29.0,11.25,3.4678502082824707,127.59542846679688,9.482343673706055,109.0786361694336,10.218581199645996
30.0,11.25,3.474836826324463,127.65156555175781,9.479743957519531,109.07135772705078,10.218581199645996
31.0,11.25,3.481311321258545,127.70755004882812,9.477338790893555,109.06261444091797,10.218581199645996
32.0,11.25,3.480306625366211,127.76152038574219,9.477713584899902,109.04620361328125,10.218581199645996
33.0,11.25,3.4671988487243652,127.81179809570312,9.482584953308105,109.01814270019531,10.218581199645996
34.0,11.25,3.4492263793945312,127.85994720458984,9.489270210266113,108.98499298095703,10.218581199645996
35.0,11.25,3.43088436126709,127.9071273803711,9.49609088897705,108.95077514648438,10.218581199645996
36.0,11.25,3.4122042655944824,127.95330810546875,9.503039360046387,108.9155502319336,10.218581199645996
37.0,11.25,3.3931946754455566,127.99846649169922,9.510107040405273,108.87934875488281,10.218581199645996
38.0,11.25,3.3738815784454346,128.0426025390625,9.517288208007812,108.84221649169922,10.218581199645996
39.0,11.25,3.3542985916137695,128.085693359375,9.524574279785156,108.80421447753906,10.218581199645996
40.0,11.25,3.3344368934631348,128.12771606445312,9.53195858001709,108.7653579711914,10.218581199645996
41.0,11.25,3.314335823059082,128.16867065429688,9.539433479309082,108.7257080078125,10.218581199645996
42.0,11.25,3.2940139770507812,128.2085418701172,9.546993255615234,108.68531036376953,10.218581199645996
43.0,11.25,3.273465633392334,128.24729919433594,9.554628372192383,108.6441879272461,10.218581199645996
44.0,11.25,3.2527456283569336,128.28497314453125,9.562334060668945,108.60240936279297,10.218581199645996
45.0,11.25,3.2315938472747803,128.32142639160156,9.57020378112793,108.5597915649414,10.218581199645996
46.0,11.25,3.202939987182617,128.35330200195312,9.580860137939453,108.51071166992188,10.218581199645996
47.0,11.25,3.174109935760498,128.38381958007812,9.59157943725586,108.46118927001953,10.218581199645996
48.0,11.25,3.102151393890381,128.39158630371094,9.618341445922852,108.37760925292969,10.218581199645996
49.0,11.25,3.045395851135254,128.4047088623047,9.639446258544922,108.30630493164062,10.218581199645996
50.0,11.25,2.990492820739746,128.41677856445312,9.659862518310547,108.23672485351562,10.218581199645996
51.0,11.25,2.937361717224121,128.42787170410156,9.679619789123535,108.16878509521484,10.218581199645996
52.0,11.25,2.8859457969665527,128.43801879882812,9.698741912841797,108.10245513916016,10.218581199645996
53.0,11.25,2.836162567138672,128.447265625,9.717253684997559,108.03765869140625,10.218581199645996
54.0,11.25,2.7879765033721924,128.45567321777344,9.735177993774414,107.974365234375,10.218581199645996
55.0,11.25,2.7701456546783447,128.4802703857422,9.741805076599121,107.93318176269531,10.218581199645996
56.0,11.25,2.770155429840088,128.51467895507812,9.741805076599121,107.90435791015625,10.218581199645996
57.0,11.25,2.770144462585449,128.54855346679688,9.741805076599121,107.87493133544922,10.218581199645996
58.0,11.25,2.7701425552368164,128.58192443847656,9.741805076599121,107.84491729736328,10.218581199645996
59.0,11.25,2.770151138305664,128.61477661132812,9.741805076599121,107.8143310546875,10.218581199645996
60.0,11.25,2.681060791015625,128.58914184570312,9.774935722351074,107.72415924072266,10.218581199645996
61.0,11.25,2.590937614440918,128.56024169921875,9.808452606201172,107.6347885131836,10.218581199645996
62.0,11.25,2.5052490234375,128.53175354003906,9.840314865112305,107.54981994628906,10.218581199645996
63.0,11.25,2.4237594604492188,128.5037078857422,9.87061882019043,107.4690170288086,10.218581199645996
64.0,11.25,2.3462162017822266,128.4761199951172,9.899456977844238,107.39212036132812,10.218581199645996
65.0,11.25,2.272383451461792,128.44898986816406,9.926916122436523,107.31890106201172,10.218581199645996
66.0,11.25,2.202033519744873,128.42230224609375,9.953075408935547,107.2491455078125,10.218581199645996
67.0,11.25,2.1591382026672363,128.4136199951172,9.969030380249023,107.1966323852539,10.218581199645996
68.0,11.25,2.12925386428833,128.41317749023438,9.980144500732422,107.15217590332031,10.218581199645996
69.0,11.25,2.0997886657714844,128.41197204589844,9.99109935760498,107.10836029052734,10.218581199645996
70.0,11.25,2.070769786834717,128.41006469726562,10.00189208984375,107.06519317626953,10.218581199645996
71.0,11.25,2.0421910285949707,128.407470703125,10.012519836425781,107.0226821899414,10.218581199645996
72.0,11.25,2.0140573978424072,128.4042205810547,10.022982597351074,106.9808349609375,10.218581199645996
73.0,11.25,1.986375331878662,128.4003448486328,10.033276557922363,106.93965911865234,10.218581199645996
74.0,11.25,1.9591468572616577,128.3958740234375,10.043402671813965,106.89915466308594,10.218581199645996
75.0,11.25,1.9323666095733643,128.3908233642578,10.053359031677246,106.85932922363281,10.218581199645996
76.0,11.25,1.9060497283935547,128.38523864746094,10.063146591186523,106.82018280029297,10.218581199645996
77.0,11.25,1.8801884651184082,128.37913513183594,10.072763442993164,106.7817153930664,10.218581199645996
78.0,11.25,1.8547861576080322,128.37254333496094,10.0822114944458,106.74392700195312,10.218581199645996
79.0,11.25,1.8298325538635254,128.365478515625,10.091490745544434,106.7068099975586,10.218581199645996
80.0,11.25,1.8062986135482788,128.35877990722656,10.100245475769043,106.6707534790039,10.218581199645996
81.0,11.25,1.783740520477295,128.35211181640625,10.108631134033203,106.63554382324219,10.218581199645996
82.0,11.25,1.7493988275527954,128.33465576171875,10.121403694152832,106.59642028808594,10.218581199645996
83.0,11.25,1.7169791460037231,128.3179473876953,10.13346004486084,106.55880737304688,10.218581199645996
84.0,11.25,1.6897004842758179,128.30482482910156,10.143603324890137,106.52373504638672,10.218581199645996
85.0,11.25,1.6631946563720703,128.29161071777344,10.153459548950195,106.48954772949219,10.218581199645996
86.0,11.25,1.637434720993042,128.27830505371094,10.16303825378418,106.45623779296875,10.218581199645996
87.0,11.25,1.6124144792556763,128.2649383544922,10.172347068786621,106.42377471923828,10.218581199645996
88.0,11.25,1.5880746841430664,128.25148010253906,10.181396484375,106.39212799072266,10.218581199645996
89.0,11.25,1.5644294023513794,128.23797607421875,10.190192222595215,106.36128234863281,10.218581199645996
90.0,11.25,1.5414347648620605,128.2244110107422,10.19874382019043,106.33120727539062,10.218581199645996
91.0,11.25,1.5190643072128296,128.21078491210938,10.207058906555176,106.3018798828125,10.218581199645996
92.0,11.25,1.497333288192749,128.1971435546875,10.215143203735352,106.27327728271484,10.218581199645996
93.0,11.25,1.476191520690918,128.18345642089844,10.223004341125488,106.2453842163086,10.218581199645996
94.0,11.25,1.4556281566619873,128.16973876953125,10.230649948120117,106.21817779541016,10.218581199645996
95.0,11.25,1.4356354475021362,128.156005859375,10.238085746765137,106.19164276123047,10.218581199645996
96.0,11.25,1.4161748886108398,128.14224243164062,10.245318412780762,106.16574096679688,10.218581199645996
97.0,11.25,1.397271752357483,128.1284942626953,10.252354621887207,106.1404800415039,10.218581199645996
98.0,11.25,1.3788617849349976,128.11471557617188,10.259199142456055,106.1158218383789,10.218581199645996
99.0,11.25,1.3609561920166016,128.10093688964844,10.265857696533203,106.09176635742188,10.218581199645996
100.0,11.25,1.343534231185913,128.087158203125,10.272336959838867,106.06827545166016,10.218581199645996
101.0,11.25,1.3300753831863403,128.0766143798828,10.277342796325684,106.04560089111328,10.218581199645996
102.0,11.25,1.3218539953231812,128.0705108642578,10.280394554138184,106.02363586425781,10.218581199645996
103.0,11.25,1.3138021230697632,128.06417846679688,10.283391952514648,106.00192260742188,10.218581199645996
104.0,11.25,1.305884838104248,128.05758666992188,10.286334991455078,105.98045349121094,10.218581199645996
105.0,11.25,1.2981243133544922,128.05076599121094,10.289223670959473,105.959228515625,10.218581199645996
106.0,11.25,1.2904995679855347,128.043701171875,10.292059898376465,105.93826293945312,10.218581199645996
107.0,11.25,1.2830196619033813,128.03640747070312,10.294841766357422,105.91752624511719,10.218581199645996
108.0,11.25,1.27567720413208,128.0288848876953,10.297572135925293,105.89704895019531,10.218581199645996
109.0,11.25,1.2684669494628906,128.02113342285156,10.300250053405762,105.87681579589844,10.218581199645996
110.0,11.25,1.261411428451538,128.01318359375,10.302877426147461,105.85681915283203,10.218581199645996
111.0,11.25,1.25447678565979,128.0050048828125,10.305452346801758,105.83707427978516,10.218581199645996
112.0,11.25,1.2476991415023804,127.99664306640625,10.307976722717285,105.81757354736328,10.218581199645996
113.0,11.25,1.2410469055175781,127.98806762695312,10.310450553894043,105.79830169677734,10.218581199645996
114.0,11.25,1.2345250844955444,127.97929382324219,10.312874794006348,105.77928924560547,10.218581199645996
115.0,11.25,1.2281391620635986,127.97032928466797,10.3152494430542,105.76050567626953,10.218581199645996
116.0,11.25,1.2218835353851318,127.96117401123047,10.317574501037598,105.74195861816406,10.218581199645996
117.0,11.25,1.2157649993896484,127.95184326171875,10.319851875305176,105.7236557006836,10.218581199645996
118.0,11.25,1.2097736597061157,127.94232940673828,10.3220796585083,105.7055892944336,10.218581199645996
119.0,11.25,1.2039055824279785,127.93263244628906,10.324260711669922,105.68775177001953,10.218581199645996
120.0,11.25,1.1981738805770874,127.92277526855469,10.326394081115723,105.67015838623047,10.218581199645996
121.0,11.25,1.1925631761550903,127.9127426147461,10.32848072052002,105.65279388427734,10.218581199645996
122.0,11.25,1.1868689060211182,127.90235900878906,10.330595970153809,105.6357192993164,10.218581199645996
123.0,11.25,1.1804566383361816,127.89106750488281,10.332983016967773,105.61910247802734,10.218581199645996
124.0,11.25,1.1742281913757324,127.87968444824219,10.335296630859375,105.60274505615234,10.218581199645996
125.0,11.25,1.1682072877883911,127.86823272705078,10.33753776550293,105.58661651611328,10.218581199645996
126.0,11.25,1.1623657941818237,127.856689453125,10.33970832824707,105.57072448730469,10.218581199645996
127.0,11.25,1.1567147970199585,127.8450698852539,10.341809272766113,105.55506134033203,10.218581199645996
128.0,11.25,1.1512545347213745,127.8333740234375,10.343841552734375,105.53961181640625,10.218581199645996
129.0,11.25,1.1459718942642212,127.82160186767578,10.345807075500488,105.52439880371094,10.218581199645996
130.0,11.25,1.1408672332763672,127.80974578857422,10.347705841064453,105.50939178466797,10.218581199645996
131.0,11.25,1.1359305381774902,127.79780578613281,10.349538803100586,105.4946060180664,10.218581199645996
132.0,11.25,1.1311829090118408,127.78580474853516,10.351306915283203,105.48002624511719,10.218581199645996
133.0,11.25,1.1258807182312012,127.77312469482422,10.353278160095215,105.46595764160156,10.218581199645996
134.0,11.25,1.1182055473327637,127.75830841064453,10.35612964630127,105.4532470703125,10.218581199645996
135.0,11.25,1.1107945442199707,127.74354553222656,10.35888671875,105.44078063964844,10.218581199645996
136.0,11.25,1.1030898094177246,127.7283935546875,10.361753463745117,105.42881774902344,10.218581199645996
137.0,11.25,1.0947448015213013,127.71259307861328,10.364855766296387,105.41754150390625,10.218581199645996
138.0,11.25,1.0866681337356567,127.6968765258789,10.367859840393066,105.4065170288086,10.218581199645996
139.0,11.25,1.0788487195968628,127.68124389648438,10.370768547058105,105.395751953125,10.218581199645996
140.0,11.25,1.0712738037109375,127.6656723022461,10.37358283996582,105.38522338867188,10.218581199645996
141.0,11.25,1.0639573335647583,127.65019989013672,10.376307487487793,105.37494659423828,10.218581199645996
142.0,11.25,1.0568664073944092,127.63478088378906,10.378942489624023,105.36490631103516,10.218581199645996
143.0,11.25,1.0496948957443237,127.61920166015625,10.381607055664062,105.35527801513672,10.218581199645996
144.0,11.25,1.041690707206726,127.60292053222656,10.384586334228516,105.34648895263672,10.218581199645996
145.0,11.25,1.0338801145553589,127.58670806884766,10.38748836517334,105.33797454833984,10.218581199645996
146.0,11.25,1.0262861251831055,127.57058715820312,10.390315055847168,105.3297119140625,10.218581199645996
147.0,11.25,1.018880844116211,127.55453491210938,10.393068313598633,105.32170867919922,10.218581199645996
148.0,11.25,1.0116783380508423,127.53856658935547,10.39574909210205,105.31394958496094,10.218581199645996
149.0,11.25,1.0046517848968506,127.52265930175781,10.398359298706055,105.30644226074219,10.218581199645996
150.0,11.25,0.9978204965591431,127.5068359375,10.400898933410645,105.2991714477539,10.218581199645996
151.0,11.25,0.9911727905273438,127.49108123779297,10.403371810913086,105.29212951660156,10.218581199645996
152.0,11.25,0.9847084283828735,127.47541046142578,10.405776977539062,105.28532409667969,10.218581199645996
153.0,11.25,0.978422224521637,127.45980072021484,10.408116340637207,105.27873229980469,10.218581199645996
154.0,11.25,0.9722980260848999,127.44425964355469,10.410391807556152,105.27237701416016,10.218581199645996
155.0,11.25,0.966347336769104,127.42877960205078,10.412603378295898,105.26622772216797,10.218581199645996
156.0,11.25,0.9605630040168762,127.41337585449219,10.414753913879395,105.26029968261719,10.218581199645996
157.0,11.25,0.9549469947814941,127.39804077148438,10.416842460632324,105.25457763671875,10.218581199645996
158.0,11.25,0.9494940042495728,127.38277435302734,10.41887092590332,105.24906158447266,10.218581199645996
159.0,11.25,0.9442018270492554,127.36756134033203,10.420841217041016,105.24373626708984,10.218581199645996
160.0,11.25,0.9390578866004944,127.3524169921875,10.42275333404541,105.2386245727539,10.218581199645996
161.0,11.25,0.9340647459030151,127.33733367919922,10.42460823059082,105.23371124267578,10.218581199645996
162.0,11.25,0.9292337894439697,127.32231903076172,10.426406860351562,105.2289810180664,10.218581199645996
163.0,11.25,0.9245406985282898,127.30735778808594,10.42815113067627,105.22444915771484,10.218581199645996
164.0,11.25,0.9200039505958557,127.2924575805664,10.429840087890625,105.2200927734375,10.218581199645996
165.0,11.25,0.9155996441841125,127.27760314941406,10.431476593017578,105.21592712402344,10.218581199645996
166.0,11.25,0.9113476276397705,127.2628173828125,10.433059692382812,105.2119369506836,10.218581199645996
167.0,11.25,0.9072243571281433,127.24808502197266,10.434591293334961,105.20813751220703,10.218581199645996
168.0,11.25,0.9032480120658875,127.2333984375,10.436071395874023,105.20449829101562,10.218581199645996
169.0,11.25,0.899393618106842,127.21876525878906,10.437500953674316,105.2010498046875,10.218581199645996
170.0,11.25,0.8956922292709351,127.20419311523438,10.438880920410156,105.19775390625,10.218581199645996
171.0,11.25,0.8921154141426086,127.18966674804688,10.44021224975586,105.19463348388672,10.218581199645996
172.0,11.25,0.8886603116989136,127.17518615722656,10.441494941711426,105.19168853759766,10.218581199645996
173.0,11.25,0.8853434324264526,127.16075134277344,10.442729949951172,105.18889617919922,10.218581199645996
174.0,11.25,0.8822517395019531,127.14640808105469,10.443878173828125,105.18618774414062,10.218581199645996
175.0,11.25,0.8799048662185669,127.1323013305664,10.444748878479004,105.18309783935547,10.218581199645996
176.0,11.25,0.8776867985725403,127.11821746826172,10.445575714111328,105.1801528930664,10.218581199645996
177.0,11.25,0.87558913230896,127.10415649414062,10.446358680725098,105.17736053466797,10.218581199645996
178.0,11.25,0.8735942840576172,127.0901107788086,10.447097778320312,105.17473602294922,10.218581199645996
179.0,11.25,0.8717204332351685,127.07608032226562,10.447794914245605,105.17225646972656,10.218581199645996
180.0,11.25,0.8699544072151184,127.06207275390625,10.448450088500977,105.16993713378906,10.218581199645996
181.0,11.25,0.8683135509490967,127.04808044433594,10.44906234741211,105.16775512695312,10.218581199645996
182.0,11.25,0.8667740225791931,127.03409576416016,10.44963264465332,105.16573333740234,10.218581199645996
183.0,11.25,0.8653571605682373,127.02012634277344,10.45016098022461,105.16384887695312,10.218581199645996
184.0,11.25,0.8640475273132324,127.00617218017578,10.450648307800293,105.16211700439453,10.218581199645996
185.0,11.25,0.8628498911857605,126.99222564697266,10.451093673706055,105.16053009033203,10.218581199645996
186.0,11.25,0.8617639541625977,126.9782943725586,10.451498985290527,105.15908813476562,10.218581199645996
187.0,11.25,0.8607824444770813,126.9643783569336,10.451862335205078,105.15779876708984,10.218581199645996
188.0,11.25,0.8599146604537964,126.95045471191406,10.45218563079834,105.15664672851562,10.218581199645996
189.0,11.25,0.8591498136520386,126.93655395507812,10.452468872070312,105.15564727783203,10.218581199645996
190.0,11.25,0.8585054874420166,126.92264556884766,10.45271110534668,105.15477752685547,10.218581199645996
191.0,11.25,0.8579550385475159,126.90875244140625,10.452912330627441,105.15406799316406,10.218581199645996
192.0,11.25,0.8575173616409302,126.89485931396484,10.45307445526123,105.15349578857422,10.218581199645996
193.0,11.25,0.8572003841400146,126.88097381591797,10.453195571899414,105.1530532836914,10.218581199645996
194.0,11.25,0.8569742441177368,126.8670883178711,10.453277587890625,105.15277099609375,10.218581199645996
195.0,11.25,0.8568610548973083,126.85321044921875,10.45331859588623,105.15262603759766,10.218581199645996
196.0,11.25,0.8568596839904785,126.8393325805664,10.453320503234863,105.15261840820312,10.218581199645996
197.0,11.25,0.8557641506195068,126.82546997070312,10.453726768493652,105.15386962890625,10.218581199645996
198.0,11.25,0.8535693883895874,126.81170654296875,10.454545021057129,105.15637969970703,10.218581199645996
199.0,11.25,0.8514596819877625,126.79801940917969,10.455328941345215,105.15904998779297,10.218581199645996
200.0,11.25,0.8494412899017334,126.7844009399414,10.456077575683594,105.16187286376953,10.218581199645996
201.0,11.25,0.8475342392921448,126.7708511352539,10.456790924072266,105.16482543945312,10.218581199645996
202.0,11.25,0.8457062244415283,126.75739288330078,10.457469940185547,105.16793823242188,10.218581199645996
203.0,11.25,0.8439658880233765,126.7439956665039,10.458114624023438,105.17120361328125,10.218581199645996
204.0,11.25,0.842330276966095,126.73068237304688,10.458724975585938,105.17459869384766,10.218581199645996
205.0,11.25,0.8407729268074036,126.7174301147461,10.459301948547363,105.17815399169922,10.218581199645996
206.0,11.25,0.8393106460571289,126.70426177978516,10.459844589233398,105.18184661865234,10.218581199645996
207.0,11.25,0.8379482626914978,126.69117736816406,10.46035385131836,105.1856689453125,10.218581199645996
208.0,11.25,0.8366625308990479,126.67814636230469,10.460829734802246,105.18965148925781,10.218581199645996
209.0,11.25,0.8354762196540833,126.66519165039062,10.461272239685059,105.19376373291016,10.218581199645996
210.0,11.25,0.8343824148178101,126.65230560302734,10.461682319641113,105.19801330566406,10.218581199645996
211.0,11.25,0.8333638310432434,126.6395034790039,10.462058067321777,105.2024154663086,10.218581199645996
212.0,11.25,0.8324446082115173,126.62676239013672,10.46240234375,105.20694732666016,10.218581199645996
213.0,11.25,0.8316069841384888,126.61409759521484,10.462713241577148,105.21162414550781,10.218581199645996
214.0,11.25,0.830852746963501,126.60150146484375,10.462990760803223,105.21644592285156,10.218581199645996
215.0,11.25,0.8301939964294434,126.58897399902344,10.463236808776855,105.22139739990234,10.218581199645996
216.0,11.25,0.8296212553977966,126.57652282714844,10.46345043182373,105.22648620605469,10.218581199645996
217.0,11.25,0.8291395306587219,126.56413269042969,10.463630676269531,105.2317123413086,10.218581199645996
218.0,11.25,0.8320013880729675,126.5506591796875,10.462563514709473,105.23428344726562,10.218581199645996
219.0,11.25,0.8354716300964355,126.5369644165039,10.461275100708008,105.23658752441406,10.218581199645996
220.0,11.25,0.8390331268310547,126.52323150634766,10.459949493408203,105.23907470703125,10.218581199645996
221.0,11.25,0.842694103717804,126.50944519042969,10.458587646484375,105.24174499511719,10.218581199645996
222.0,11.25,0.8464613556861877,126.49561309814453,10.457188606262207,105.24459075927734,10.218581199645996
223.0,11.25,0.8503254055976868,126.48173522949219,10.455751419067383,105.24762725830078,10.218581199645996
224.0,11.25,0.8542855978012085,126.46781921386719,10.454277038574219,105.2508544921875,10.218581199645996
225.0,11.25,0.8583561182022095,126.45384216308594,10.452763557434082,105.2542724609375,10.218581199645996
226.0,11.25,0.8625321388244629,126.43983459472656,10.451211929321289,105.25787353515625,10.218581199645996
227.0,11.25,0.8668121099472046,126.42578125,10.449620246887207,105.26167297363281,10.218581199645996
228.0,11.25,0.8711936473846436,126.41168212890625,10.447988510131836,105.26567840576172,10.218581199645996
229.0,11.25,0.8756917715072632,126.39753723144531,10.446317672729492,105.2698745727539,10.218581199645996
230.0,11.25,0.880293607711792,126.38334655761719,10.444604873657227,105.27428436279297,10.218581199645996
231.0,11.25,0.8850114345550537,126.36912536621094,10.442852020263672,105.27888488769531,10.218581199645996
232.0,11.25,0.8898385763168335,126.35485076904297,10.441057205200195,105.28370666503906,10.218581199645996
233.0,11.25,0.8947840929031372,126.34054565429688,10.43921947479248,105.28872680664062,10.218581199645996
234.0,11.25,0.8998376131057739,126.3261947631836,10.437338829040527,105.29397583007812,10.218581199645996
235.0,11.25,0.9050052762031555,126.31181335449219,10.435416221618652,105.2994384765625,10.218581199645996
236.0,11.25,0.9102964401245117,126.29739379882812,10.433448791503906,105.30511474609375,10.218581199645996
237.0,11.25,0.915708065032959,126.28292083740234,10.431437492370605,105.31102752685547,10.218581199645996
238.0,11.25,0.9212324023246765,126.2684326171875,10.429381370544434,105.3171615600586,10.218581199645996
239.0,11.25,0.9268825054168701,126.25390625,10.427279472351074,105.32352447509766,10.218581199645996
240.0,11.25,0.9326580166816711,126.23934173583984,10.425131797790527,105.33012390136719,10.218581199645996
241.0,11.25,0.9385588765144348,126.22473907470703,10.422937393188477,105.33696746826172,10.218581199645996
242.0,11.25,0.9445896744728088,126.21011352539062,10.420696258544922,105.34403991699219,10.218581199645996
243.0,11.25,0.9507460594177246,126.1954574584961,10.41840648651123,105.35136413574219,10.218581199645996
244.0,11.25,0.9570322632789612,126.18077850341797,10.416069030761719,105.35893249511719,10.218581199645996
245.0,11.25,0.963449239730835,126.16606903076172,10.41368293762207,105.36676025390625,10.218581199645996
246.0,11.25,0.969996452331543,126.1513442993164,10.411247253417969,105.37483978271484,10.218581199645996
247.0,11.25,0.976685643196106,126.13658905029297,10.408761024475098,105.3831787109375,10.218581199645996
248.0,11.25,0.9835065603256226,126.12181854248047,10.406224250793457,105.39178466796875,10.218581199645996
249.0,11.25,0.9904651045799255,126.1070327758789,10.40363597869873,105.4006576538086,10.218581199645996
250.0,11.25,0.9975627660751343,126.09223175048828,10.400995254516602,105.40980529785156,10.218581199645996
251.0,11.25,1.004805088043213,126.0774154663086,10.39830207824707,105.41922760009766,10.218581199645996
252.0,11.25,1.0121839046478271,126.06259155273438,10.395556449890137,105.42893981933594,10.218581199645996
253.0,11.25,1.0197138786315918,126.04776000976562,10.392756462097168,105.43892669677734,10.218581199645996
254.0,11.25,1.0274031162261963,126.03291320800781,10.389901161193848,105.4491958618164,10.218581199645996
255.0,11.25,1.035221815109253,126.01808166503906,10.386991500854492,105.45977020263672,10.218581199645996
256.0,11.25,1.0438143014907837,126.00274658203125,10.383795738220215,105.4703598022461,10.218581199645996
257.0,11.25,1.0551174879074097,125.98532104492188,10.379592895507812,105.48013305664062,10.218581199645996
258.0,11.25,1.0631887912750244,125.97064208984375,10.376590728759766,105.49176025390625,10.218581199645996
259.0,11.25,1.0733951330184937,125.95433807373047,10.372794151306152,105.50286865234375,10.218581199645996
260.0,11.25,1.0838470458984375,125.93795013427734,10.368907928466797,105.51431274414062,10.218581199645996
261.0,11.25,1.0945403575897217,125.9214859008789,10.3649320602417,105.52610778808594,10.218581199645996
262.0,11.25,1.1054812669754028,125.90495300292969,10.36086368560791,105.53824615478516,10.218581199645996
263.0,11.25,1.1166796684265137,125.88834381103516,10.35669994354248,105.55074310302734,10.218581199645996
264.0,11.25,1.1281261444091797,125.87167358398438,10.35244083404541,105.56361389160156,10.218581199645996
265.0,11.25,1.1398464441299438,125.85492706298828,10.348082542419434,105.57685089111328,10.218581199645996
266.0,11.25,1.1518402099609375,125.83810424804688,10.34362506866455,105.59048461914062,10.218581199645996
267.0,11.25,1.164101004600525,125.82122802734375,10.33906364440918,105.60450744628906,10.218581199645996
268.0,11.25,1.1766493320465088,125.80428314208984,10.33439826965332,105.61892700195312,10.218581199645996
269.0,11.25,1.1894830465316772,125.78727722167969,10.329626083374023,105.6337661743164,10.218581199645996
270.0,11.25,1.202605962753296,125.77021789550781,10.324745178222656,105.6490249633789,10.218581199645996
271.0,11.25,1.2160344123840332,125.75309753417969,10.31975269317627,105.66471099853516,10.218581199645996
272.0,11.25,1.2297624349594116,125.73593139648438,10.31464672088623,105.68083953857422,10.218581199645996
273.0,11.25,1.2438052892684937,125.71871185302734,10.30942440032959,105.69742584228516,10.218581199645996
274.0,11.25,1.2581605911254883,125.70145416259766,10.304084777832031,105.71446990966797,10.218581199645996
275.0,11.25,1.2728463411331177,125.68415069580078,10.298624038696289,105.73197937011719,10.218581199645996
276.0,11.25,1.2867467403411865,125.66783142089844,10.293455123901367,105.75015258789062,10.218581199645996
277.0,11.25,1.2941259145736694,125.65778350830078,10.29071044921875,105.76972961425781,10.218581199645996
278.0,11.25,1.3016377687454224,125.64794158935547,10.287917137145996,105.78956604003906,10.218581199645996
279.0,11.25,1.3092846870422363,125.6383056640625,10.285074234008789,105.8096923828125,10.218581199645996
280.0,11.25,1.3170619010925293,125.62889099121094,10.282180786132812,105.83008575439453,10.218581199645996
281.0,11.25,1.3249728679656982,125.61969757080078,10.279237747192383,105.85076904296875,10.218581199645996
282.0,11.25,1.33302640914917,125.61072540283203,10.276244163513184,105.87171936035156,10.218581199645996
283.0,11.25,1.3412137031555176,125.60198974609375,10.273199081420898,105.89295196533203,10.218581199645996
284.0,11.25,1.349534034729004,125.59349822998047,10.270103454589844,105.91445922851562,10.218581199645996
285.0,11.25,1.3580009937286377,125.58524322509766,10.26695728302002,105.93624877929688,10.218581199645996
286.0,11.25,1.3665937185287476,125.57725524902344,10.263758659362793,105.95831298828125,10.218581199645996
287.0,11.25,1.3753392696380615,125.56951141357422,10.260509490966797,105.98065948486328,10.218581199645996
288.0,11.25,1.3842175006866455,125.56204223632812,10.257206916809082,106.00328063964844,10.218581199645996
289.0,11.25,1.3932344913482666,125.55484771728516,10.253853797912598,106.02618408203125,10.218581199645996
290.0,11.25,1.4023913145065308,125.54793548583984,10.250447273254395,106.04936981201172,10.218581199645996
291.0,11.25,1.4131709337234497,125.5399398803711,10.246440887451172,106.07295227050781,10.218581199645996
292.0,11.25,1.4245685338974,125.53180694580078,10.242201805114746,106.09691619873047,10.218581199645996
293.0,11.25,1.436164140701294,125.52393341064453,10.237889289855957,106.12122344970703,10.218581199645996
294.0,11.25,1.447953224182129,125.5163345336914,10.233504295349121,106.14588165283203,10.218581199645996
295.0,11.25,1.459944725036621,125.5090103149414,10.229044914245605,106.17088317871094,10.218581199645996
296.0,11.25,1.5488605499267578,125.43193817138672,10.195980072021484,106.20917510986328,10.218581199645996
297.0,11.25,1.6211469173431396,125.3709487915039,10.169096946716309,106.24714660644531,10.218581199645996
298.0,11.25,1.6690555810928345,125.33296966552734,10.151281356811523,106.28244018554688,10.218581199645996
299.0,11.25,1.7195361852645874,125.29346466064453,10.132508277893066,106.3197021484375,10.218581199645996
300.0,11.25,1.7727904319763184,125.2523193359375,10.112706184387207,106.35908508300781,10.218581199645996
301.0,11.25,1.829017162322998,125.20943450927734,10.091794967651367,106.4007568359375,10.218581199645996
302.0,11.25,1.8748795986175537,125.1767578125,10.074736595153809,106.4413070678711,10.218581199645996
303.0,11.25,1.8951576948165894,125.16766357421875,10.0671968460083,106.47600555419922,10.218581199645996
304.0,11.25,1.915942668914795,125.1588363647461,10.059470176696777,106.51133728027344,10.218581199645996
305.0,11.25,1.9372308254241943,125.1502914428711,10.051551818847656,106.54727172851562,10.218581199645996
306.0,11.25,1.9590469598770142,125.14203643798828,10.043438911437988,106.58385467529297,10.218581199645996
307.0,11.25,1.9814010858535767,125.13407897949219,10.035124778747559,106.62107849121094,10.218581199645996
308.0,11.25,1.9978814125061035,125.13195037841797,10.028997421264648,106.65670013427734,10.218581199645996
309.0,11.25,2.0077338218688965,125.13619232177734,10.0253324508667,106.69014739990234,10.218581199645996
310.0,11.25,2.01778507232666,125.14091491699219,10.02159309387207,106.72373962402344,10.218581199645996
311.0,11.25,2.0280370712280273,125.1461181640625,10.017780303955078,106.75746154785156,10.218581199645996
312.0,11.25,2.0384979248046875,125.15180969238281,10.013893127441406,106.79132843017578,10.218581199645996
313.0,11.25,2.0491504669189453,125.15801239013672,10.009930610656738,106.82532501220703,10.218581199645996
314.0,11.25,2.060009717941284,125.16471862792969,10.005892753601074,106.85945129394531,10.218581199645996
315.0,11.25,2.071068525314331,125.17194366455078,10.001778602600098,106.8936996459961,10.218581199645996
316.0,11.25,2.0823395252227783,125.1796875,9.997588157653809,106.9280776977539,10.218581199645996
317.0,11.25,2.0938148498535156,125.18795776367188,9.99332046508789,106.96256256103516,10.218581199645996
318.0,11.25,2.1055052280426025,125.19676208496094,9.988974571228027,106.9971694946289,10.218581199645996
319.0,11.25,2.117396354675293,125.20611572265625,9.984551429748535,107.03187561035156,10.218581199645996
320.0,11.25,2.145167589187622,125.20402526855469,9.974224090576172,107.07491302490234,10.218581199645996
321.0,11.25,2.1842472553253174,125.19439697265625,9.959691047668457,107.12444305419922,10.218581199645996
322.0,11.25,2.223984718322754,125.18551635742188,9.944913864135742,107.17501068115234,10.218581199645996
323.0,11.25,2.2643604278564453,125.17743682861328,9.929898262023926,107.22660064697266,10.218581199645996
324.0,11.25,2.316622018814087,125.16201782226562,9.910465240478516,107.28569793701172,10.218581199645996
325.0,11.25,2.370187282562256,125.14723205566406,9.890542030334473,107.34648132324219,10.218581199645996
326.0,11.25,2.425088405609131,125.13312530517578,9.870126724243164,107.40898895263672,10.218581199645996
327.0,11.25,2.4813032150268555,125.11978149414062,9.849223136901855,107.47321319580078,10.218581199645996
328.0,11.25,2.5336055755615234,125.11084747314453,9.829769134521484,107.53588104248047,10.218581199645996
329.0,11.25,2.5508360862731934,125.12721252441406,9.8233642578125,107.57691955566406,10.218581199645996
330.0,11.25,2.56838059425354,125.14427947998047,9.816839218139648,107.61807250976562,10.218581199645996
331.0,11.25,2.586254119873047,125.16205596923828,9.810193061828613,107.65934753417969,10.218581199645996
332.0,11.25,2.6044504642486572,125.1805419921875,9.803424835205078,107.70071411132812,10.218581199645996
333.0,11.25,2.6229794025421143,125.19976043701172,9.796534538269043,107.7421875,10.218581199645996
334.0,11.25,2.641840934753418,125.21971130371094,9.789520263671875,107.78374481201172,10.218581199645996
335.0,11.25,2.6633129119873047,125.23904418945312,9.781538009643555,107.82699584960938,10.218581199645996
336.0,11.25,2.690265417098999,125.25615692138672,9.771512031555176,107.8740463256836,10.218581199645996
337.0,11.25,2.7177345752716064,125.27412414550781,9.761298179626465,107.92144012451172,10.218581199645996
338.0,11.25,2.745715618133545,125.29298400878906,9.750893592834473,107.96916961669922,10.218581199645996
339.0,11.25,2.7741994857788086,125.31275177001953,9.7402982711792,108.01720428466797,10.218581199645996
340.0,11.25,2.8032145500183105,125.33345031738281,9.729508399963379,108.06556701660156,10.218581199645996
341.0,11.25,2.832756519317627,125.35508728027344,9.718523025512695,108.11422729492188,10.218581199645996
342.0,11.25,2.8628273010253906,125.37769317626953,9.707340240478516,108.16317749023438,10.218581199645996
343.0,11.25,2.892366647720337,125.40184020996094,9.696354866027832,108.21158599853516,10.218581199645996
344.0,11.25,2.9210147857666016,125.42765808105469,9.685702323913574,108.25910949707031,10.218581199645996
345.0,11.25,2.9500460624694824,125.45451354980469,9.674904823303223,108.30671691894531,10.218581199645996
346.0,11.25,2.979459524154663,125.48242950439453,9.66396427154541,108.3543930053711,10.218581199645996
347.0,11.25,3.0089118480682373,125.5115737915039,9.653014183044434,108.40184020996094,10.218581199645996
348.0,11.25,3.03446626663208,125.54363250732422,9.643512725830078,108.44578552246094,10.218581199645996
349.0,11.25,3.0603065490722656,125.57671356201172,9.633901596069336,108.48959350585938,10.218581199645996
350.0,11.25,3.0864429473876953,125.61080932617188,9.62418270111084,108.53324890136719,10.218581199645996
351.0,11.25,3.1128592491149902,125.64592742919922,9.614357948303223,108.57671356201172,10.218581199645996
352.0,11.25,3.139561653137207,125.68209075927734,9.604429244995117,108.61997985839844,10.218581199645996
353.0,11.25,3.166537284851074,125.71929931640625,9.59439754486084,108.66300964355469,10.218581199645996
354.0,11.25,3.193772315979004,125.75757598876953,9.584266662597656,108.70577239990234,10.218581199645996
355.0,11.25,3.221280574798584,125.79692077636719,9.5740385055542,108.74826049804688,10.218581199645996
356.0,11.25,3.2490410804748535,125.83734130859375,9.563714981079102,108.7904281616211,10.218581199645996
357.0,11.25,3.277043342590332,125.87882995605469,9.553300857543945,108.83223724365234,10.218581199645996
358.0,11.25,3.3052854537963867,125.92141723632812,9.542797088623047,108.87367248535156,10.218581199645996
359.0,11.25,3.333765745162964,125.965087890625,9.532208442687988,108.91470336914062,10.218581199645996
0.0,5.625,6.3447489738464355,125.26846313476562,8.980047225952148,111.82650756835938,10.218581199645996
1.0,5.625,6.413051128387451,125.35542297363281,8.960756301879883,111.91670989990234,10.218581199645996
2.0,5.625,6.484844207763672,125.44430541992188,8.940478324890137,112.0089111328125,10.218581199645996
3.0,5.625,6.541805744171143,125.5389175415039,8.92439079284668,112.08589172363281,10.218581199645996
4.0,5.625,6.599123477935791,125.63572692871094,8.908203125,112.16173553466797,10.218581199645996
5.0,5.625,6.637341499328613,125.73796844482422,8.89741039276123,112.21800994873047,10.218581199645996
6.0,5.625,6.670228958129883,125.84262084960938,8.888120651245117,112.26754760742188,10.218581199645996
7.0,5.625,6.69998025894165,125.94908905029297,8.879719734191895,112.3123550415039,10.218581199645996
8.0,5.625,6.771778106689453,126.0518798828125,8.859440803527832,112.39539337158203,10.218581199645996
9.0,5.625,6.857865333557129,126.1558609008789,8.835128784179688,112.49039459228516,10.218581199645996
10.0,5.625,6.888957500457764,126.26753997802734,8.826347351074219,112.5311508178711,10.218581199645996
11.0,5.625,6.914029121398926,126.38082885742188,8.819266319274902,112.5642318725586,10.218581199645996
12.0,5.625,6.939319133758545,126.49508666992188,8.812124252319336,112.59556579589844,10.218581199645996
13.0,5.625,6.964813232421875,126.61029815673828,8.804923057556152,112.62511444091797,10.218581199645996
14.0,5.625,6.9916157722473145,126.72640991210938,8.797353744506836,112.65391540527344,10.218581199645996
15.0,5.625,7.026632308959961,126.84345245361328,8.787463188171387,112.68856811523438,10.218581199645996
16.0,5.625,7.062213897705078,126.96167755126953,8.777414321899414,112.72171020507812,10.218581199645996
17.0,5.625,7.098360061645508,127.08106994628906,8.767208099365234,112.75331115722656,10.218581199645996
18.0,5.625,7.103593349456787,127.20005798339844,8.765727996826172,112.75318145751953,10.218581199645996
19.0,5.625,7.069369316101074,127.31649780273438,8.775395393371582,112.71321105957031,10.218581199645996
20.0,5.625,7.023807525634766,127.43070220947266,8.788261413574219,112.6604232788086,10.218581199645996
21.0,5.625,6.97419548034668,127.54280090332031,8.802274703979492,112.60186004638672,10.218581199645996
22.0,5.625,6.925361156463623,127.65312957763672,8.816065788269043,112.54218292236328,10.218581199645996
23.0,5.625,6.842654228210449,127.75707244873047,8.839422225952148,112.44851684570312,10.218581199645996
24.0,5.625,6.679782867431641,127.84600067138672,8.885425567626953,112.27729797363281,10.218581199645996
25.0,5.625,6.522130966186523,127.93009948730469,8.929948806762695,112.10993194580078,10.218581199645996
26.0,5.625,6.453061103820801,128.0248565673828,8.949455261230469,112.0250244140625,10.218581199645996
27.0,5.625,6.384428024291992,128.1170654296875,8.968839645385742,111.93911743164062,10.218581199645996
28.0,5.625,6.3251953125,128.2086639404297,8.985567092895508,111.86064910888672,10.218581199645996
29.0,5.625,6.203083038330078,128.28335571289062,9.020055770874023,111.7222900390625,10.218581199645996
30.0,5.625,6.0556206703186035,128.34735107421875,9.061702728271484,111.5596694946289,10.218581199645996
31.0,5.625,5.923642635345459,128.4102020263672,9.098976135253906,111.41089630126953,10.218581199645996
32.0,5.625,5.85955810546875,128.4873504638672,9.117077827453613,111.32396697998047,10.218581199645996
33.0,5.625,5.7960405349731445,128.56211853027344,9.135015487670898,111.23654174804688,10.218581199645996
34.0,5.625,5.733126163482666,128.634521484375,9.152783393859863,111.14871215820312,10.218581199645996
35.0,5.625,5.659556865692139,128.70089721679688,9.173563003540039,111.05037689208984,10.218581199645996
36.0,5.625,5.571764945983887,128.75950622558594,9.198357582092285,110.93859100341797,10.218581199645996
37.0,5.625,5.485795497894287,128.81544494628906,9.222638130187988,110.82795715332031,10.218581199645996
38.0,5.625,5.397095203399658,128.86709594726562,9.247688293457031,110.7145004272461,10.218581199645996
39.0,5.625,5.172800540924072,128.86253356933594,9.31103515625,110.48190307617188,10.218581199645996
40.0,5.625,4.956653118133545,128.85379028320312,9.37208080291748,110.25806427001953,10.218581199645996
41.0,5.625,4.81240177154541,128.8680877685547,9.412823677062988,110.09796905517578,10.218581199645996
42.0,5.625,4.79123592376709,128.9309844970703,9.418798446655273,110.04395294189453,10.218581199645996
43.0,5.625,4.759041786193848,128.9876708984375,9.427892684936523,109.97966003417969,10.218581199645996
44.0,5.625,4.727409362792969,129.04299926757812,9.436826705932617,109.91512298583984,10.218581199645996
45.0,5.625,4.696338653564453,129.09701538085938,9.445601463317871,109.85034942626953,10.218581199645996
46.0,5.625,4.653022289276123,129.1433868408203,9.457834243774414,109.77484130859375,10.218581199645996
47.0,5.625,4.571664810180664,129.16848754882812,9.480812072753906,109.66796112060547,10.218581199645996
48.0,5.625,4.4913411140441895,129.1911163330078,9.503497123718262,109.56221771240234,10.218581199645996
49.0,5.625,4.3892364501953125,129.19908142089844,9.532334327697754,109.43952178955078,10.218581199645996
50.0,5.625,4.291454315185547,129.2058868408203,9.559948921203613,109.32106018066406,10.218581199645996
51.0,5.625,4.226266860961914,129.2276611328125,9.578363418579102,109.22875213623047,10.218581199645996
52.0,5.625,4.175142288208008,129.2550506591797,9.59280014038086,109.14750671386719,10.218581199645996
53.0,5.625,4.1252241134643555,129.2810516357422,9.60689926147461,109.06723022460938,10.218581199645996
54.0,5.625,4.076479434967041,129.3057098388672,9.620667457580566,108.98789978027344,10.218581199645996
55.0,5.625,3.9346463680267334,129.27096557617188,9.660720825195312,108.84024810791016,10.218581199645996
56.0,5.625,3.8378400802612305,129.2601776123047,9.688063621520996,108.72737121582031,10.218581199645996
57.0,5.625,3.848268747329712,129.31500244140625,9.685117721557617,108.69225311279297,10.218581199645996
58.0,5.625,3.8580594062805176,129.36892700195312,9.682353019714355,108.65560913085938,10.218581199645996
59.0,5.625,3.8672070503234863,129.42189025878906,9.679771423339844,108.61747741699219,10.218581199645996
60.0,5.625,3.875667095184326,129.47381591796875,9.677377700805664,108.5778579711914,10.218581199645996
61.0,5.625,3.860146999359131,129.50860595703125,9.681761741638184,108.52124786376953,10.218581199645996
62.0,5.625,3.8320019245147705,129.5333709716797,9.689711570739746,108.45596313476562,10.218581199645996
63.0,5.625,3.7682137489318848,129.53128051757812,9.70772933959961,108.36770629882812,10.218581199645996
64.0,5.625,3.6887149810791016,129.51556396484375,9.730181694030762,108.27041625976562,10.218581199645996
65.0,5.625,3.6126651763916016,129.49981689453125,9.75166130065918,108.17655944824219,10.218581199645996
66.0,5.625,3.5358147621154785,129.4810333251953,9.77336311340332,108.08348083496094,10.218581199645996
67.0,5.625,3.4585072994232178,129.45947265625,9.795196533203125,107.99149322509766,10.218581199645996
68.0,5.625,3.384413003921509,129.43798828125,9.816122055053711,107.90277099609375,10.218581199645996
69.0,5.625,3.3133578300476074,129.4165802001953,9.836190223693848,107.81714630126953,10.218581199645996
70.0,5.625,3.212416172027588,129.3695068359375,9.864700317382812,107.7164306640625,10.218581199645996
71.0,5.625,3.1300058364868164,129.33445739746094,9.887972831726074,107.62789154052734,10.218581199645996
72.0,5.625,3.066988229751587,129.31271362304688,9.905773162841797,107.55125427246094,10.218581199645996
73.0,5.625,3.0060901641845703,129.29078674316406,9.922971725463867,107.47698211669922,10.218581199645996
74.0,5.625,2.9472298622131348,129.26870727539062,9.939593315124512,107.40498352050781,10.218581199645996
75.0,5.625,2.890347480773926,129.24652099609375,9.955659866333008,107.33517456054688,10.218581199645996
76.0,5.625,2.8353443145751953,129.22422790527344,9.971193313598633,107.26746368408203,10.218581199645996
77.0,5.625,2.785428047180176,129.20462036132812,9.985292434692383,107.20326232910156,10.218581199645996
78.0,5.625,2.7422122955322266,129.18923950195312,9.997499465942383,107.14306640625,10.218581199645996
79.0,5.625,2.7001681327819824,129.17349243164062,10.00937271118164,107.08429718017578,10.218581199645996
80.0,5.625,2.6592774391174316,129.1574249267578,10.020922660827637,107.02690887451172,10.218581199645996
81.0,5.625,2.619490146636963,129.1410369873047,10.032158851623535,106.97087097167969,10.218581199645996
82.0,5.625,2.580789089202881,129.12437438964844,10.043089866638184,106.91613006591797,10.218581199645996
83.0,5.625,2.5431199073791504,129.107421875,10.053726196289062,106.8626708984375,10.218581199645996
84.0,5.625,2.500149965286255,129.08456420898438,10.065863609313965,106.80827331542969,10.218581199645996
85.0,5.625,2.4498958587646484,129.05393981933594,10.080055236816406,106.75257110595703,10.218581199645996
86.0,5.625,2.401773452758789,129.0240020751953,10.093647003173828,106.69886779785156,10.218581199645996
87.0,5.625,2.3556580543518066,128.9947052001953,10.106669425964355,106.64705657958984,10.218581199645996
88.0,5.625,2.311455249786377,128.96603393554688,10.119155883789062,106.59703063964844,10.218581199645996
89.0,5.625,2.269052028656006,128.9379425048828,10.131133079528809,106.54869842529297,10.218581199645996
90.0,5.625,2.228339195251465,128.91038513183594,10.142629623413086,106.5019760131836,10.218581199645996
91.0,5.625,2.1701202392578125,128.8655548095703,10.15907096862793,106.45232391357422,10.218581199645996
92.0,5.625,2.111515522003174,128.81927490234375,10.175622940063477,106.40433502197266,10.218581199645996
93.0,5.625,2.055859327316284,128.77471923828125,10.191343307495117,106.35870361328125,10.218581199645996
94.0,5.625,2.0029408931732178,128.7317657470703,10.20628833770752,106.31526947021484,10.218581199645996
95.0,5.625,1.9525742530822754,128.6903076171875,10.22050952911377,106.27389526367188,10.218581199645996
96.0,5.625,1.9046223163604736,128.65028381347656,10.234054565429688,106.23444366455078,10.218581199645996
97.0,5.625,1.8589117527008057,128.61158752441406,10.246966361999512,106.19679260253906,10.218581199645996
98.0,5.625,1.815288782119751,128.57412719726562,10.259284973144531,106.16082000732422,10.218581199645996
99.0,5.625,1.7736369371414185,128.537841796875,10.27104663848877,106.12643432617188,10.218581199645996
100.0,5.625,1.7338426113128662,128.50267028808594,10.282285690307617,106.09353637695312,10.218581199645996
101.0,5.625,1.695797324180603,128.4685516357422,10.293030738830566,106.0620346069336,10.218581199645996
102.0,5.625,1.6689211130142212,128.44454956054688,10.30062484741211,106.03234100341797,10.218581199645996
103.0,5.625,1.6458343267440796,128.42364501953125,10.307146072387695,106.00364685058594,10.218581199645996
104.0,5.625,1.6234050989151,128.40286254882812,10.313478469848633,105.97572326660156,10.218581199645996
105.0,5.625,1.6016114950180054,128.3822021484375,10.31963062286377,105.94853210449219,10.218581199645996
106.0,5.625,1.5804635286331177,128.3616943359375,10.325606346130371,105.92207336425781,10.218581199645996
107.0,5.625,1.5599124431610107,128.34130859375,10.331412315368652,105.89629364013672,10.218581199645996
108.0,5.625,1.5399250984191895,128.32102966308594,10.337053298950195,105.87120056152344,10.218581199645996
109.0,5.625,1.5259337425231934,128.3060760498047,10.341007232666016,105.84639739990234,10.218581199645996
110.0,5.625,1.5125502347946167,128.29129028320312,10.344786643981934,105.8220443725586,10.218581199645996
111.0,5.625,1.4995722770690918,128.2764892578125,10.348451614379883,105.79812622070312,10.218581199645996
112.0,5.625,1.4869872331619263,128.2616729736328,10.352005958557129,105.77465057373047,10.218581199645996
113.0,5.625,1.4747867584228516,128.24684143066406,10.355453491210938,105.7515869140625,10.218581199645996
114.0,5.625,1.4629591703414917,128.23199462890625,10.358795166015625,105.72894287109375,10.218581199645996
115.0,5.625,1.4514833688735962,128.2171173095703,10.362034797668457,105.7066879272461,10.218581199645996
116.0,5.625,1.4403623342514038,128.2022247314453,10.365174293518066,105.68482971191406,10.218581199645996
117.0,5.625,1.4295908212661743,128.18731689453125,10.368217468261719,105.66333770751953,10.218581199645996
118.0,5.625,1.419158697128296,128.17239379882812,10.371164321899414,105.64221954345703,10.218581199645996
119.0,5.625,1.4090445041656494,128.15744018554688,10.374019622802734,105.6214599609375,10.218581199645996
120.0,5.625,1.3992588520050049,128.14247131347656,10.376784324645996,105.60103607177734,10.218581199645996
121.0,5.625,1.3897753953933716,128.12747192382812,10.379460334777832,105.58096313476562,10.218581199645996
122.0,5.625,1.3806029558181763,128.11245727539062,10.382050514221191,105.56122589111328,10.218581199645996
123.0,5.625,1.3717401027679443,128.09742736816406,10.38455581665039,105.54180145263672,10.218581199645996
124.0,5.625,1.3631619215011597,128.08236694335938,10.386979103088379,105.52269744873047,10.218581199645996
125.0,5.625,1.3548659086227417,128.06727600097656,10.389321327209473,105.50389862060547,10.218581199645996
126.0,5.625,1.3468608856201172,128.0521697998047,10.391584396362305,105.48539733886719,10.218581199645996
127.0,5.625,1.3386837244033813,128.03663635253906,10.393891334533691,105.46734619140625,10.218581199645996
128.0,5.625,1.3263250589370728,128.01715087890625,10.397380828857422,105.45126342773438,10.218581199645996
129.0,5.625,1.3143938779830933,127.99784851074219,10.400750160217285,105.43555450439453,10.218581199645996
130.0,5.625,1.3028870820999146,127.97872161865234,10.40400218963623,105.42018127441406,10.218581199645996
131.0,5.625,1.2917718887329102,127.95975494384766,10.407140731811523,105.40516662597656,10.218581199645996
132.0,5.625,1.2810463905334473,127.9409408569336,10.41016960144043,105.39047241210938,10.218581199645996
133.0,5.625,1.2706981897354126,127.92227935791016,10.413091659545898,105.37610626220703,10.218581199645996
134.0,5.625,1.260714054107666,127.90375518798828,10.415910720825195,105.36204528808594,10.218581199645996
135.0,5.625,1.2510952949523926,127.8853759765625,10.418628692626953,105.34828186035156,10.218581199645996
136.0,5.625,1.2418172359466553,127.86711883544922,10.421249389648438,105.33480834960938,10.218581199645996
137.0,5.625,1.2328715324401855,127.84898376464844,10.423774719238281,105.32162475585938,10.218581199645996
138.0,5.625,1.2242655754089355,127.83097076416016,10.426206588745117,105.30870056152344,10.218581199645996
139.0,5.625,1.2159767150878906,127.81307220458984,10.428548812866211,105.29605102539062,10.218581199645996
140.0,5.625,1.2079936265945435,127.79527282714844,10.430802345275879,105.28366088867188,10.218581199645996
141.0,5.625,1.2003111839294434,127.7775650024414,10.43297004699707,105.27151489257812,10.218581199645996
142.0,5.625,1.192935585975647,127.75997161865234,10.435054779052734,105.2596206665039,10.218581199645996
143.0,5.625,1.1858487129211426,127.7424545288086,10.437056541442871,105.2479476928711,10.218581199645996
144.0,5.625,1.1780627965927124,127.72429656982422,10.439255714416504,105.23710632324219,10.218581199645996
145.0,5.625,1.1697431802749634,127.70564270019531,10.441606521606445,105.22701263427734,10.218581199645996
146.0,5.625,1.161710262298584,127.6871109008789,10.44387149810791,105.21717071533203,10.218581199645996
147.0,5.625,1.1539921760559082,127.6687240600586,10.446053504943848,105.20755004882812,10.218581199645996
148.0,5.625,1.1465559005737305,127.65045928955078,10.44815444946289,105.19816589355469,10.218581199645996
149.0,5.625,1.1393991708755493,127.63230895996094,10.450175285339355,105.18900299072266,10.218581199645996
150.0,5.625,1.1325207948684692,127.61427307128906,10.452117919921875,105.1800537109375,10.218581199645996
151.0,5.625,1.1259034872055054,127.5963363647461,10.453986167907715,105.17131805419922,10.218581199645996
152.0,5.625,1.11955726146698,127.57852172851562,10.455779075622559,105.16279602050781,10.218581199645996
153.0,5.625,1.1134662628173828,127.560791015625,10.457499504089355,105.15446472167969,10.218581199645996
154.0,5.625,1.1076194047927856,127.54315185546875,10.459149360656738,105.1463394165039,10.218581199645996
155.0,5.625,1.1020326614379883,127.5256118774414,10.460729598999023,105.13839721679688,10.218581199645996
156.0,5.625,1.0966765880584717,127.50814056396484,10.462241172790527,105.13064575195312,10.218581199645996
157.0,5.625,1.091555118560791,127.49075317382812,10.463685989379883,105.12308502197266,10.218581199645996
158.0,5.625,1.0866763591766357,127.47344207763672,10.465065002441406,105.11569213867188,10.218581199645996
159.0,5.625,1.0820214748382568,127.45619201660156,10.466379165649414,105.10847473144531,10.218581199645996
160.0,5.625,1.0775903463363647,127.43901062011719,10.467630386352539,105.10143280029297,10.218581199645996
161.0,5.625,1.0733762979507446,127.42188262939453,10.468819618225098,105.09455871582031,10.218581199645996
162.0,5.625,1.069392204284668,127.40481567382812,10.46994686126709,105.08783721923828,10.218581199645996
163.0,5.625,1.065614104270935,127.3877944946289,10.471013069152832,105.08128356933594,10.218581199645996
164.0,5.625,1.0620417594909668,127.3708267211914,10.472021102905273,105.07489776611328,10.218581199645996
165.0,5.625,1.0586836338043213,127.35389709472656,10.472969055175781,105.06865692138672,10.218581199645996
166.0,5.625,1.0555427074432373,127.33700561523438,10.473859786987305,105.06255340576172,10.218581199645996
167.0,5.625,1.052065372467041,127.31990814208984,10.474838256835938,105.05706024169922,10.218581199645996
168.0,5.625,1.04661226272583,127.30191040039062,10.47637939453125,105.05358123779297,10.218581199645996
169.0,5.625,1.0413520336151123,127.28401947021484,10.477864265441895,105.05029296875,10.218581199645996
170.0,5.625,1.0362895727157593,127.26622772216797,10.479294776916504,105.04718017578125,10.218581199645996
171.0,5.625,1.0314104557037354,127.24854278564453,10.480670928955078,105.04425811767578,10.218581199645996
172.0,5.625,1.0267236232757568,127.23094940185547,10.481995582580566,105.04150390625,10.218581199645996
173.0,5.625,1.022228717803955,127.21345520019531,10.483266830444336,105.0389175415039,10.218581199645996
174.0,5.625,1.0179016590118408,127.196044921875,10.484488487243652,105.03651428222656,10.218581199645996
175.0,5.625,1.0137532949447632,127.17871856689453,10.485658645629883,105.0342788696289,10.218581199645996
176.0,5.625,1.0097883939743042,127.16148376464844,10.486780166625977,105.0322036743164,10.218581199645996
177.0,5.625,1.0062263011932373,127.14439392089844,10.487785339355469,105.03008270263672,10.218581199645996
178.0,5.625,1.003590703010559,127.1275863647461,10.488531112670898,105.02742767333984,10.218581199645996
179.0,5.625,1.0011082887649536,127.11082458496094,10.48923110961914,105.02494049072266,10.218581199645996
180.0,5.625,0.9987862706184387,127.0940933227539,10.489887237548828,105.0226058959961,10.218581199645996
181.0,5.625,0.9966177344322205,127.07740020751953,10.490499496459961,105.02043151855469,10.218581199645996
182.0,5.625,0.9946006536483765,127.06074523925781,10.491067886352539,105.01841735839844,10.218581199645996
183.0,5.625,0.9927457571029663,127.04412078857422,10.491592407226562,105.01654815673828,10.218581199645996
184.0,5.625,0.9910441637039185,127.02752685546875,10.492074012756348,105.01483154296875,10.218581199645996
185.0,5.625,0.9894841909408569,127.01094818115234,10.492513656616211,105.01327514648438,10.218581199645996
186.0,5.625,0.9880821108818054,126.99440002441406,10.49290943145752,105.0118637084961,10.218581199645996
187.0,5.625,0.9868264198303223,126.97786712646484,10.493264198303223,105.01060485839844,10.218581199645996
188.0,5.625,0.9857259392738342,126.96136474609375,10.493576049804688,105.00949096679688,10.218581199645996
189.0,5.625,0.984768807888031,126.94486999511719,10.493846893310547,105.00852966308594,10.218581199645996
190.0,5.625,0.983955979347229,126.92839050292969,10.494074821472168,105.00772094726562,10.218581199645996
191.0,5.625,0.9832999110221863,126.91191864013672,10.494261741638184,105.00704956054688,10.218581199645996
192.0,5.625,0.982786238193512,126.89546203613281,10.494407653808594,105.00653076171875,10.218581199645996
193.0,5.625,0.9824140667915344,126.87901306152344,10.494511604309082,105.00616455078125,10.218581199645996
194.0,5.625,0.9821898937225342,126.86256408691406,10.494574546813965,105.00594329833984,10.218581199645996
195.0,5.625,0.9821140766143799,126.84612274169922,10.494595527648926,105.00586700439453,10.218581199645996
196.0,5.625,0.9821858406066895,126.82967376708984,10.494576454162598,105.00593566894531,10.218581199645996
197.0,5.625,0.9823986291885376,126.813232421875,10.494514465332031,105.00615692138672,10.218581199645996
198.0,5.625,0.9827665686607361,126.79678344726562,10.494412422180176,105.00651550292969,10.218581199645996
199.0,5.625,0.983269214630127,126.78031921386719,10.494268417358398,105.00703430175781,10.218581199645996
200.0,5.625,0.9839271903038025,126.76386260986328,10.494083404541016,105.0076904296875,10.218581199645996
201.0,5.625,0.9847367405891418,126.74737548828125,10.493856430053711,105.00849151611328,10.218581199645996
202.0,5.625,0.9856886863708496,126.73088836669922,10.493587493896484,105.00944519042969,10.218581199645996
203.0,5.625,0.9867784976959229,126.7143783569336,10.493277549743652,105.01055908203125,10.218581199645996
204.0,5.625,0.9880288243293762,126.6978530883789,10.492924690246582,105.01181030273438,10.218581199645996
205.0,5.625,0.9871420860290527,126.68167877197266,10.493176460266113,105.01537322998047,10.218581199645996
206.0,5.625,0.9851239919662476,126.66580200195312,10.493745803833008,105.02027893066406,10.218581199645996
207.0,5.625,0.9832335710525513,126.65000915527344,10.494277954101562,105.02533721923828,10.218581199645996
208.0,5.625,0.9814785718917847,126.63432312011719,10.49477481842041,105.03053283691406,10.218581199645996
209.0,5.625,0.9798555374145508,126.61872100830078,10.495234489440918,105.03587341308594,10.218581199645996
210.0,5.625,0.9783466458320618,126.60321044921875,10.495658874511719,105.04137420654297,10.218581199645996
211.0,5.625,0.9769672751426697,126.58778381347656,10.496047019958496,105.0470199584961,10.218581199645996
212.0,5.625,0.975723147392273,126.57244110107422,10.496399879455566,105.05280303955078,10.218581199645996
213.0,5.625,0.9765079617500305,126.55663299560547,10.496179580688477,105.05699157714844,10.218581199645996
214.0,5.625,0.9809859991073608,126.53972625732422,10.494914054870605,105.05811309814453,10.218581199645996
215.0,5.625,0.9856159090995789,126.52272033691406,10.493606567382812,105.05941772460938,10.218581199645996
216.0,5.625,0.990389347076416,126.50563049316406,10.492257118225098,105.0609130859375,10.218581199645996
217.0,5.625,0.9953207969665527,126.4884262084961,10.490865707397461,105.0625991821289,10.218581199645996
218.0,5.625,1.0004096031188965,126.47112274169922,10.48943042755127,105.0644760131836,10.218581199645996
219.0,5.625,1.0056297779083252,126.45372772216797,10.48795223236084,105.06657409667969,10.218581199645996
220.0,5.625,1.0110383033752441,126.43621063232422,10.486429214477539,105.06884765625,10.218581199645996
221.0,5.625,1.0165879726409912,126.4186019897461,10.48486042022705,105.07134246826172,10.218581199645996
222.0,5.625,1.0222991704940796,126.40087890625,10.483245849609375,105.07405090332031,10.218581199645996
223.0,5.625,1.0281808376312256,126.38304901123047,10.481584548950195,105.07696533203125,10.218581199645996
224.0,5.625,1.0342278480529785,126.36510467529297,10.479876518249512,105.0801010131836,10.218581199645996
225.0,5.625,1.0404527187347412,126.3470458984375,10.478118896484375,105.08345031738281,10.218581199645996
226.0,5.625,1.046844244003296,126.3288803100586,10.476312637329102,105.08702850341797,10.218581199645996
227.0,5.625,1.0534250736236572,126.31058502197266,10.474456787109375,105.09082794189453,10.218581199645996
228.0,5.625,1.060167670249939,126.29219055175781,10.472549438476562,105.0948715209961,10.218581199645996
229.0,5.625,1.0671098232269287,126.2736587524414,10.470589637756348,105.0991439819336,10.218581199645996
230.0,5.625,1.0742391347885132,126.25501251220703,10.46857738494873,105.10365295410156,10.218581199645996
231.0,5.625,1.0815539360046387,126.23624420166016,10.466511726379395,105.10841369628906,10.218581199645996
232.0,5.625,1.089060664176941,126.21735382080078,10.464391708374023,105.1134262084961,10.218581199645996
233.0,5.625,1.0967648029327393,126.19833374023438,10.462214469909668,105.11869812011719,10.218581199645996
234.0,5.625,1.1046786308288574,126.17918395996094,10.459980964660645,105.12422180175781,10.218581199645996
235.0,5.625,1.1127928495407104,126.159912109375,10.45768928527832,105.13001251220703,10.218581199645996
236.0,5.625,1.121108055114746,126.14051055908203,10.455339431762695,105.1360855102539,10.218581199645996
237.0,5.625,1.129647135734558,126.12096405029297,10.452927589416504,105.1424331665039,10.218581199645996
238.0,5.625,1.1384024620056152,126.1012954711914,10.450455665588379,105.14905548095703,10.218581199645996
239.0,5.625,1.1473809480667114,126.08148193359375,10.447919845581055,105.15597534179688,10.218581199645996
240.0,5.625,1.1565800905227661,126.06153869628906,10.445320129394531,105.16319274902344,10.218581199645996
241.0,5.625,1.1660284996032715,126.04144287109375,10.442655563354492,105.17070007324219,10.218581199645996
242.0,5.625,1.1756885051727295,126.02122497558594,10.439923286437988,105.17853546142578,10.218581199645996
243.0,5.625,1.1856091022491455,126.0008544921875,10.437124252319336,105.1866683959961,10.218581199645996
244.0,5.625,1.1957697868347168,125.98033905029297,10.43425464630127,105.19513702392578,10.218581199645996
245.0,5.625,1.2061787843704224,125.95968627929688,10.431313514709473,105.20393371582031,10.218581199645996
246.0,5.625,1.2168464660644531,125.93888092041016,10.428300857543945,105.21307373046875,10.218581199645996
247.0,5.625,1.2277817726135254,125.91793060302734,10.425213813781738,105.22254943847656,10.218581199645996
248.0,5.625,1.2389801740646362,125.89683532714844,10.422050476074219,105.23238372802734,10.218581199645996
249.0,5.625,1.250453233718872,125.8755874633789,10.41880989074707,105.24258422851562,10.218581199645996
250.0,5.625,1.2622047662734985,125.85419464111328,10.415491104125977,105.2531509399414,10.218581199645996
251.0,5.625,1.274244785308838,125.8326416015625,10.412091255187988,105.26410675048828,10.218581199645996
252.0,5.625,1.2865760326385498,125.81094360351562,10.408608436584473,105.27544403076172,10.218581199645996
253.0,5.625,1.2992029190063477,125.78909301757812,10.405041694641113,105.28718566894531,10.218581199645996
254.0,5.625,1.3121434450149536,125.76708221435547,10.401388168334961,105.29933166503906,10.218581199645996
255.0,5.625,1.3253846168518066,125.74492645263672,10.397645950317383,105.31190490722656,10.218581199645996
256.0,5.625,1.338954210281372,125.72261047363281,10.393815040588379,105.32489776611328,10.218581199645996
257.0,5.625,1.352847695350647,125.70014190673828,10.389890670776367,105.33833312988281,10.218581199645996
258.0,5.625,1.3670730590820312,125.67752075195312,10.385872840881348,105.35221862792969,10.218581199645996
259.0,5.625,1.3816430568695068,125.65473937988281,10.381758689880371,105.36656951904297,10.218581199645996
260.0,5.625,1.3965609073638916,125.63180541992188,10.377545356750488,105.38139343261719,10.218581199645996
261.0,5.625,1.4118263721466064,125.60872650146484,10.373231887817383,105.3967056274414,10.218581199645996
262.0,5.625,1.4274702072143555,125.58547973632812,10.368815422058105,105.41251373291016,10.218581199645996
263.0,5.625,1.4434807300567627,125.56208801269531,10.364293098449707,105.4288330078125,10.218581199645996
264.0,5.625,1.45986807346344,125.5385513305664,10.359663963317871,105.44567108154297,10.218581199645996
265.0,5.625,1.4766621589660645,125.51484680175781,10.354924201965332,105.46304321289062,10.218581199645996
266.0,5.625,1.4963560104370117,125.48872375488281,10.349360466003418,105.48019409179688,10.218581199645996
267.0,5.625,1.5178412199020386,125.46116638183594,10.343293190002441,105.49757385253906,10.218581199645996
268.0,5.625,1.538848876953125,125.43424987792969,10.337358474731445,105.51589965820312,10.218581199645996
269.0,5.625,1.5491466522216797,125.41742706298828,10.334449768066406,105.53787994384766,10.218581199645996
270.0,5.625,1.5596797466278076,125.40072631835938,10.331476211547852,105.56025695800781,10.218581199645996
271.0,5.625,1.5727697610855103,125.38199615478516,10.327777862548828,105.5824966430664,10.218581199645996
272.0,5.625,1.5897839069366455,125.35993957519531,10.322973251342773,105.60441589355469,10.218581199645996
273.0,5.625,1.6071252822875977,125.33789825439453,10.318076133728027,105.62693786621094,10.218581199645996
274.0,5.625,1.6247925758361816,125.31588745117188,10.313087463378906,105.65007019042969,10.218581199645996
275.0,5.625,1.6427884101867676,125.2939224243164,10.308004379272461,105.6738052368164,10.218581199645996
276.0,5.625,1.661115288734436,125.27201080322266,10.302826881408691,105.69817352294922,10.218581199645996
277.0,5.625,1.6797890663146973,125.25015258789062,10.297553062438965,105.72317504882812,10.218581199645996
278.0,5.625,1.6988005638122559,125.2283706665039,10.292182922363281,105.74883270263672,10.218581199645996
279.0,5.625,1.7181601524353027,125.20667266845703,10.286715507507324,105.77513885498047,10.218581199645996
280.0,5.625,1.7378731966018677,125.18506622314453,10.281149864196777,105.8021240234375,10.218581199645996
281.0,5.625,1.7579293251037598,125.16358184814453,10.275485038757324,105.82977294921875,10.218581199645996
282.0,5.625,1.778334617614746,125.14222717285156,10.269721031188965,105.85812377929688,10.218581199645996
283.0,5.625,1.7991005182266235,125.12100982666016,10.263856887817383,105.88716888427734,10.218581199645996
284.0,5.625,1.8202216625213623,125.0999526977539,10.257891654968262,105.91692352294922,10.218581199645996
285.0,5.625,1.8416938781738281,125.0790786743164,10.251826286315918,105.94738006591797,10.218581199645996
286.0,5.625,1.8635350465774536,125.05838775634766,10.245658874511719,105.97857666015625,10.218581199645996
287.0,5.625,1.8857269287109375,125.03791809082031,10.239391326904297,106.01050567626953,10.218581199645996
288.0,5.625,1.9082887172698975,125.01766967773438,10.23302173614502,106.04317474365234,10.218581199645996
289.0,5.625,1.9630216360092163,124.96723175048828,10.217560768127441,106.07870483398438,10.218581199645996
290.0,5.625,2.0391297340393066,124.89706420898438,10.196066856384277,106.11780548095703,10.218581199645996
291.0,5.625,2.0773327350616455,124.86387634277344,10.185277938842773,106.15560913085938,10.218581199645996
292.0,5.625,2.1018548011779785,124.84445190429688,10.178351402282715,106.19302368164062,10.218581199645996
293.0,5.625,2.127124786376953,124.82502746582031,10.171215057373047,106.23128509521484,10.218581199645996
294.0,5.625,2.1531596183776855,124.80561065673828,10.163861274719238,106.2704086303711,10.218581199645996
295.0,5.625,2.270705223083496,124.70049285888672,10.130663871765137,106.32550048828125,10.218581199645996
296.0,5.625,2.404505729675293,124.58140563964844,10.092874526977539,106.38733673095703,10.218581199645996
297.0,5.625,2.454873561859131,124.54215240478516,10.078648567199707,106.43681335449219,10.218581199645996
298.0,5.625,2.488630771636963,124.51947784423828,10.06911563873291,106.48421478271484,10.218581199645996
299.0,5.625,2.522735357284546,124.49744415283203,10.059483528137207,106.53263854980469,10.218581199645996
300.0,5.625,2.5571746826171875,124.47608947753906,10.04975700378418,106.58206939697266,10.218581199645996
301.0,5.625,2.591928720474243,124.4554672241211,10.039941787719727,106.63251495361328,10.218581199645996
302.0,5.625,2.6730122566223145,124.39338684082031,10.01704216003418,106.69684600830078,10.218581199645996
303.0,5.625,2.7530484199523926,124.33380126953125,9.99443531036377,106.76322937011719,10.218581199645996
304.0,5.625,2.7651655673980713,124.33741760253906,9.99101448059082,106.81072235107422,10.218581199645996
305.0,5.625,2.777594566345215,124.3416519165039,9.987503051757812,106.85844421386719,10.218581199645996
306.0,5.625,2.790353536605835,124.34649658203125,9.98390007019043,106.9063949584961,10.218581199645996
307.0,5.625,2.8034327030181885,124.35196685791016,9.980205535888672,106.95455932617188,10.218581199645996
308.0,5.625,2.816849708557129,124.35806274414062,9.976418495178223,107.0029525756836,10.218581199645996
309.0,5.625,2.8305933475494385,124.36480712890625,9.972536087036133,107.05156707763672,10.218581199645996
310.0,5.625,2.8446784019470215,124.37220001220703,9.968559265136719,107.10041046142578,10.218581199645996
311.0,5.625,2.8590941429138184,124.38025665283203,9.964487075805664,107.14945983886719,10.218581199645996
312.0,5.625,2.873859405517578,124.38897705078125,9.96031665802002,107.19873046875,10.218581199645996
313.0,5.625,2.8909268379211426,124.39672088623047,9.955496788024902,107.24909973144531,10.218581199645996
314.0,5.625,2.9109296798706055,124.40301513671875,9.949849128723145,107.30094146728516,10.218581199645996
315.0,5.625,2.93135929107666,124.41002655029297,9.944077491760254,107.35316467285156,10.218581199645996
316.0,5.625,2.9522457122802734,124.41773986816406,9.938179969787598,107.40576934814453,10.218581199645996
317.0,5.625,3.00333571434021,124.4019775390625,9.923750877380371,107.473876953125,10.218581199645996
318.0,5.625,3.0803565979003906,124.36700439453125,9.901995658874512,107.5565185546875,10.218581199645996
319.0,5.625,3.1602227687835693,124.33192443847656,9.879438400268555,107.6423568725586,10.218581199645996
320.0,5.625,3.243044853210449,124.2967758178711,9.856048583984375,107.73151397705078,10.218581199645996
321.0,5.625,3.3536605834960938,124.24242401123047,9.824810028076172,107.83807373046875,10.218581199645996
322.0,5.625,3.409409523010254,124.23308563232422,9.809062957763672,107.91539001464844,10.218581199645996
323.0,5.625,3.466923713684082,124.22432708740234,9.79281997680664,107.99463653564453,10.218581199645996
324.0,5.625,3.530853271484375,124.21277618408203,9.774764060974121,108.07865905761719,10.218581199645996
325.0,5.625,3.6059374809265137,124.1951675415039,9.753557205200195,108.17056274414062,10.218581199645996
326.0,5.625,3.682253837585449,124.17909240722656,9.732004165649414,108.26449584960938,10.218581199645996
327.0,5.625,3.7542271614074707,124.1686019897461,9.711677551269531,108.35686492919922,10.218581199645996
328.0,5.625,3.800492763519287,124.17858123779297,9.69861125946045,108.43347930908203,10.218581199645996
329.0,5.625,3.855452060699463,124.1844253540039,9.683088302612305,108.5162582397461,10.218581199645996
330.0,5.625,3.9110679626464844,124.1919174194336,9.667381286621094,108.60002899169922,10.218581199645996
331.0,5.625,3.9673166275024414,124.20111083984375,9.651496887207031,108.68474578857422,10.218581199645996
332.0,5.625,4.024139881134033,124.21208190917969,9.635446548461914,108.77033233642578,10.218581199645996
333.0,5.625,4.081525802612305,124.22489166259766,9.619239807128906,108.85676574707031,10.218581199645996
334.0,5.625,4.139420509338379,124.23960876464844,9.602889060974121,108.9439697265625,10.218581199645996
335.0,5.625,4.311009883880615,124.18643951416016,9.554428100585938,109.11505126953125,10.218581199645996
336.0,5.625,4.534677982330322,124.1070327758789,9.491259574890137,109.32768249511719,10.218581199645996
337.0,5.625,4.715241432189941,124.05974578857422,9.440262794494629,109.51142120361328,10.218581199645996
338.0,5.625,4.795827388763428,124.07581329345703,9.417503356933594,109.62122344970703,10.218581199645996
339.0,5.625,4.840231895446777,124.11529541015625,9.404960632324219,109.70346069335938,10.218581199645996
340.0,5.625,4.885725498199463,124.15621185302734,9.392112731933594,109.78628540039062,10.218581199645996
341.0,5.625,4.932322978973389,124.19860076904297,9.378951072692871,109.86968994140625,10.218581199645996
342.0,5.625,4.972148418426514,124.24662780761719,9.367706298828125,109.94732666015625,10.218581199645996
343.0,5.625,5.0057268142700195,124.29973602294922,9.358222007751465,110.0193862915039,10.218581199645996
344.0,5.625,5.039748191833496,124.35436248779297,9.348613739013672,110.09117126464844,10.218581199645996
345.0,5.625,5.0750041007995605,124.4101333618164,9.338656425476074,110.1633071899414,10.218581199645996
346.0,5.625,5.118886947631836,124.4636459350586,9.326261520385742,110.24198150634766,10.218581199645996
347.0,5.625,5.16331148147583,124.51893615722656,9.313714981079102,110.32052612304688,10.218581199645996
348.0,5.625,5.208276271820068,124.57600402832031,9.301017761230469,110.39889526367188,10.218581199645996
349.0,5.625,5.253762722015381,124.6348876953125,9.288169860839844,110.47704315185547,10.218581199645996
350.0,5.625,5.299773216247559,124.69559478759766,9.275175094604492,110.554931640625,10.218581199645996
351.0,5.625,5.3462958335876465,124.75816345214844,9.26203441619873,110.63252258300781,10.218581199645996
352.0,5.625,5.395596504211426,124.82173919677734,9.2481107711792,110.7117691040039,10.218581199645996
353.0,5.625,5.511319160461426,124.86356353759766,9.215429306030273,110.84928131103516,10.218581199645996
354.0,5.625,5.806665420532227,124.8477783203125,9.132015228271484,111.14759826660156,10.218581199645996
355.0,5.625,6.018183708190918,124.8693618774414,9.072277069091797,111.37232208251953,10.218581199645996
356.0,5.625,6.08873176574707,124.94227600097656,9.052352905273438,111.469970703125,10.218581199645996
357.0,5.625,6.150543689727783,125.02059936523438,9.034893035888672,111.5587387084961,10.218581199645996
358.0,5.625,6.213804244995117,125.10103607177734,9.017027854919434,111.64776611328125,10.218581199645996
359.0,5.625,6.278525352478027,125.18363952636719,8.998748779296875,111.73702239990234,10.218581199645996
0.0,0.0,11.194314956665039,124.06283569335938,8.642230033874512,116.57965087890625,10.218581199645996
1.0,0.0,11.375651359558105,124.20674133300781,8.6077299118042,116.7995834350586,10.218581199645996
2.0,0.0,11.625064849853516,124.34282684326172,8.56027889251709,117.0828857421875,10.218581199645996
3.0,0.0,11.765820503234863,124.50959014892578,8.533499717712402,117.26020050048828,10.218581199645996
4.0,0.0,11.84252643585205,124.69342803955078,8.518905639648438,117.37325286865234,10.218581199645996
5.0,0.0,11.892059326171875,124.88499450683594,8.509482383728027,117.45701599121094,10.218581199645996
6.0,0.0,11.899106979370117,125.0851058959961,8.50814151763916,117.49632263183594,10.218581199645996
7.0,0.0,11.907607078552246,125.28580474853516,8.506525039672852,117.53356170654297,10.218581199645996
8.0,0.0,11.907902717590332,125.48820495605469,8.506467819213867,117.55931091308594,10.218581199645996
9.0,0.0,11.899127006530762,125.69190979003906,8.508136749267578,117.57266235351562,10.218581199645996
10.0,0.0,11.864238739013672,125.89775085449219,8.514774322509766,117.55689239501953,10.218581199645996
11.0,0.0,11.915962219238281,126.09724426269531,8.504934310913086,117.62234497070312,10.218581199645996
12.0,0.0,12.036382675170898,126.29560089111328,8.482025146484375,117.75172424316406,10.218581199645996
13.0,0.0,12.124711990356445,126.49916076660156,8.465219497680664,117.84620666503906,10.218581199645996
14.0,0.0,12.088848114013672,126.70728302001953,8.472043991088867,117.81523895263672,10.218581199645996
15.0,0.0,11.893986701965332,126.9133071899414,8.509115219116211,117.62454986572266,10.218581199645996
16.0,0.0,11.752203941345215,127.11384582519531,8.536089897155762,117.48243713378906,10.218581199645996
17.0,0.0,11.694955825805664,127.31282043457031,8.546981811523438,117.41984558105469,10.218581199645996
18.0,0.0,11.699621200561523,127.51323699951172,8.546092987060547,117.41452026367188,10.218581199645996
19.0,0.0,11.723217964172363,127.71500396728516,8.541604995727539,117.42422485351562,10.218581199645996
20.0,0.0,11.733320236206055,127.91607666015625,8.539681434631348,117.41718292236328,10.218581199645996
21.0,0.0,11.548558235168457,128.0960693359375,8.574833869934082,117.21647644042969,10.218581199645996
22.0,0.0,11.305097579956055,128.2620391845703,8.6211519241333,116.95587921142578,10.218581199645996
23.0,0.0,11.17280387878418,128.43511962890625,8.646322250366211,116.80097961425781,10.218581199645996
24.0,0.0,10.9141263961792,128.58311462402344,8.695534706115723,116.52099609375,10.218581199645996
25.0,0.0,10.725743293762207,128.7342071533203,8.731376647949219,116.30712127685547,10.218581199645996
26.0,0.0,10.65140438079834,128.90037536621094,8.74551773071289,116.2010269165039,10.218581199645996
27.0,0.0,10.540567398071289,129.05577087402344,8.766607284545898,116.05730438232422,10.218581199645996
28.0,0.0,10.397286415100098,129.1994171142578,8.793865203857422,115.88032531738281,10.218581199645996
29.0,0.0,10.257286071777344,129.33839416503906,8.820501327514648,115.7045669555664,10.218581199645996
30.0,0.0,10.142267227172852,129.47842407226562,8.842384338378906,115.5506820678711,10.218581199645996
31.0,0.0,9.948810577392578,129.5922088623047,8.879189491271973,115.32101440429688,10.218581199645996
32.0,0.0,9.740646362304688,129.6945037841797,8.918794631958008,115.07656860351562,10.218581199645996
33.0,0.0,9.654762268066406,129.8268585205078,8.93513298034668,114.94542694091797,10.218581199645996
34.0,0.0,9.561660766601562,129.95318603515625,8.95284652709961,114.80577850341797,10.218581199645996
35.0,0.0,9.398896217346191,130.05177307128906,8.983810424804688,114.6003646850586,10.218581199645996
36.0,0.0,9.208860397338867,130.13442993164062,9.019965171813965,114.36930847167969,10.218581199645996
37.0,0.0,9.010900497436523,130.20704650878906,9.057628631591797,114.13086700439453,10.218581199645996
38.0,0.0,8.839166641235352,130.28257751464844,9.090301513671875,113.91614532470703,10.218581199645996
39.0,0.0,8.674774169921875,130.35462951660156,9.121577262878418,113.70789337158203,10.218581199645996
40.0,0.0,8.363058090209961,130.35858154296875,9.180880546569824,113.36888122558594,10.218581199645996
41.0,0.0,8.222392082214355,130.4263153076172,9.20764446258545,113.18267059326172,10.218581199645996
42.0,0.0,8.106252670288086,130.4996795654297,9.229740142822266,113.01779174804688,10.218581199645996
43.0,0.0,8.0142822265625,130.57965087890625,9.247237205505371,112.87347412109375,10.218581199645996
44.0,0.0,7.9252119064331055,130.65711975097656,9.264183044433594,112.73101806640625,10.218581199645996
45.0,0.0,7.815350532531738,130.720458984375,9.285085678100586,112.57037353515625,10.218581199645996
46.0,0.0,7.678234577178955,130.76544189453125,9.31117057800293,112.38676452636719,10.218581199645996
47.0,0.0,7.524876117706299,130.79669189453125,9.340347290039062,112.1901626586914,10.218581199645996
48.0,0.0,7.400200843811035,130.83778381347656,9.364068031311035,112.01799011230469,10.218581199645996
49.0,0.0,7.257321357727051,130.86399841308594,9.391250610351562,111.8315658569336,10.218581199645996
50.0,0.0,6.929357528686523,130.77987670898438,9.453646659851074,111.49786376953125,10.218581199645996
51.0,0.0,6.783283233642578,130.79116821289062,9.481436729431152,111.31283569335938,10.218581199645996
52.0,0.0,6.6252570152282715,130.7901153564453,9.51150131225586,111.11980438232422,10.218581199645996
53.0,0.0,6.473409175872803,130.78732299804688,9.54039192199707,110.93323516845703,10.218581199645996
54.0,0.0,6.292688369750977,130.7612762451172,9.574775695800781,110.72645568847656,10.218581199645996
55.0,0.0,5.986154079437256,130.64930725097656,9.63309383392334,110.42798614501953,10.218581199645996
56.0,0.0,5.781187057495117,130.59402465820312,9.672088623046875,110.20982360839844,10.218581199645996
57.0,0.0,5.623728275299072,130.56373596191406,9.702046394348145,110.02947998046875,10.218581199645996
58.0,0.0,5.61326789855957,130.62734985351562,9.704034805297852,109.95650482177734,10.218581199645996
59.0,0.0,5.585198402404785,130.67747497558594,9.709375381469727,109.87018585205078,10.218581199645996
60.0,0.0,5.533271789550781,130.70909118652344,9.719254493713379,109.76687622070312,10.218581199645996
61.0,0.0,5.483181476593018,130.7395782470703,9.72878360748291,109.6649169921875,10.218581199645996
62.0,0.0,5.441023826599121,130.77342224121094,9.73680305480957,109.56834411621094,10.218581199645996
63.0,0.0,5.085151672363281,130.5750274658203,9.804511070251465,109.26697540283203,10.218581199645996
64.0,0.0,4.820321083068848,130.4351806640625,9.854894638061523,109.03195190429688,10.218581199645996
65.0,0.0,4.689002990722656,130.38922119140625,9.879877090454102,108.88654327392578,10.218581199645996
66.0,0.0,4.5939507484436035,130.3671112060547,9.897964477539062,108.76594543457031,10.218581199645996
67.0,0.0,4.516271591186523,130.3553924560547,9.912741661071777,108.65745544433594,10.218581199645996
68.0,0.0,4.503506183624268,130.39208984375,9.915169715881348,108.58831024169922,10.218581199645996
69.0,0.0,4.491336345672607,130.42791748046875,9.917484283447266,108.51905822753906,10.218581199645996
70.0,0.0,4.479750633239746,130.462890625,9.91968822479248,108.44967651367188,10.218581199645996
71.0,0.0,4.447774887084961,130.47987365722656,9.925773620605469,108.36876678466797,10.218581199645996
72.0,0.0,4.35933780670166,130.448486328125,9.942598342895508,108.25810241699219,10.218581199645996
73.0,0.0,4.2742919921875,130.4171905517578,9.958778381347656,108.15104675292969,10.218581199645996
74.0,0.0,4.181971073150635,130.37713623046875,9.97634220123291,108.04215240478516,10.218581199645996
75.0,0.0,4.093676567077637,130.33782958984375,9.993138313293457,107.93729400634766,10.218581199645996
76.0,0.0,4.009191036224365,130.2992401123047,10.009212493896484,107.83625793457031,10.218581199645996
77.0,0.0,3.9050145149230957,130.2410888671875,10.029031753540039,107.72821044921875,10.218581199645996
78.0,0.0,3.7992396354675293,130.17884826660156,10.049158096313477,107.6220703125,10.218581199645996
79.0,0.0,3.6990933418273926,130.1189422607422,10.068208694458008,107.52105712890625,10.218581199645996
80.0,0.0,3.6095118522644043,130.06597900390625,10.08525276184082,107.42698669433594,10.218581199645996
81.0,0.0,3.5365309715270996,130.0256805419922,10.099138259887695,107.341796875,10.218581199645996
82.0,0.0,3.4668405055999756,129.98638916015625,10.112398147583008,107.25971984863281,10.218581199645996
83.0,0.0,3.384957790374756,129.93409729003906,10.12797737121582,107.1750259399414,10.218581199645996
84.0,0.0,3.2969377040863037,129.8741912841797,10.144721984863281,107.09043884277344,10.218581199645996
85.0,0.0,3.2137112617492676,129.8167266845703,10.160555839538574,107.00991821289062,10.218581199645996
86.0,0.0,3.1349146366119385,129.7615203857422,10.175545692443848,106.93314361572266,10.218581199645996
87.0,0.0,3.0602450370788574,129.7084197998047,10.189753532409668,106.85986328125,10.218581199645996
88.0,0.0,3.0008389949798584,129.66802978515625,10.201054573059082,106.79302978515625,10.218581199645996
89.0,0.0,2.9458515644073486,129.63037109375,10.211516380310059,106.72906494140625,10.218581199645996
90.0,0.0,2.8929543495178223,129.5933380126953,10.221578598022461,106.66720581054688,10.218581199645996
91.0,0.0,2.846467971801758,129.56112670898438,10.230423927307129,106.60836029052734,10.218581199645996
92.0,0.0,2.8049654960632324,129.53248596191406,10.238319396972656,106.55193328857422,10.218581199645996
93.0,0.0,2.7648305892944336,129.5040283203125,10.245954513549805,106.49698638916016,10.218581199645996
94.0,0.0,2.7204906940460205,129.47042846679688,10.254389762878418,106.44244384765625,10.218581199645996
95.0,0.0,2.673767566680908,129.43344116210938,10.26328182220459,106.38885498046875,10.218581199645996
96.0,0.0,2.6286065578460693,129.39691162109375,10.27187442779541,106.33694458007812,10.218581199645996
97.0,0.0,2.584939956665039,129.36082458496094,10.280179023742676,106.2866439819336,10.218581199645996
98.0,0.0,2.542748212814331,129.32521057128906,10.2882080078125,106.2378921508789,10.218581199645996
99.0,0.0,2.5019376277923584,129.29002380371094,10.29597282409668,106.19061279296875,10.218581199645996
100.0,0.0,2.4624667167663574,129.25526428222656,10.303483009338379,106.14476776123047,10.218581199645996
101.0,0.0,2.424262762069702,129.2209014892578,10.310750007629395,106.10028839111328,10.218581199645996
102.0,0.0,2.387301206588745,129.18695068359375,10.317782402038574,106.05712127685547,10.218581199645996
103.0,0.0,2.3457775115966797,129.1477508544922,10.32568359375,106.01506042480469,10.218581199645996
104.0,0.0,2.3053996562957764,129.1089324951172,10.333362579345703,105.97441864013672,10.218581199645996
105.0,0.0,2.2665011882781982,129.07086181640625,10.340765953063965,105.93513488769531,10.218581199645996
106.0,0.0,2.2289698123931885,129.03346252441406,10.347904205322266,105.89716339111328,10.218581199645996
107.0,0.0,2.1927719116210938,128.99673461914062,10.354791641235352,105.86043548583984,10.218581199645996
108.0,0.0,2.1578454971313477,128.9606475830078,10.36143684387207,105.82489013671875,10.218581199645996
109.0,0.0,2.124128818511963,128.9251708984375,10.367851257324219,105.7905044555664,10.218581199645996
110.0,0.0,2.08919095993042,128.88795471191406,10.374496459960938,105.75743103027344,10.218581199645996
111.0,0.0,2.0527756214141846,128.84878540039062,10.381424903869629,105.72576141357422,10.218581199645996
112.0,0.0,2.017690420150757,128.81044006347656,10.388102531433105,105.69523620605469,10.218581199645996
113.0,0.0,1.9838359355926514,128.77284240722656,10.39454174041748,105.6657943725586,10.218581199645996
114.0,0.0,1.9511985778808594,128.7360076904297,10.400753021240234,105.63740539550781,10.218581199645996
115.0,0.0,1.9196817874908447,128.69985961914062,10.406745910644531,105.61001586914062,10.218581199645996
116.0,0.0,1.8892810344696045,128.66441345214844,10.412530899047852,105.58356475830078,10.218581199645996
117.0,0.0,1.859925389289856,128.62962341308594,10.418115615844727,105.55804443359375,10.218581199645996
118.0,0.0,1.8315731287002563,128.595458984375,10.423508644104004,105.53337860107422,10.218581199645996
119.0,0.0,1.8041977882385254,128.56192016601562,10.428719520568848,105.50956726074219,10.218581199645996
120.0,0.0,1.7777299880981445,128.52894592285156,10.433753967285156,105.4865493774414,10.218581199645996
121.0,0.0,1.7521485090255737,128.4965362548828,10.438620567321777,105.46430969238281,10.218581199645996
122.0,0.0,1.7274278402328491,128.4646759033203,10.44332504272461,105.44280242919922,10.218581199645996
123.0,0.0,1.7035086154937744,128.43331909179688,10.447874069213867,105.42200469970703,10.218581199645996
124.0,0.0,1.6803871393203735,128.40248107910156,10.45227336883545,105.40190124511719,10.218581199645996
125.0,0.0,1.6580276489257812,128.37213134765625,10.45652961730957,105.3824462890625,10.218581199645996
126.0,0.0,1.6363729238510132,128.34222412109375,10.460646629333496,105.3636245727539,10.218581199645996
127.0,0.0,1.6144659519195557,128.31190490722656,10.464815139770508,105.34577178955078,10.218581199645996
128.0,0.0,1.5905379056930542,128.27960205078125,10.469367027282715,105.32958221435547,10.218581199645996
129.0,0.0,1.5674221515655518,128.24790954589844,10.47376537322998,105.31399536132812,10.218581199645996
130.0,0.0,1.5450831651687622,128.21681213378906,10.47801685333252,105.29901123046875,10.218581199645996
131.0,0.0,1.5234750509262085,128.18626403808594,10.482126235961914,105.28459167480469,10.218581199645996
132.0,0.0,1.5025908946990967,128.15626525878906,10.486100196838379,105.27070617675781,10.218581199645996
133.0,0.0,1.4823884963989258,128.1267852783203,10.48994255065918,105.2573471069336,10.218581199645996
134.0,0.0,1.4628419876098633,128.09780883789062,10.493659973144531,105.24449920654297,10.218581199645996
135.0,0.0,1.4490857124328613,128.0736846923828,10.4962797164917,105.22957611083984,10.218581199645996
136.0,0.0,1.4364593029022217,128.0503692626953,10.49868106842041,105.2146987915039,10.218581199645996
137.0,0.0,1.4243271350860596,128.02732849121094,10.500988960266113,105.20016479492188,10.218581199645996
138.0,0.0,1.4126856327056885,128.00454711914062,10.503205299377441,105.1859359741211,10.218581199645996
139.0,0.0,1.401490330696106,127.98199462890625,10.505334854125977,105.17202758789062,10.218581199645996
140.0,0.0,1.3907544612884521,127.95967864990234,10.507377624511719,105.15840911865234,10.218581199645996
141.0,0.0,1.3804445266723633,127.93757629394531,10.50933837890625,105.14508819580078,10.218581199645996
142.0,0.0,1.3705586194992065,127.91567993164062,10.511218070983887,105.13204193115234,10.218581199645996
143.0,0.0,1.3610903024673462,127.89398193359375,10.513020515441895,105.11925506591797,10.218581199645996
144.0,0.0,1.3520203828811646,127.87247467041016,10.51474666595459,105.10673522949219,10.218581199645996
145.0,0.0,1.3433324098587036,127.85113525390625,10.516398429870605,105.09446716308594,10.218581199645996
146.0,0.0,1.335038185119629,127.82997131347656,10.51797866821289,105.08242797851562,10.218581199645996
147.0,0.0,1.3270981311798096,127.80895233154297,10.519488334655762,105.07063293457031,10.218581199645996
148.0,0.0,1.3195198774337769,127.78807830810547,10.520929336547852,105.0590591430664,10.218581199645996
149.0,0.0,1.3122963905334473,127.76734924316406,10.522302627563477,105.0477066040039,10.218581199645996
150.0,0.0,1.3054146766662598,127.74674987792969,10.523612022399902,105.03656768798828,10.218581199645996
151.0,0.0,1.297945499420166,127.72563934326172,10.525033950805664,105.02628326416016,10.218581199645996
152.0,0.0,1.2894084453582764,127.70374298095703,10.526658058166504,105.0172348022461,10.218581199645996
153.0,0.0,1.281235933303833,127.6820297241211,10.528213500976562,105.00839233398438,10.218581199645996
154.0,0.0,1.273420810699463,127.66050720214844,10.52970027923584,104.99976348876953,10.218581199645996
155.0,0.0,1.265946626663208,127.63914489746094,10.531122207641602,104.9913330078125,10.218581199645996
156.0,0.0,1.2588106393814087,127.61795806884766,10.532479286193848,104.98310852050781,10.218581199645996
157.0,0.0,1.2520060539245605,127.59690856933594,10.533774375915527,104.97505950927734,10.218581199645996
158.0,0.0,1.2455227375030518,127.57601928710938,10.53500747680664,104.96720886230469,10.218581199645996
159.0,0.0,1.239358901977539,127.55526733398438,10.53618049621582,104.95953369140625,10.218581199645996
160.0,0.0,1.2334955930709839,127.53462982177734,10.537294387817383,104.95203399658203,10.218581199645996
161.0,0.0,1.2279486656188965,127.51412200927734,10.538351058959961,104.94469451904297,10.218581199645996
162.0,0.0,1.2226917743682861,127.49372863769531,10.539350509643555,104.93753051757812,10.218581199645996
163.0,0.0,1.2177311182022095,127.47343444824219,10.540294647216797,104.9305191040039,10.218581199645996
164.0,0.0,1.213059425354004,127.4532470703125,10.541184425354004,104.92366790771484,10.218581199645996
165.0,0.0,1.208656907081604,127.43313598632812,10.542020797729492,104.91697692871094,10.218581199645996
166.0,0.0,1.2045468091964722,127.41311645507812,10.542803764343262,104.9104232788086,10.218581199645996
167.0,0.0,1.2007046937942505,127.39317321777344,10.543535232543945,104.90402221679688,10.218581199645996
168.0,0.0,1.1971300840377808,127.37328338623047,10.544214248657227,104.89775848388672,10.218581199645996
169.0,0.0,1.1938197612762451,127.35347747802734,10.544843673706055,104.89164733886719,10.218581199645996
170.0,0.0,1.1907806396484375,127.3337173461914,10.545422554016113,104.88565826416016,10.218581199645996
171.0,0.0,1.1900399923324585,127.31480407714844,10.545562744140625,104.87796783447266,10.218581199645996
172.0,0.0,1.1914122104644775,127.29658508300781,10.54530143737793,104.86870574951172,10.218581199645996
173.0,0.0,1.1929669380187988,127.27823638916016,10.54500675201416,104.85958099365234,10.218581199645996
174.0,0.0,1.1946909427642822,127.25977325439453,10.544677734375,104.85061645507812,10.218581199645996
175.0,0.0,1.1966065168380737,127.24119567871094,10.54431438446045,104.84178924560547,10.218581199645996
176.0,0.0,1.1986936330795288,127.22248077392578,10.543915748596191,104.83311462402344,10.218581199645996
177.0,0.0,1.200966238975525,127.20364379882812,10.543482780456543,104.8245849609375,10.218581199645996
178.0,0.0,1.2034327983856201,127.18468475341797,10.543015480041504,104.81619262695312,10.218581199645996
179.0,0.0,1.2060731649398804,127.16557312011719,10.542511940002441,104.80795288085938,10.218581199645996
180.0,0.0,1.2085332870483398,127.146240234375,10.542045593261719,104.80020904541016,10.218581199645996
181.0,0.0,1.208058476448059,127.12605285644531,10.542136192321777,104.79559326171875,10.218581199645996
182.0,0.0,1.2077481746673584,127.1058349609375,10.542194366455078,104.79117584228516,10.218581199645996
183.0,0.0,1.207607388496399,127.08557891845703,10.542222023010254,104.78694915771484,10.218581199645996
184.0,0.0,1.2076274156570435,127.06527709960938,10.542217254638672,104.78292083740234,10.218581199645996
185.0,0.0,1.2078174352645874,127.04493713378906,10.542181015014648,104.77908325195312,10.218581199645996
186.0,0.0,1.2065125703811646,127.02432250976562,10.542428016662598,104.77705383300781,10.218581199645996
187.0,0.0,1.2053439617156982,127.00370788574219,10.542652130126953,104.77525329589844,10.218581199645996
188.0,0.0,1.2043126821517944,126.98310089111328,10.542848587036133,104.773681640625,10.218581199645996
189.0,0.0,1.203425407409668,126.9625015258789,10.543017387390137,104.77233123779297,10.218581199645996
190.0,0.0,1.2026803493499756,126.94190216064453,10.543159484863281,104.77120208740234,10.218581199645996
191.0,0.0,1.2020779848098755,126.92131042480469,10.543272972106934,104.77029418945312,10.218581199645996
192.0,0.0,1.2016172409057617,126.90071868896484,10.543359756469727,104.76960754394531,10.218581199645996
193.0,0.0,1.2013053894042969,126.88013458251953,10.543418884277344,104.76913452148438,10.218581199645996
194.0,0.0,1.2011419534683228,126.85955810546875,10.543450355529785,104.76887512207031,10.218581199645996
195.0,0.0,1.2011189460754395,126.83897399902344,10.543455123901367,104.76883697509766,10.218581199645996
196.0,0.0,1.2012441158294678,126.81839752197266,10.543432235717773,104.76901245117188,10.218581199645996
197.0,0.0,1.2015026807785034,126.79781341552734,10.54338264465332,104.76941680908203,10.218581199645996
198.0,0.0,1.2019095420837402,126.77722930908203,10.543305397033691,104.77003479003906,10.218581199645996
199.0,0.0,1.202458143234253,126.75663757324219,10.543200492858887,104.7708740234375,10.218581199645996
200.0,0.0,1.2031562328338623,126.73604583740234,10.543067932128906,104.77192687988281,10.218581199645996
201.0,0.0,1.2039892673492432,126.71544647216797,10.542908668518066,104.77320861816406,10.218581199645996
202.0,0.0,1.2049736976623535,126.69483947753906,10.54272174835205,104.77470397949219,10.218581199645996
203.0,0.0,1.206102728843689,126.67422485351562,10.54250717163086,104.77642059326172,10.218581199645996
204.0,0.0,1.2073770761489868,126.65360260009766,10.542264938354492,104.77835845947266,10.218581199645996
205.0,0.0,1.20879065990448,126.63297271728516,10.54199504852295,104.78052520751953,10.218581199645996
206.0,0.0,1.2103681564331055,126.6123275756836,10.541696548461914,104.78289794921875,10.218581199645996
207.0,0.0,1.2120816707611084,126.59166717529297,10.541370391845703,104.78550720214844,10.218581199645996
208.0,0.0,1.2139402627944946,126.57099151611328,10.541016578674316,104.78834533691406,10.218581199645996
209.0,0.0,1.2147486209869385,126.55059814453125,10.540863037109375,104.79254913330078,10.218581199645996
210.0,0.0,1.2148640155792236,126.53044891357422,10.540840148925781,104.79776763916016,10.218581199645996
211.0,0.0,1.2151343822479248,126.51034545898438,10.540789604187012,104.80319213867188,10.218581199645996
212.0,0.0,1.2155414819717407,126.49030303955078,10.540711402893066,104.808837890625,10.218581199645996
213.0,0.0,1.2221230268478394,126.46844482421875,10.539458274841309,104.80908203125,10.218581199645996
214.0,0.0,1.2294203042984009,126.44625091552734,10.538070678710938,104.80908203125,10.218581199645996
215.0,0.0,1.236983060836792,126.42385864257812,10.53663158416748,104.80926513671875,10.218581199645996
216.0,0.0,1.2448331117630005,126.4012451171875,10.535139083862305,104.80962371826172,10.218581199645996
217.0,0.0,1.2529637813568115,126.37841033935547,10.533592224121094,104.81017303466797,10.218581199645996
218.0,0.0,1.2613822221755981,126.35535430908203,10.531989097595215,104.8109130859375,10.218581199645996
219.0,0.0,1.2701048851013184,126.3320541381836,10.530329704284668,104.81184387207031,10.218581199645996
220.0,0.0,1.2791393995285034,126.30850982666016,10.52861213684082,104.8129653930664,10.218581199645996
221.0,0.0,1.2884840965270996,126.28471374511719,10.526833534240723,104.81429290771484,10.218581199645996
222.0,0.0,1.2981538772583008,126.26065063476562,10.524994850158691,104.81582641601562,10.218581199645996
223.0,0.0,1.3081474304199219,126.236328125,10.523092269897461,104.81757354736328,10.218581199645996
224.0,0.0,1.3184905052185059,126.21172332763672,10.521125793457031,104.81952667236328,10.218581199645996
225.0,0.0,1.3291809558868408,126.18682098388672,10.519091606140137,104.82170867919922,10.218581199645996
226.0,0.0,1.3402241468429565,126.16162872314453,10.516990661621094,104.8241195678711,10.218581199645996
227.0,0.0,1.3516398668289185,126.13611602783203,10.51481819152832,104.82676696777344,10.218581199645996
228.0,0.0,1.3634364604949951,126.11029815673828,10.512574195861816,104.82964324951172,10.218581199645996
229.0,0.0,1.3756221532821655,126.08414459228516,10.510255813598633,104.83277130126953,10.218581199645996
230.0,0.0,1.3882124423980713,126.05764770507812,10.50786018371582,104.83615112304688,10.218581199645996
231.0,0.0,1.4012166261672974,126.03079986572266,10.505386352539062,104.83979034423828,10.218581199645996
232.0,0.0,1.4146451950073242,126.00359344482422,10.502830505371094,104.84369659423828,10.218581199645996
233.0,0.0,1.4285888671875,125.97595977783203,10.500179290771484,104.84782409667969,10.218581199645996
234.0,0.0,1.4458470344543457,125.9461441040039,10.496894836425781,104.8500747680664,10.218581199645996
235.0,0.0,1.4604159593582153,125.9178695678711,10.494123458862305,104.85503387451172,10.218581199645996
236.0,0.0,1.4751777648925781,125.88936614990234,10.491314888000488,104.86051177978516,10.218581199645996
237.0,0.0,1.4903993606567383,125.86046600341797,10.488418579101562,104.86632537841797,10.218581199645996
238.0,0.0,1.506093978881836,125.83116912841797,10.485433578491211,104.87247467041016,10.218581199645996
239.0,0.0,1.5222752094268799,125.80145263671875,10.482355117797852,104.87898254394531,10.218581199645996
240.0,0.0,1.5389519929885864,125.77130889892578,10.479182243347168,104.8858642578125,10.218581199645996
241.0,0.0,1.5561506748199463,125.74072265625,10.475909233093262,104.89311981201172,10.218581199645996
242.0,0.0,1.57389235496521,125.70967102050781,10.472535133361816,104.90076446533203,10.218581199645996
243.0,0.0,1.5921725034713745,125.67816162109375,10.469056129455566,104.90882110595703,10.218581199645996
244.0,0.0,1.611035704612732,125.64615631103516,10.46546745300293,104.91728973388672,10.218581199645996
245.0,0.0,1.6304903030395508,125.6136474609375,10.461766242980957,104.92619323730469,10.218581199645996
246.0,0.0,1.6505546569824219,125.58062744140625,10.457948684692383,104.93553924560547,10.218581199645996
247.0,0.0,1.671262264251709,125.54705810546875,10.454010963439941,104.94535064697266,10.218581199645996
248.0,0.0,1.6926181316375732,125.512939453125,10.449947357177734,104.95565032958984,10.218581199645996
249.0,0.0,1.7146453857421875,125.47825622558594,10.445754051208496,104.9664535522461,10.218581199645996
250.0,0.0,1.7373998165130615,125.44296264648438,10.441427230834961,104.9777603149414,10.218581199645996
251.0,0.0,1.7608773708343506,125.40705871582031,10.436960220336914,104.98961639404297,10.218581199645996
252.0,0.0,1.7851072549819946,125.37052917480469,10.43234920501709,105.00202941894531,10.218581199645996
253.0,0.0,1.8101310729980469,125.33333587646484,10.42758846282959,105.01502227783203,10.218581199645996
254.0,0.0,1.8359858989715576,125.29544830322266,10.4226713180542,105.02861785888672,10.218581199645996
255.0,0.0,1.8626768589019775,125.25687408447266,10.417593002319336,105.04283905029297,10.218581199645996
256.0,0.0,1.8902592658996582,125.21755981445312,10.412345886230469,105.0577163696289,10.218581199645996
257.0,0.0,1.9187474250793457,125.17749786376953,10.406923294067383,105.07328796386719,10.218581199645996
258.0,0.0,1.9482169151306152,125.13663482666016,10.40131950378418,105.08954620361328,10.218581199645996
259.0,0.0,1.9786646366119385,125.094970703125,10.395525932312012,105.10655975341797,10.218581199645996
260.0,0.0,2.0101559162139893,125.05245971679688,10.389533996582031,105.12433624267578,10.218581199645996
261.0,0.0,2.0427279472351074,125.00907135009766,10.383337020874023,105.1429214477539,10.218581199645996
262.0,0.0,2.076430082321167,124.96476745605469,10.376925468444824,105.162353515625,10.218581199645996
263.0,0.0,2.1113054752349854,124.91952514648438,10.370290756225586,105.18265533447266,10.218581199645996
264.0,0.0,2.1474087238311768,124.87329864501953,10.363421440124512,105.2038803100586,10.218581199645996
265.0,0.0,2.1847951412200928,124.8260498046875,10.356307983398438,105.22606658935547,10.218581199645996
266.0,0.0,2.2167611122131348,124.78402709960938,10.350226402282715,105.25138092041016,10.218581199645996
267.0,0.0,2.244258403778076,124.7464599609375,10.344995498657227,105.27928161621094,10.218581199645996
268.0,0.0,2.27260684967041,124.70845031738281,10.339603424072266,105.30802917480469,10.218581199645996
269.0,0.0,2.3018224239349365,124.66999053955078,10.334043502807617,105.33768463134766,10.218581199645996
270.0,0.0,2.3319637775421143,124.63104248046875,10.328310012817383,105.3682632446289,10.218581199645996
271.0,0.0,2.3630378246307373,124.59162139892578,10.322397232055664,105.39978790283203,10.218581199645996
272.0,0.0,2.395095109939575,124.55168914794922,10.316299438476562,105.43231964111328,10.218581199645996
273.0,0.0,2.4281654357910156,124.51124572753906,10.31000804901123,105.46585845947266,10.218581199645996
274.0,0.0,2.4577460289001465,124.47464752197266,10.304380416870117,105.50130462646484,10.218581199645996
275.0,0.0,2.4877216815948486,124.43820190429688,10.298675537109375,105.5378189086914,10.218581199645996
276.0,0.0,2.5185439586639404,124.40149688720703,10.29281234741211,105.57533264160156,10.218581199645996
277.0,0.0,2.550218105316162,124.36454772949219,10.286786079406738,105.61389923095703,10.218581199645996
278.0,0.0,2.8121848106384277,124.10365295410156,10.236947059631348,105.62738800048828,10.218581199645996
279.0,0.0,3.055757999420166,123.86051940917969,10.190606117248535,105.65167999267578,10.218581199645996
280.0,0.0,3.103834390640259,123.80876159667969,10.1814603805542,105.6999740600586,10.218581199645996
281.0,0.0,3.1127688884735107,123.796142578125,10.17975902557373,105.75245666503906,10.218581199645996
282.0,0.0,3.122148036956787,123.78399658203125,10.17797565460205,105.8052749633789,10.218581199645996
283.0,0.0,3.1319639682769775,123.7723388671875,10.176108360290527,105.85845947265625,10.218581199645996
284.0,0.0,3.1422119140625,123.76118469238281,10.17415714263916,105.91199493408203,10.218581199645996
285.0,0.0,3.1529147624969482,123.75051879882812,10.17212200164795,105.96589660644531,10.218581199645996
286.0,0.0,3.1640753746032715,123.74034881591797,10.170000076293945,106.0201644897461,10.218581199645996
287.0,0.0,3.181832790374756,123.72466278076172,10.166620254516602,106.07506561279297,10.218581199645996
288.0,0.0,3.2121529579162598,123.69763946533203,10.160852432250977,106.1312484741211,10.218581199645996
289.0,0.0,3.251838445663452,123.66246795654297,10.153301239013672,106.18910217285156,10.218581199645996
290.0,0.0,3.3059589862823486,123.6142578125,10.143006324768066,106.24955749511719,10.218581199645996
291.0,0.0,3.433732271194458,123.4953384399414,10.118695259094238,106.31974029541016,10.218581199645996
292.0,0.0,3.5588274002075195,123.38053131103516,10.094897270202637,106.39383697509766,10.218581199645996
293.0,0.0,3.5685906410217285,123.37935638427734,10.093039512634277,106.45563507080078,10.218581199645996
294.0,0.0,3.5786657333374023,123.37898254394531,10.091123580932617,106.51765441894531,10.218581199645996
295.0,0.0,3.589033365249634,123.37944030761719,10.089150428771973,106.57990264892578,10.218581199645996
296.0,0.0,3.6019160747528076,123.37859344482422,10.086698532104492,106.64277648925781,10.218581199645996
297.0,0.0,3.694897174835205,123.30207061767578,10.069008827209473,106.7226791381836,10.218581199645996
298.0,0.0,3.792818546295166,123.22258758544922,10.050378799438477,106.80657196044922,10.218581199645996
299.0,0.0,3.9309921264648438,123.10669708251953,10.024091720581055,106.90325927734375,10.218581199645996
300.0,0.0,4.133023262023926,122.93265533447266,9.985654830932617,107.02081298828125,10.218581199645996
301.0,0.0,4.236324787139893,122.85465240478516,9.9660005569458,107.11746215820312,10.218581199645996
302.0,0.0,4.287854194641113,122.82737731933594,9.956198692321777,107.2020034790039,10.218581199645996
303.0,0.0,4.333805561065674,122.80705261230469,9.947455406188965,107.2861328125,10.218581199645996
304.0,0.0,4.378192901611328,122.78990173339844,9.939010620117188,107.37084197998047,10.218581199645996
305.0,0.0,4.423880577087402,122.7732925415039,9.930316925048828,107.45699310302734,10.218581199645996
306.0,0.0,4.478466510772705,122.75032806396484,9.919933319091797,107.54732513427734,10.218581199645996
307.0,0.0,4.5639729499816895,122.70121765136719,9.903664588928223,107.65045928955078,10.218581199645996
308.0,0.0,4.652704238891602,122.65157318115234,9.886784553527832,107.75703430175781,10.218581199645996
309.0,0.0,4.768381118774414,122.58030700683594,9.864775657653809,107.87674713134766,10.218581199645996
310.0,0.0,4.915380001068115,122.48417663574219,9.836808204650879,108.01263427734375,10.218581199645996
311.0,0.0,5.130431652069092,122.33165740966797,9.79589557647705,108.18209075927734,10.218581199645996
312.0,0.0,5.308073043823242,122.2164077758789,9.762099266052246,108.34060668945312,10.218581199645996
313.0,0.0,5.429281234741211,122.15412902832031,9.739038467407227,108.47750854492188,10.218581199645996
314.0,0.0,5.528931140899658,122.11370086669922,9.72007942199707,108.60692596435547,10.218581199645996
315.0,0.0,5.581203460693359,122.11653137207031,9.710136413574219,108.71501922607422,10.218581199645996
316.0,0.0,5.623981475830078,122.12966918945312,9.701996803283691,108.8189697265625,10.218581199645996
317.0,0.0,5.667915344238281,122.14405059814453,9.693638801574707,108.92391204833984,10.218581199645996
318.0,0.0,5.742652893066406,122.1353988647461,9.679417610168457,109.04582977294922,10.218581199645996
319.0,0.0,5.860752105712891,122.09443664550781,9.656950950622559,109.19295501708984,10.218581199645996
320.0,0.0,6.0242018699646,122.02088165283203,9.625853538513184,109.36817932128906,10.218581199645996
321.0,0.0,6.198972702026367,121.94308471679688,9.592602729797363,109.55352020263672,10.218581199645996
322.0,0.0,6.346771240234375,121.8913803100586,9.564484596252441,109.72652435302734,10.218581199645996
323.0,0.0,6.497559070587158,121.84195709228516,9.535797119140625,109.90422821044922,10.218581199645996
324.0,0.0,6.671764373779297,121.77947998046875,9.502652168273926,110.09934997558594,10.218581199645996
325.0,0.0,6.823582649230957,121.73908233642578,9.473770141601562,110.28359985351562,10.218581199645996
326.0,0.0,6.92526912689209,121.74056243896484,9.454422950744629,110.43798828125,10.218581199645996
327.0,0.0,7.029080390930176,121.7443618774414,9.434672355651855,110.59503936767578,10.218581199645996
328.0,0.0,7.078311920166016,121.79108428955078,9.425307273864746,110.7165298461914,10.218581199645996
329.0,0.0,7.175651550292969,121.80671691894531,9.406787872314453,110.87079620361328,10.218581199645996
330.0,0.0,7.2916059494018555,121.81336975097656,9.384727478027344,111.03894805908203,10.218581199645996
331.0,0.0,7.411602973937988,121.82164764404297,9.361899375915527,111.21121978759766,10.218581199645996
332.0,0.0,7.590669631958008,121.79512023925781,9.32783031463623,111.42736053466797,10.218581199645996
333.0,0.0,7.813693046569824,121.7459487915039,9.285399436950684,111.67822265625,10.218581199645996
334.0,0.0,7.939706802368164,121.76611328125,9.261425018310547,111.86019134521484,10.218581199645996
335.0,0.0,8.091739654541016,121.77479553222656,9.232499122619629,112.06283569335938,10.218581199645996
336.0,0.0,8.301698684692383,121.75349426269531,9.192556381225586,112.31134033203125,10.218581199645996
337.0,0.0,8.571775436401367,121.70330047607422,9.141173362731934,112.60912322998047,10.218581199645996
338.0,0.0,8.705469131469727,121.74195098876953,9.11573600769043,112.80313110351562,10.218581199645996
339.0,0.0,8.843847274780273,121.78314971923828,9.089409828186035,113.00152587890625,10.218581199645996
340.0,0.0,8.971956253051758,121.83547973632812,9.065038681030273,113.19224548339844,10.218581199645996
341.0,0.0,9.077532768249512,121.90522003173828,9.044952392578125,113.36485290527344,10.218581199645996
342.0,0.0,9.155899047851562,121.99388122558594,9.030043601989746,113.51470947265625,10.218581199645996
343.0,0.0,9.235313415527344,122.08574676513672,9.014933586120605,113.66458892822266,10.218581199645996
344.0,0.0,9.392613410949707,122.14237976074219,8.985007286071777,113.87931823730469,10.218581199645996
345.0,0.0,9.517393112182617,122.22087860107422,8.961267471313477,114.06663513183594,10.218581199645996
346.0,0.0,9.62178897857666,122.31410217285156,8.941405296325684,114.23603820800781,10.218581199645996
347.0,0.0,9.751630783081055,122.4002456665039,8.916704177856445,114.4267578125,10.218581199645996
348.0,0.0,9.899208068847656,122.48387145996094,8.888626098632812,114.63252258300781,10.218581199645996
349.0,0.0,10.073974609375,122.56178283691406,8.855375289916992,114.86196899414062,10.218581199645996
350.0,0.0,10.255001068115234,122.64382934570312,8.82093620300293,115.09687805175781,10.218581199645996
351.0,0.0,10.499147415161133,122.70791625976562,8.77448558807373,115.38834381103516,10.218581199645996
352.0,0.0,10.643590927124023,122.81865692138672,8.747005462646484,115.58997344970703,10.218581199645996
353.0,0.0,10.774279594421387,122.94017028808594,8.72214126586914,115.77802276611328,10.218581199645996
354.0,0.0,10.902576446533203,123.06785583496094,8.697732925415039,115.96253204345703,10.218581199645996
355.0,0.0,10.957916259765625,123.22492980957031,8.687204360961914,116.0781021118164,10.218581199645996
356.0,0.0,10.993256568908691,123.39117431640625,8.68048095703125,116.17262268066406,10.218581199645996
357.0,0.0,11.030111312866211,123.55915832519531,8.673469543457031,116.26583099365234,10.218581199645996
358.0,0.0,11.078060150146484,123.72622680664062,8.664345741271973,116.36671447753906,10.218581199645996
359.0,0.0,11.135220527648926,123.89337921142578,8.653470993041992,116.47360229492188,10.218581199645996
0.0,-5.625,18.36092758178711,122.28118133544922,9.004814147949219,123.64447021484375,10.218581199645996
1.0,-5.625,18.381423950195312,122.58597564697266,9.00284194946289,123.74127960205078,10.218581199645996
2.0,-5.625,18.544937133789062,122.8620376586914,8.987104415893555,123.97183227539062,10.218581199645996
3.0,-5.625,18.543933868408203,123.17739868164062,8.987200736999512,124.03763580322266,10.218581199645996
4.0,-5.625,18.406700134277344,123.51847076416016,9.000409126281738,123.9645767211914,10.218581199645996
5.0,-5.625,18.404930114746094,123.83370208740234,9.000579833984375,124.0181655883789,10.218581199645996
6.0,-5.625,18.363754272460938,124.15555572509766,9.004542350769043,124.0274429321289,10.218581199645996
7.0,-5.625,18.29275894165039,124.48067474365234,9.011375427246094,124.00157165527344,10.218581199645996
8.0,-5.625,18.215478897094727,124.80477905273438,9.018814086914062,123.96366882324219,10.218581199645996
9.0,-5.625,18.16165542602539,125.12460327148438,9.023993492126465,123.9432144165039,10.218581199645996
10.0,-5.625,18.049760818481445,125.44759368896484,9.03476333618164,123.8594741821289,10.218581199645996
11.0,-5.625,17.80620574951172,125.7750473022461,9.058204650878906,123.63916778564453,10.218581199645996
12.0,-5.625,17.6474552154541,126.09075927734375,9.073484420776367,123.4972915649414,10.218581199645996
13.0,-5.625,17.54711151123047,126.39969635009766,9.083141326904297,123.40795135498047,10.218581199645996
14.0,-5.625,17.27200698852539,126.70670318603516,9.109619140625,123.1392593383789,10.218581199645996
15.0,-5.625,17.041748046875,127.00460815429688,9.131780624389648,122.9098892211914,10.218581199645996
16.0,-5.625,16.947343826293945,127.29808807373047,9.14086627960205,122.81060028076172,10.218581199645996
17.0,-5.625,16.852466583251953,127.588134765625,9.14999771118164,122.70579528808594,10.218581199645996
18.0,-5.625,16.637144088745117,127.86727142333984,9.170722007751465,122.47637176513672,10.218581199645996
19.0,-5.625,16.310224533081055,128.1298370361328,9.20218563079834,122.13164520263672,10.218581199645996
20.0,-5.625,16.202438354492188,128.4017333984375,9.212559700012207,121.99998474121094,10.218581199645996
21.0,-5.625,15.765844345092773,128.63217163085938,9.2545804977417,121.53864288330078,10.218581199645996
22.0,-5.625,15.706134796142578,128.8961944580078,9.260326385498047,121.44617462158203,10.218581199645996
23.0,-5.625,15.534436225891113,129.1409912109375,9.276851654052734,121.23902130126953,10.218581199645996
24.0,-5.625,15.014731407165527,129.32180786132812,9.326870918273926,120.68649291992188,10.218581199645996
25.0,-5.625,14.838470458984375,129.54656982421875,9.343835830688477,120.46855163574219,10.218581199645996
26.0,-5.625,14.657987594604492,129.76365661621094,9.3612060546875,120.2431869506836,10.218581199645996
27.0,-5.625,14.533951759338379,129.9858856201172,9.373144149780273,120.06957244873047,10.218581199645996
28.0,-5.625,14.07516098022461,130.12498474121094,9.4173002243042,119.56864166259766,10.218581199645996
29.0,-5.625,13.861974716186523,130.30894470214844,9.43781852722168,119.3039321899414,10.218581199645996
30.0,-5.625,13.726304054260254,130.50534057617188,9.450876235961914,119.1113510131836,10.218581199645996
31.0,-5.625,13.549088478088379,130.68431091308594,9.46793270111084,118.87638092041016,10.218581199645996
32.0,-5.625,13.013830184936523,130.7488250732422,9.519448280334473,118.29940795898438,10.218581199645996
33.0,-5.625,12.88788890838623,130.92393493652344,9.531570434570312,118.11055755615234,10.218581199645996
34.0,-5.625,12.78360366821289,131.1008758544922,9.541606903076172,117.93970489501953,10.218581199645996
35.0,-5.625,12.682491302490234,131.27420043945312,9.551338195800781,117.76937103271484,10.218581199645996
36.0,-5.625,12.431367874145508,131.38807678222656,9.575508117675781,117.45777893066406,10.218581199645996
37.0,-5.625,12.162192344665527,131.48556518554688,9.601414680480957,117.12928771972656,10.218581199645996
38.0,-5.625,11.882149696350098,131.56869506835938,9.628368377685547,116.79105377197266,10.218581199645996
39.0,-5.625,11.678107261657715,131.67286682128906,9.648006439208984,116.52222442626953,10.218581199645996
40.0,-5.625,11.508035659790039,131.78370666503906,9.664374351501465,116.28362274169922,10.218581199645996
41.0,-5.625,11.333149909973145,131.8855743408203,9.681207656860352,116.04013061523438,10.218581199645996
42.0,-5.625,11.182242393493652,131.99148559570312,9.695730209350586,115.81745147705078,10.218581199645996
43.0,-5.625,11.03250503540039,132.0917510986328,9.710143089294434,115.59520721435547,10.218581199645996
44.0,-5.625,10.77137565612793,132.1311798095703,9.735274314880371,115.27604675292969,10.218581199645996
45.0,-5.625,10.535138130187988,132.1737060546875,9.758010864257812,114.97985076904297,10.218581199645996
46.0,-5.625,10.425710678100586,132.27354431152344,9.768543243408203,114.79266357421875,10.218581199645996
47.0,-5.625,10.192030906677246,132.30198669433594,9.791033744812012,114.50049591064453,10.218581199645996
48.0,-5.625,9.924530982971191,132.30331420898438,9.816779136657715,114.18203735351562,10.218581199645996
49.0,-5.625,9.819841384887695,132.38711547851562,9.82685661315918,113.99969482421875,10.218581199645996
50.0,-5.625,9.724475860595703,132.47161865234375,9.836033821105957,113.82451629638672,10.218581199645996
51.0,-5.625,9.602190971374512,132.5357666015625,9.847804069519043,113.62733459472656,10.218581199645996
52.0,-5.625,9.210677146911621,132.43148803710938,9.88548469543457,113.21784973144531,10.218581199645996
53.0,-5.625,9.017001152038574,132.43740844726562,9.904125213623047,112.96846771240234,10.218581199645996
54.0,-5.625,8.923912048339844,132.50010681152344,9.913084983825684,112.79834747314453,10.218581199645996
55.0,-5.625,8.835372924804688,132.5615234375,9.92160701751709,112.63164520263672,10.218581199645996
56.0,-5.625,8.753640174865723,132.62335205078125,9.929471969604492,112.46997833251953,10.218581199645996
57.0,-5.625,8.56303596496582,132.6080322265625,9.947816848754883,112.22836303710938,10.218581199645996
58.0,-5.625,8.304540634155273,132.53953552246094,9.972696304321289,111.94031524658203,10.218581199645996
59.0,-5.625,8.035442352294922,132.4553985595703,9.99859619140625,111.64910125732422,10.218581199645996
60.0,-5.625,7.798447608947754,132.38568115234375,10.021406173706055,111.38510131835938,10.218581199645996
61.0,-5.625,7.682333469390869,132.39584350585938,10.032581329345703,111.20808410644531,10.218581199645996
62.0,-5.625,7.611669063568115,132.43490600585938,10.03938102722168,111.06294250488281,10.218581199645996
63.0,-5.625,7.56777811050415,132.49058532714844,10.043606758117676,110.9356918334961,10.218581199645996
64.0,-5.625,7.493434906005859,132.52047729492188,10.050762176513672,110.78839111328125,10.218581199645996
65.0,-5.625,7.321629524230957,132.47206115722656,10.067296981811523,110.5799331665039,10.218581199645996
66.0,-5.625,7.1462297439575195,132.41534423828125,10.084179878234863,110.3724365234375,10.218581199645996
67.0,-5.625,6.9421234130859375,132.33045959472656,10.1038236618042,110.15098571777344,10.218581199645996
68.0,-5.625,6.8650665283203125,132.34129333496094,10.111239433288574,110.00904083251953,10.218581199645996
69.0,-5.625,6.812162399291992,132.36843872070312,10.116331100463867,109.88196563720703,10.218581199645996
70.0,-5.625,6.761322498321533,132.39453125,10.121224403381348,109.75634765625,10.218581199645996
71.0,-5.625,6.712488174438477,132.4196014404297,10.125924110412598,109.63212585449219,10.218581199645996
72.0,-5.625,6.510990619659424,132.31382751464844,10.145317077636719,109.4266357421875,10.218581199645996
73.0,-5.625,6.200931072235107,132.11045837402344,10.175159454345703,109.16959381103516,10.218581199645996
74.0,-5.625,5.936916351318359,131.9393768310547,10.200570106506348,108.94397735595703,10.218581199645996
75.0,-5.625,5.752486705780029,131.8310546875,10.2183198928833,108.76433563232422,10.218581199645996
76.0,-5.625,5.580265998840332,131.72874450683594,10.234896659851074,108.59520721435547,10.218581199645996
77.0,-5.625,5.419102668762207,131.63186645507812,10.250406265258789,108.43560028076172,10.218581199645996
78.0,-5.625,5.279173374176025,131.54986572265625,10.263874053955078,108.28962707519531,10.218581199645996
79.0,-5.625,5.150738716125488,131.47459411621094,10.276235580444336,108.15221405029297,10.218581199645996
80.0,-5.625,5.029443264007568,131.4024658203125,10.287909507751465,108.0210952758789,10.218581199645996
81.0,-5.625,4.9147748947143555,131.333251953125,10.298945426940918,107.89581298828125,10.218581199645996
82.0,-5.625,4.843456745147705,131.30096435546875,10.30580997467041,107.79006958007812,10.218581199645996
83.0,-5.625,4.764615535736084,131.2593994140625,10.313398361206055,107.6833267211914,10.218581199645996
84.0,-5.625,4.699953079223633,131.2287139892578,10.319620132446289,107.58352661132812,10.218581199645996
85.0,-5.625,4.64117956161499,131.20143127441406,10.325277328491211,107.48729705810547,10.218581199645996
86.0,-5.625,4.584883689880371,131.1744842529297,10.330697059631348,107.39329528808594,10.218581199645996
87.0,-5.625,4.530921936035156,131.14781188964844,10.33588981628418,107.3014144897461,10.218581199645996
88.0,-5.625,4.476635932922363,131.11895751953125,10.341114044189453,107.2108154296875,10.218581199645996
89.0,-5.625,4.412204742431641,131.0785369873047,10.347314834594727,107.11894226074219,10.218581199645996
90.0,-5.625,4.350571632385254,131.03892517089844,10.35324764251709,107.02957153320312,10.218581199645996
91.0,-5.625,4.301921844482422,131.01007080078125,10.357930183410645,106.9449462890625,10.218581199645996
92.0,-5.625,4.259350776672363,130.98545837402344,10.362027168273926,106.86298370361328,10.218581199645996
93.0,-5.625,4.218506336212158,130.96095275878906,10.365958213806152,106.78251647949219,10.218581199645996
94.0,-5.625,4.179306983947754,130.9365234375,10.369730949401855,106.70347595214844,10.218581199645996
95.0,-5.625,4.130363464355469,130.90103149414062,10.374442100524902,106.62396240234375,10.218581199645996
96.0,-5.625,4.037360668182373,130.82064819335938,10.383393287658691,106.53945922851562,10.218581199645996
97.0,-5.625,3.949235677719116,130.74339294433594,10.391874313354492,106.45860290527344,10.218581199645996
98.0,-5.625,3.8656609058380127,130.66905212402344,10.399918556213379,106.38114166259766,10.218581199645996
99.0,-5.625,3.7788939476013184,130.59005737304688,10.408268928527832,106.3061294555664,10.218581199645996
100.0,-5.625,3.6961331367492676,130.51361083984375,10.416234016418457,106.23431396484375,10.218581199645996
101.0,-5.625,3.6176559925079346,130.44007873535156,10.423788070678711,106.16554260253906,10.218581199645996
102.0,-5.625,3.5431454181671143,130.36923217773438,10.430959701538086,106.0995864868164,10.218581199645996
103.0,-5.625,3.4723405838012695,130.30088806152344,10.437774658203125,106.03627014160156,10.218581199645996
104.0,-5.625,3.4050018787384033,130.23487854003906,10.444254875183105,105.97541809082031,10.218581199645996
105.0,-5.625,3.340911865234375,130.17105102539062,10.450423240661621,105.9168701171875,10.218581199645996
106.0,-5.625,3.279873847961426,130.10926818847656,10.456296920776367,105.86045837402344,10.218581199645996
107.0,-5.625,3.204171895980835,130.03196716308594,10.463582992553711,105.8068618774414,10.218581199645996
108.0,-5.625,3.114708185195923,129.9401397705078,10.472193717956543,105.75676727294922,10.218581199645996
109.0,-5.625,3.030583381652832,129.8528594970703,10.480290412902832,105.70941925048828,10.218581199645996
110.0,-5.625,2.951385498046875,129.769775390625,10.487913131713867,105.66458129882812,10.218581199645996
111.0,-5.625,2.8766942024230957,129.69052124023438,10.495101928710938,105.6220474243164,10.218581199645996
112.0,-5.625,2.806166887283325,129.61480712890625,10.5018892288208,105.5816650390625,10.218581199645996
113.0,-5.625,2.7395055294036865,129.54237365722656,10.508305549621582,105.5432357788086,10.218581199645996
114.0,-5.625,2.6803393363952637,129.47682189941406,10.51400089263916,105.50599670410156,10.218581199645996
115.0,-5.625,2.6337926387786865,129.42315673828125,10.51848030090332,105.46861267089844,10.218581199645996
116.0,-5.625,2.579345464706421,129.36129760742188,10.523719787597656,105.43453979492188,10.218581199645996
117.0,-5.625,2.5276505947113037,129.30172729492188,10.528696060180664,105.40189361572266,10.218581199645996
118.0,-5.625,2.4785051345825195,129.2442626953125,10.533426284790039,105.37055969238281,10.218581199645996
119.0,-5.625,2.43176007270813,129.18878173828125,10.537924766540527,105.34046936035156,10.218581199645996
120.0,-5.625,2.3872759342193604,129.13516235351562,10.542205810546875,105.31153106689453,10.218581199645996
121.0,-5.625,2.344911575317383,129.08328247070312,10.546284675598145,105.28367614746094,10.218581199645996
122.0,-5.625,2.3045122623443604,129.0330047607422,10.550171852111816,105.25684356689453,10.218581199645996
123.0,-5.625,2.266003131866455,128.98426818847656,10.553877830505371,105.23096466064453,10.218581199645996
124.0,-5.625,2.2292630672454834,128.9369659423828,10.557415008544922,105.20598602294922,10.218581199645996
125.0,-5.625,2.1962897777557373,128.89295959472656,10.560588836669922,105.18110656738281,10.218581199645996
126.0,-5.625,2.168839693069458,128.85385131835938,10.56322956085205,105.15553283691406,10.218581199645996
127.0,-5.625,2.142592430114746,128.81558227539062,10.565755844116211,105.130615234375,10.218581199645996
128.0,-5.625,2.1174707412719727,128.77809143066406,10.5681734085083,105.1063461303711,10.218581199645996
129.0,-5.625,2.093437910079956,128.74134826660156,10.570487022399902,105.08268737792969,10.218581199645996
130.0,-5.625,2.0704283714294434,128.70529174804688,10.572700500488281,105.05960845947266,10.218581199645996
131.0,-5.625,2.048434257507324,128.669921875,10.57481861114502,105.03707885742188,10.218581199645996
132.0,-5.625,2.02738356590271,128.63516235351562,10.576844215393066,105.01506042480469,10.218581199645996
133.0,-5.625,2.0072431564331055,128.6009979248047,10.578782081604004,104.9935531616211,10.218581199645996
134.0,-5.625,1.9879893064498901,128.56739807128906,10.580636024475098,104.9725112915039,10.218581199645996
135.0,-5.625,1.9695773124694824,128.53433227539062,10.58240795135498,104.95193481445312,10.218581199645996
136.0,-5.625,1.9519779682159424,128.5017547607422,10.584101676940918,104.93177032470703,10.218581199645996
137.0,-5.625,1.935166358947754,128.46966552734375,10.58572006225586,104.91203308105469,10.218581199645996
138.0,-5.625,1.9191133975982666,128.43801879882812,10.587265014648438,104.8926773071289,10.218581199645996
139.0,-5.625,1.9078943729400635,128.41015625,10.58834457397461,104.87137603759766,10.218581199645996
140.0,-5.625,1.9016242027282715,128.38604736328125,10.588948249816895,104.84786224365234,10.218581199645996
141.0,-5.625,1.8958325386047363,128.3619842529297,10.589505195617676,104.8245849609375,10.218581199645996
142.0,-5.625,1.8905322551727295,128.3379669189453,10.59001636505127,104.801513671875,10.218581199645996
143.0,-5.625,1.8801560401916504,128.3096466064453,10.591014862060547,104.78207397460938,10.218581199645996
144.0,-5.625,1.8552353382110596,128.2699432373047,10.593412399291992,104.77249145507812,10.218581199645996
145.0,-5.625,1.8313264846801758,128.2311248779297,10.59571361541748,104.7632827758789,10.218581199645996
146.0,-5.625,1.8083655834197998,128.19313049316406,10.59792423248291,104.75444030761719,10.218581199645996
147.0,-5.625,1.7824122905731201,128.15306091308594,10.600421905517578,104.74857330322266,10.218581199645996
148.0,-5.625,1.7573227882385254,128.11383056640625,10.602836608886719,104.74314880371094,10.218581199645996
149.0,-5.625,1.7332236766815186,128.07550048828125,10.605155944824219,104.7380142211914,10.218581199645996
150.0,-5.625,1.7100770473480225,128.03807067871094,10.607383728027344,104.73319244384766,10.218581199645996
151.0,-5.625,1.68784499168396,128.00146484375,10.60952377319336,104.72863006591797,10.218581199645996
152.0,-5.625,1.666459321975708,127.96563720703125,10.611581802368164,104.72434997558594,10.218581199645996
153.0,-5.625,1.6459178924560547,127.93057250976562,10.613558769226074,104.7203140258789,10.218581199645996
154.0,-5.625,1.6261553764343262,127.89620971679688,10.615460395812988,104.7165298461914,10.218581199645996
155.0,-5.625,1.6071603298187256,127.86254119873047,10.617288589477539,104.71298217773438,10.218581199645996
156.0,-5.625,1.5888915061950684,127.82952117919922,10.619047164916992,104.70966339111328,10.218581199645996
157.0,-5.625,1.5713236331939697,127.79712677001953,10.62073802947998,104.7065658569336,10.218581199645996
158.0,-5.625,1.554429292678833,127.76531982421875,10.622364044189453,104.70367431640625,10.218581199645996
159.0,-5.625,1.538332462310791,127.73416900634766,10.623912811279297,104.70086669921875,10.218581199645996
160.0,-5.625,1.5385267734527588,127.7123794555664,10.623893737792969,104.68539428710938,10.218581199645996
161.0,-5.625,1.539076566696167,127.69051361083984,10.623842239379883,104.67000579833984,10.218581199645996
162.0,-5.625,1.539961576461792,127.6685562133789,10.623756408691406,104.65471649169922,10.218581199645996
163.0,-5.625,1.5411972999572754,127.64649963378906,10.623637199401855,104.6395034790039,10.218581199645996
164.0,-5.625,1.542778730392456,127.62434387207031,10.623485565185547,104.62437438964844,10.218581199645996
165.0,-5.625,1.5447114706039429,127.60205841064453,10.623299598693848,104.60930633544922,10.218581199645996
166.0,-5.625,1.5469954013824463,127.57966613769531,10.623079299926758,104.59431457519531,10.218581199645996
167.0,-5.625,1.5496277809143066,127.55714416503906,10.622825622558594,104.57939147949219,10.218581199645996
168.0,-5.625,1.5526241064071655,127.53447723388672,10.622537612915039,104.56451416015625,10.218581199645996
169.0,-5.625,1.5559805631637573,127.51166534423828,10.622215270996094,104.54969024658203,10.218581199645996
170.0,-5.625,1.559690237045288,127.48868560791016,10.621857643127441,104.53491973876953,10.218581199645996
171.0,-5.625,1.5637731552124023,127.46554565429688,10.621464729309082,104.52018737792969,10.218581199645996
172.0,-5.625,1.5682343244552612,127.44223022460938,10.6210355758667,104.50548553466797,10.218581199645996
173.0,-5.625,1.5730646848678589,127.4187240600586,10.62057113647461,104.4908218383789,10.218581199645996
174.0,-5.625,1.5782700777053833,127.39501190185547,10.62006950378418,104.47618865966797,10.218581199645996
175.0,-5.625,1.5838748216629028,127.37110900878906,10.619529724121094,104.4615707397461,10.218581199645996
176.0,-5.625,1.5898709297180176,127.34697723388672,10.618952751159668,104.44696807861328,10.218581199645996
177.0,-5.625,1.5962615013122559,127.3226089477539,10.618337631225586,104.43238067626953,10.218581199645996
178.0,-5.625,1.603060007095337,127.29800415039062,10.617683410644531,104.41780090332031,10.218581199645996
179.0,-5.625,1.6102802753448486,127.27313995361328,10.616989135742188,104.40321350097656,10.218581199645996
180.0,-5.625,1.6179144382476807,127.24801635742188,10.616252899169922,104.38863372802734,10.218581199645996
181.0,-5.625,1.6252992153167725,127.22245025634766,10.615543365478516,104.37470245361328,10.218581199645996
182.0,-5.625,1.6312239170074463,127.19620513916016,10.614973068237305,104.36260986328125,10.218581199645996
183.0,-5.625,1.6375133991241455,127.16973114013672,10.614367485046387,104.35060119628906,10.218581199645996
184.0,-5.625,1.6428518295288086,127.14276885986328,10.61385440826416,104.3399658203125,10.218581199645996
185.0,-5.625,1.6432626247406006,127.11473083496094,10.613814353942871,104.33462524414062,10.218581199645996
186.0,-5.625,1.6439987421035767,127.08663940429688,10.613743782043457,104.32945251464844,10.218581199645996
187.0,-5.625,1.6450448036193848,127.05848693847656,10.613642692565918,104.324462890625,10.218581199645996
188.0,-5.625,1.6464006900787354,127.03026580810547,10.61351203918457,104.31965637207031,10.218581199645996
189.0,-5.625,1.6480685472488403,127.00198364257812,10.613351821899414,104.31503295898438,10.218581199645996
190.0,-5.625,1.650061845779419,126.9736099243164,10.613160133361816,104.31057739257812,10.218581199645996
191.0,-5.625,1.6523678302764893,126.94515228271484,10.612937927246094,104.30630493164062,10.218581199645996
192.0,-5.625,1.6549880504608154,126.9166030883789,10.612686157226562,104.30221557617188,10.218581199645996
193.0,-5.625,1.6579389572143555,126.887939453125,10.612401962280273,104.29829406738281,10.218581199645996
194.0,-5.625,1.6605722904205322,126.85916900634766,10.61214828491211,104.2951889038086,10.218581199645996
195.0,-5.625,1.6631970405578613,126.83029174804688,10.611894607543945,104.29259490966797,10.218581199645996
196.0,-5.625,1.6662064790725708,126.80132293701172,10.611605644226074,104.29012298583984,10.218581199645996
197.0,-5.625,1.6695888042449951,126.77224731445312,10.61128044128418,104.28778839111328,10.218581199645996
198.0,-5.625,1.6733468770980835,126.74305725097656,10.610918045043945,104.28559112548828,10.218581199645996
199.0,-5.625,1.677500605583191,126.71372985839844,10.610519409179688,104.28351593017578,10.218581199645996
200.0,-5.625,1.6820313930511475,126.68426513671875,10.610082626342773,104.28158569335938,10.218581199645996
201.0,-5.625,1.6869664192199707,126.65465545654297,10.609607696533203,104.27977752685547,10.218581199645996
202.0,-5.625,1.692298173904419,126.62487030029297,10.609094619750977,104.27810668945312,10.218581199645996
203.0,-5.625,1.698032021522522,126.59490966796875,10.608543395996094,104.27657318115234,10.218581199645996
204.0,-5.625,1.7041829824447632,126.56475830078125,10.607951164245605,104.2751693725586,10.218581199645996
205.0,-5.625,1.7157219648361206,126.53351593017578,10.606840133666992,104.26903533935547,10.218581199645996
206.0,-5.625,1.7148288488388062,126.50444030761719,10.606925964355469,104.2756118774414,10.218581199645996
207.0,-5.625,1.7142282724380493,126.47542572021484,10.60698413848877,104.28240966796875,10.218581199645996
208.0,-5.625,1.7139387130737305,126.44648742675781,10.607012748718262,104.2894058227539,10.218581199645996
209.0,-5.625,1.7139370441436768,126.41759490966797,10.607012748718262,104.296630859375,10.218581199645996
210.0,-5.625,1.7142342329025269,126.38876342773438,10.60698413848877,104.30406951904297,10.218581199645996
211.0,-5.625,1.7148346900939941,126.35997772216797,10.606925964355469,104.31172180175781,10.218581199645996
212.0,-5.625,1.7157210111618042,126.33122253417969,10.606840133666992,104.31961059570312,10.218581199645996
213.0,-5.625,1.7169137001037598,126.30250549316406,10.606724739074707,104.32771301269531,10.218581199645996
214.0,-5.625,1.7184114456176758,126.27381134033203,10.60658073425293,104.3360366821289,10.218581199645996
215.0,-5.625,1.7202154397964478,126.2451400756836,10.60640811920166,104.3445816040039,10.218581199645996
216.0,-5.625,1.7223182916641235,126.21647644042969,10.606205940246582,104.35336303710938,10.218581199645996
217.0,-5.625,1.7247192859649658,126.18782806396484,10.605974197387695,104.36238098144531,10.218581199645996
218.0,-5.625,1.7274329662322998,126.1591796875,10.605713844299316,104.37162780761719,10.218581199645996
219.0,-5.625,1.7304444313049316,126.13052368164062,10.605422973632812,104.3811264038086,10.218581199645996
220.0,-5.625,1.7337766885757446,126.10186004638672,10.6051025390625,104.39085388183594,10.218581199645996
221.0,-5.625,1.7400379180908203,126.07201385498047,10.604499816894531,104.39849853515625,10.218581199645996
222.0,-5.625,1.758036494255066,126.03680419921875,10.602767944335938,104.39635467529297,10.218581199645996
223.0,-5.625,1.776746153831482,126.0009536743164,10.600966453552246,104.39434814453125,10.218581199645996
224.0,-5.625,1.7978016138076782,125.96363067626953,10.5989408493042,104.39109802246094,10.218581199645996
225.0,-5.625,1.8229858875274658,125.92385864257812,10.596516609191895,104.38513946533203,10.218581199645996
226.0,-5.625,1.8492405414581299,125.88306427001953,10.593990325927734,104.37918853759766,10.218581199645996
227.0,-5.625,1.876592755317688,125.84117889404297,10.591357231140137,104.37328338623047,10.218581199645996
228.0,-5.625,1.9051039218902588,125.79817199707031,10.58861255645752,104.36740112304688,10.218581199645996
229.0,-5.625,1.9348469972610474,125.75396728515625,10.585750579833984,104.36153411865234,10.218581199645996
230.0,-5.625,1.9658846855163574,125.70848083496094,10.582763671875,104.35569763183594,10.218581199645996
231.0,-5.625,1.9982692003250122,125.66168212890625,10.579646110534668,104.34988403320312,10.218581199645996
232.0,-5.625,2.0320863723754883,125.61346435546875,10.576391220092773,104.34410095214844,10.218581199645996
233.0,-5.625,2.067424774169922,125.5637435913086,10.572990417480469,104.33834075927734,10.218581199645996
234.0,-5.625,2.104363441467285,125.51244354248047,10.569435119628906,104.33260345458984,10.218581199645996
235.0,-5.625,2.142998218536377,125.45945739746094,10.565716743469238,104.32689666748047,10.218581199645996
236.0,-5.625,2.1817896366119385,125.40577697753906,10.561984062194824,104.32243347167969,10.218581199645996
237.0,-5.625,2.2105188369750977,125.35829162597656,10.559218406677246,104.32674407958984,10.218581199645996
238.0,-5.625,2.238072395324707,125.31133270263672,10.55656623840332,104.33306884765625,10.218581199645996
239.0,-5.625,2.266711473464966,125.26338958740234,10.553810119628906,104.33977508544922,10.218581199645996
240.0,-5.625,2.2964720726013184,125.21442413330078,10.550945281982422,104.34688568115234,10.218581199645996
241.0,-5.625,2.327402353286743,125.16438293457031,10.547968864440918,104.35442352294922,10.218581199645996
242.0,-5.625,2.359560012817383,125.11321258544922,10.544873237609863,104.3624038696289,10.218581199645996
243.0,-5.625,2.3930020332336426,125.06085968017578,10.541654586791992,104.37084197998047,10.218581199645996
244.0,-5.625,2.427795886993408,125.00725555419922,10.538307189941406,104.3797607421875,10.218581199645996
245.0,-5.625,2.463982105255127,124.95236206054688,10.534823417663574,104.38919067382812,10.218581199645996
246.0,-5.625,2.5035195350646973,124.8946304321289,10.531018257141113,104.39799499511719,10.218581199645996
247.0,-5.625,2.554673671722412,124.82746124267578,10.526094436645508,104.40131378173828,10.218581199645996
248.0,-5.625,2.618074417114258,124.7500228881836,10.51999282836914,104.3992691040039,10.218581199645996
249.0,-5.625,2.6901001930236816,124.6649169921875,10.513060569763184,104.39449310302734,10.218581199645996
250.0,-5.625,2.766505718231201,124.575439453125,10.505706787109375,104.3897476196289,10.218581199645996
251.0,-5.625,2.8476696014404297,124.48119354248047,10.497896194458008,104.38506317138672,10.218581199645996
252.0,-5.625,2.9340052604675293,124.38176727294922,10.489585876464844,104.38044738769531,10.218581199645996
253.0,-5.625,3.0137510299682617,124.2870864868164,10.481910705566406,104.38224792480469,10.218581199645996
254.0,-5.625,3.048971652984619,124.22992706298828,10.478520393371582,104.40937805175781,10.218581199645996
255.0,-5.625,3.077465534210205,124.17877960205078,10.475777626037598,104.44131469726562,10.218581199645996
256.0,-5.625,3.1050209999084473,124.12877655029297,10.473126411437988,104.47502136230469,10.218581199645996
257.0,-5.625,3.13352108001709,124.07831573486328,10.470383644104004,104.50957489013672,10.218581199645996
258.0,-5.625,3.163007974624634,124.02735900878906,10.467545509338379,104.54501342773438,10.218581199645996
259.0,-5.625,3.1935081481933594,123.97589111328125,10.46461009979248,104.58136749267578,10.218581199645996
260.0,-5.625,3.370891809463501,123.7917709350586,10.447537422180176,104.55854034423828,10.218581199645996
261.0,-5.625,3.594855308532715,123.56349182128906,10.425982475280762,104.52330017089844,10.218581199645996
262.0,-5.625,3.685122013092041,123.45610046386719,10.4172945022583,104.54646301269531,10.218581199645996
263.0,-5.625,3.7807486057281494,123.34357452392578,10.408090591430664,104.57100677490234,10.218581199645996
264.0,-5.625,3.8071975708007812,123.29541015625,10.405545234680176,104.62313842773438,10.218581199645996
265.0,-5.625,3.820712089538574,123.26014709472656,10.404244422912598,104.68081665039062,10.218581199645996
266.0,-5.625,3.8351659774780273,123.22492980957031,10.402853012084961,104.7390365600586,10.218581199645996
267.0,-5.625,3.8505918979644775,123.18973541259766,10.401368141174316,104.79780578613281,10.218581199645996
268.0,-5.625,3.867001533508301,123.15455627441406,10.399789810180664,104.8571548461914,10.218581199645996
269.0,-5.625,3.8812458515167236,123.1224136352539,10.398418426513672,104.91796875,10.218581199645996
270.0,-5.625,3.9946672916412354,122.99568939208984,10.38750171661377,104.95490264892578,10.218581199645996
271.0,-5.625,4.285001754760742,122.6978988647461,10.359559059143066,104.95496368408203,10.218581199645996
272.0,-5.625,4.473621845245361,122.49787902832031,10.341404914855957,104.98699188232422,10.218581199645996
273.0,-5.625,4.572240352630615,122.38556671142578,10.331913948059082,105.04351043701172,10.218581199645996
274.0,-5.625,4.723854064941406,122.22206115722656,10.317320823669434,105.09407806396484,10.218581199645996
275.0,-5.625,5.702343940734863,121.2471694946289,10.223145484924316,105.0147705078125,10.218581199645996
276.0,-5.625,5.693548202514648,121.24039459228516,10.223992347717285,105.1139144897461,10.218581199645996
277.0,-5.625,5.6857476234436035,121.23439025878906,10.224742889404297,105.21287536621094,10.218581199645996
278.0,-5.625,5.6789398193359375,121.2291488647461,10.225399017333984,105.31167602539062,10.218581199645996
279.0,-5.625,5.7276225090026855,121.17066192626953,10.220712661743164,105.40518951416016,10.218581199645996
280.0,-5.625,6.44752836227417,120.44766235351562,10.1514253616333,105.44854736328125,10.218581199645996
281.0,-5.625,6.663040637969971,120.22579956054688,10.130683898925781,105.54733276367188,10.218581199645996
282.0,-5.625,6.814408779144287,120.06929016113281,10.11611557006836,105.65644073486328,10.218581199645996
283.0,-5.625,6.870774745941162,120.00914764404297,10.110690116882324,105.77332305908203,10.218581199645996
284.0,-5.625,6.928623199462891,119.9495620727539,10.105121612548828,105.89219665527344,10.218581199645996
285.0,-5.625,6.987991809844971,119.89054870605469,10.099408149719238,106.01312255859375,10.218581199645996
286.0,-5.625,7.110888481140137,119.77046203613281,10.087579727172852,106.13777160644531,10.218581199645996
287.0,-5.625,7.3185319900512695,119.56837463378906,10.067595481872559,106.27037048339844,10.218581199645996
288.0,-5.625,7.6050639152526855,119.29045104980469,10.040017127990723,106.41492462158203,10.218581199645996
289.0,-5.625,8.095010757446289,118.81360626220703,9.992862701416016,106.58528137207031,10.218581199645996
290.0,-5.625,8.123581886291504,118.79764556884766,9.990113258361816,106.72811126708984,10.218581199645996
291.0,-5.625,8.195326805114746,118.74153900146484,9.983207702636719,106.87657928466797,10.218581199645996
292.0,-5.625,8.381978034973145,118.57479858398438,9.965243339538574,107.04224395751953,10.218581199645996
293.0,-5.625,8.757471084594727,118.22554779052734,9.92910385131836,107.24190521240234,10.218581199645996
294.0,-5.625,8.763345718383789,118.2436752319336,9.92853832244873,107.39312744140625,10.218581199645996
295.0,-5.625,8.769891738891602,118.26380157470703,9.927908897399902,107.54422760009766,10.218581199645996
296.0,-5.625,8.777077674865723,118.28595733642578,9.927216529846191,107.6951904296875,10.218581199645996
297.0,-5.625,8.893348693847656,118.20478057861328,9.91602611541748,107.86942291259766,10.218581199645996
298.0,-5.625,9.217971801757812,117.92549133300781,9.884782791137695,108.09557342529297,10.218581199645996
299.0,-5.625,9.443583488464355,117.74695587158203,9.863068580627441,108.30729675292969,10.218581199645996
300.0,-5.625,9.860249519348145,117.38993835449219,9.822965621948242,108.57682037353516,10.218581199645996
301.0,-5.625,10.305106163024902,117.01277923583984,9.7801513671875,108.86746978759766,10.218581199645996
302.0,-5.625,10.376956939697266,116.99703979492188,9.773235321044922,109.06019592285156,10.218581199645996
303.0,-5.625,10.473633766174316,116.96161651611328,9.763930320739746,109.26219177246094,10.218581199645996
304.0,-5.625,10.899150848388672,116.6218032836914,9.722976684570312,109.57582092285156,10.218581199645996
305.0,-5.625,11.021739959716797,116.5724105834961,9.711177825927734,109.7965087890625,10.218581199645996
306.0,-5.625,11.139551162719727,116.53205871582031,9.69983959197998,110.01825714111328,10.218581199645996
307.0,-5.625,11.244102478027344,116.50855255126953,9.689777374267578,110.23753356933594,10.218581199645996
308.0,-5.625,11.26324462890625,116.56752014160156,9.687934875488281,110.42489624023438,10.218581199645996
309.0,-5.625,11.257904052734375,116.65205383300781,9.688447952270508,110.60138702392578,10.218581199645996
310.0,-5.625,11.364301681518555,116.6392593383789,9.678208351135254,110.82423400878906,10.218581199645996
311.0,-5.625,11.490743637084961,116.61331939697266,9.666038513183594,111.05784606933594,10.218581199645996
312.0,-5.625,11.649084091186523,116.5643081665039,9.650798797607422,111.30851745605469,10.218581199645996
313.0,-5.625,11.867693901062012,116.46826934814453,9.629758834838867,111.5910873413086,10.218581199645996
314.0,-5.625,12.063587188720703,116.39868927001953,9.610905647277832,111.86746215820312,10.218581199645996
315.0,-5.625,12.279468536376953,116.31851196289062,9.590127944946289,112.15806579589844,10.218581199645996
316.0,-5.625,12.378713607788086,116.34429931640625,9.580575942993164,112.39250946044922,10.218581199645996
317.0,-5.625,12.494745254516602,116.36100769042969,9.569408416748047,112.63692474365234,10.218581199645996
318.0,-5.625,12.69242000579834,116.31533813476562,9.550382614135742,112.9275894165039,10.218581199645996
319.0,-5.625,12.873594284057617,116.29019927978516,9.53294563293457,113.2125473022461,10.218581199645996
320.0,-5.625,12.944429397583008,116.36122131347656,9.526127815246582,113.4366455078125,10.218581199645996
321.0,-5.625,13.06148910522461,116.39988708496094,9.514862060546875,113.6878433227539,10.218581199645996
322.0,-5.625,13.316001892089844,116.33567810058594,9.490365982055664,114.02332305908203,10.218581199645996
323.0,-5.625,13.416751861572266,116.39977264404297,9.480669021606445,114.26799774169922,10.218581199645996
324.0,-5.625,13.489974021911621,116.4903564453125,9.473621368408203,114.49542999267578,10.218581199645996
325.0,-5.625,13.566463470458984,116.58324432373047,9.46626091003418,114.72433471679688,10.218581199645996
326.0,-5.625,13.671174049377441,116.65995788574219,9.456181526184082,114.9712142944336,10.218581199645996
327.0,-5.625,13.798748016357422,116.72542572021484,9.443903923034668,115.23345947265625,10.218581199645996
328.0,-5.625,13.941607475280762,116.78593444824219,9.430154800415039,115.5066146850586,10.218581199645996
329.0,-5.625,14.19815444946289,116.77227020263672,9.405463218688965,115.85982513427734,10.218581199645996
330.0,-5.625,14.396749496459961,116.8083267211914,9.386348724365234,116.17520141601562,10.218581199645996
331.0,-5.625,14.547844886779785,116.88489532470703,9.371807098388672,116.4579849243164,10.218581199645996
332.0,-5.625,14.756200790405273,116.92981719970703,9.351753234863281,116.78321075439453,10.218581199645996
333.0,-5.625,14.95168685913086,116.99159240722656,9.332938194274902,117.10043334960938,10.218581199645996
334.0,-5.625,15.078695297241211,117.1056900024414,9.320714950561523,117.36689758300781,10.218581199645996
335.0,-5.625,15.203572273254395,117.22745513916016,9.308695793151855,117.631103515625,10.218581199645996
336.0,-5.625,15.344335556030273,117.34567260742188,9.295148849487305,117.90689849853516,10.218581199645996
337.0,-5.625,15.490549087524414,117.4673080444336,9.281076431274414,118.18639373779297,10.218581199645996
338.0,-5.625,15.600878715515137,117.61705780029297,9.27045726776123,118.4365234375,10.218581199645996
339.0,-5.625,15.653074264526367,117.8062744140625,9.265433311462402,118.63800048828125,10.218581199645996
340.0,-5.625,15.723259925842285,117.98958587646484,9.258678436279297,118.85142517089844,10.218581199645996
341.0,-5.625,15.957776069641113,118.0874252319336,9.236106872558594,119.19876098632812,10.218581199645996
342.0,-5.625,16.28087615966797,118.14739227294922,9.205010414123535,119.62094116210938,10.218581199645996
343.0,-5.625,16.483104705810547,118.28227996826172,9.185546875,119.9423599243164,10.218581199645996
344.0,-5.625,16.63495635986328,118.45118713378906,9.170931816101074,120.21996307373047,10.218581199645996
345.0,-5.625,16.70384979248047,118.66780853271484,9.164300918579102,120.42399597167969,10.218581199645996
346.0,-5.625,16.782865524291992,118.88422393798828,9.156696319580078,120.6336669921875,10.218581199645996
347.0,-5.625,17.022645950317383,119.03166198730469,9.13361930847168,120.98214721679688,10.218581199645996
348.0,-5.625,17.329343795776367,119.15919494628906,9.104100227355957,121.38951873779297,10.218581199645996
349.0,-5.625,17.574626922607422,119.32489013671875,9.080492973327637,121.74174499511719,10.218581199645996
350.0,-5.625,17.849700927734375,119.48828887939453,9.054018020629883,122.11981201171875,10.218581199645996
351.0,-5.625,17.498546600341797,119.91082000732422,9.087815284729004,121.92513275146484,10.218581199645996
352.0,-5.625,17.47989273071289,120.19780731201172,9.08961009979248,122.02657318115234,10.218581199645996
353.0,-5.625,17.742111206054688,120.38392639160156,9.064373016357422,122.38304901123047,10.218581199645996
354.0,-5.625,18.0163516998291,120.57630920410156,9.037979125976562,122.74906158447266,10.218581199645996
355.0,-5.625,18.192426681518555,120.81208801269531,9.021032333374023,123.02116394042969,10.218581199645996
356.0,-5.625,18.17682456970215,121.11589813232422,9.022534370422363,123.10913848876953,10.218581199645996
357.0,-5.625,18.226953506469727,121.40129852294922,9.017708778381348,123.25411987304688,10.218581199645996
358.0,-5.625,18.364742279052734,121.665283203125,9.004447937011719,123.47802734375,10.218581199645996
359.0,-5.625,18.458477020263672,121.9471435546875,8.995426177978516,123.65569305419922,10.218581199645996
0.0,-11.25,26.45055389404297,120.27006530761719,10.737268447875977,131.568115234375,10.218581199645996
1.0,-11.25,26.27137565612793,120.75970458984375,10.737504005432129,131.50466918945312,10.218581199645996
2.0,-11.25,26.124130249023438,121.2382583618164,10.737696647644043,131.4631805419922,10.218581199645996
3.0,-11.25,25.511808395385742,121.8053970336914,10.738500595092773,130.9569091796875,10.218581199645996
4.0,-11.25,25.378448486328125,122.26669311523438,10.738675117492676,130.90989685058594,10.218581199645996
5.0,-11.25,25.115442276000977,122.74596405029297,10.739020347595215,130.72653198242188,10.218581199645996
6.0,-11.25,24.89503288269043,123.21121215820312,10.739309310913086,130.57626342773438,10.218581199645996
7.0,-11.25,24.606204986572266,123.67876434326172,10.7396879196167,130.34951782226562,10.218581199645996
8.0,-11.25,24.18393325805664,124.15215301513672,10.740242004394531,129.98143005371094,10.218581199645996
9.0,-11.25,24.01570701599121,124.58781433105469,10.740462303161621,129.8572998046875,10.218581199645996
10.0,-11.25,23.56422996520996,125.04003143310547,10.741055488586426,129.4429168701172,10.218581199645996
11.0,-11.25,23.403413772583008,125.45986938476562,10.741266250610352,129.31031799316406,10.218581199645996
12.0,-11.25,23.237863540649414,125.87474060058594,10.741483688354492,129.16554260253906,10.218581199645996
13.0,-11.25,22.81952667236328,126.29026794433594,10.742032051086426,128.7607421875,10.218581199645996
14.0,-11.25,22.499670028686523,126.69068908691406,10.742451667785645,128.44711303710938,10.218581199645996
15.0,-11.25,22.253150939941406,127.08077239990234,10.742775917053223,128.19989013671875,10.218581199645996
16.0,-11.25,21.73668098449707,127.45462036132812,10.743453025817871,127.67613220214844,10.218581199645996
17.0,-11.25,21.490190505981445,127.82254028320312,10.743776321411133,127.41596221923828,10.218581199645996
18.0,-11.25,20.939836502075195,128.16246032714844,10.744499206542969,126.84638214111328,10.218581199645996
19.0,-11.25,20.546295166015625,128.49537658691406,10.745015144348145,126.42794799804688,10.218581199645996
20.0,-11.25,20.120210647583008,128.81094360351562,10.745573043823242,125.97199249267578,10.218581199645996
21.0,-11.25,19.789684295654297,129.12208557128906,10.746006965637207,125.60631561279297,10.218581199645996
22.0,-11.25,19.298189163208008,129.3997802734375,10.746652603149414,125.07642364501953,10.218581199645996
23.0,-11.25,18.91543197631836,129.6759490966797,10.747154235839844,124.6504898071289,10.218581199645996
24.0,-11.25,18.586090087890625,129.9469757080078,10.747586250305176,124.27352142333984,10.218581199645996
25.0,-11.25,18.271055221557617,130.20835876464844,10.74799919128418,123.90695190429688,10.218581199645996
26.0,-11.25,17.98601531982422,130.46392822265625,10.748373985290527,123.56632232666016,10.218581199645996
27.0,-11.25,17.561384201049805,130.67819213867188,10.748930931091309,123.08609771728516,10.218581199645996
28.0,-11.25,17.362598419189453,130.92994689941406,10.749191284179688,122.82339477539062,10.218581199645996
29.0,-11.25,17.102529525756836,131.15826416015625,10.749532699584961,122.49787902832031,10.218581199645996
30.0,-11.25,16.533092498779297,131.2932586669922,10.750279426574707,121.87165069580078,10.218581199645996
31.0,-11.25,16.40537452697754,131.53399658203125,10.750447273254395,121.6692123413086,10.218581199645996
32.0,-11.25,16.155298233032227,131.73202514648438,10.750775337219238,121.34663391113281,10.218581199645996
33.0,-11.25,15.805560111999512,131.88844299316406,10.75123405456543,120.92755126953125,10.218581199645996
34.0,-11.25,15.532987594604492,132.05763244628906,10.751591682434082,120.58049774169922,10.218581199645996
35.0,-11.25,15.355378150939941,132.2497100830078,10.751825332641602,120.32106018066406,10.218581199645996
36.0,-11.25,15.140971183776855,132.42079162597656,10.752106666564941,120.02521514892578,10.218581199645996
37.0,-11.25,14.77344799041748,132.52435302734375,10.752588272094727,119.58648681640625,10.218581199645996
38.0,-11.25,14.653579711914062,132.71351623535156,10.752745628356934,119.3754653930664,10.218581199645996
39.0,-11.25,14.450855255126953,132.862548828125,10.753011703491211,119.08670043945312,10.218581199645996
40.0,-11.25,14.147699356079102,132.95993041992188,10.753409385681152,118.70630645751953,10.218581199645996
41.0,-11.25,13.809761047363281,133.0303192138672,10.753852844238281,118.29550170898438,10.218581199645996
42.0,-11.25,13.537290573120117,133.11862182617188,10.754210472106934,117.94422912597656,10.218581199645996
43.0,-11.25,13.350288391113281,133.23748779296875,10.75445556640625,117.66875457763672,10.218581199645996
44.0,-11.25,13.180071830749512,133.3569793701172,10.754678726196289,117.40742492675781,10.218581199645996
45.0,-11.25,12.907134056091309,133.41702270507812,10.755037307739258,117.05712890625,10.218581199645996
46.0,-11.25,12.782354354858398,133.5445098876953,10.755200386047363,116.83448028564453,10.218581199645996
47.0,-11.25,12.657342910766602,133.6661376953125,10.755364418029785,116.610595703125,10.218581199645996
48.0,-11.25,12.377382278442383,133.69622802734375,10.755731582641602,116.25677490234375,10.218581199645996
49.0,-11.25,12.131692886352539,133.73556518554688,10.756053924560547,115.93342590332031,10.218581199645996
50.0,-11.25,11.901237487792969,133.77462768554688,10.756356239318848,115.62428283691406,10.218581199645996
51.0,-11.25,11.804339408874512,133.88465881347656,10.756484031677246,115.42410278320312,10.218581199645996
52.0,-11.25,11.588018417358398,133.91696166992188,10.756767272949219,115.1284408569336,10.218581199645996
53.0,-11.25,11.258581161499023,133.8705596923828,10.75719928741455,114.74618530273438,10.218581199645996
54.0,-11.25,11.099388122558594,133.9215545654297,10.757408142089844,114.49959564208984,10.218581199645996
55.0,-11.25,10.957767486572266,133.97755432128906,10.757594108581543,114.26728057861328,10.218581199645996
56.0,-11.25,10.78964614868164,134.01002502441406,10.75781536102295,114.01583862304688,10.218581199645996
57.0,-11.25,10.706579208374023,134.093505859375,10.75792407989502,113.82843780517578,10.218581199645996
58.0,-11.25,10.611973762512207,134.16468811035156,10.758048057556152,113.63224029541016,10.218581199645996
59.0,-11.25,10.443984985351562,134.17971801757812,10.758268356323242,113.38373565673828,10.218581199645996
60.0,-11.25,10.278597831726074,134.19020080566406,10.758485794067383,113.13890075683594,10.218581199645996
61.0,-11.25,10.113421440124512,134.19454956054688,10.758702278137207,112.89615631103516,10.218581199645996
62.0,-11.25,9.951181411743164,134.19488525390625,10.758914947509766,112.6574478149414,10.218581199645996
63.0,-11.25,9.79044246673584,134.19027709960938,10.759125709533691,112.42188262939453,10.218581199645996
64.0,-11.25,9.61178970336914,134.16607666015625,10.759360313415527,112.17694854736328,10.218581199645996
65.0,-11.25,9.446674346923828,134.1460723876953,10.759576797485352,111.94345092773438,10.218581199645996
66.0,-11.25,9.299576759338379,134.13430786132812,10.759769439697266,111.72377014160156,10.218581199645996
67.0,-11.25,9.19189453125,134.14845275878906,10.75991153717041,111.53028869628906,10.218581199645996
68.0,-11.25,9.089414596557617,134.1622772216797,10.760046005249023,111.34117889404297,10.218581199645996
69.0,-11.25,9.002500534057617,134.18443298339844,10.760159492492676,111.1623306274414,10.218581199645996
70.0,-11.25,8.913508415222168,134.2008819580078,10.760276794433594,110.98319244384766,10.218581199645996
71.0,-11.25,8.828927993774414,134.21702575683594,10.760387420654297,110.80750274658203,10.218581199645996
72.0,-11.25,8.673069953918457,134.1691131591797,10.760591506958008,110.59461212158203,10.218581199645996
73.0,-11.25,8.476861953735352,134.08160400390625,10.760849952697754,110.3638916015625,10.218581199645996
74.0,-11.25,8.288715362548828,133.9952850341797,10.761096000671387,110.14173889160156,10.218581199645996
75.0,-11.25,8.065077781677246,133.87254333496094,10.76138973236084,109.90655517578125,10.218581199645996
76.0,-11.25,7.882645606994629,133.7800750732422,10.761629104614258,109.69656372070312,10.218581199645996
77.0,-11.25,7.7456512451171875,133.72280883789062,10.761808395385742,109.5119400024414,10.218581199645996
78.0,-11.25,7.626022815704346,133.6768035888672,10.76196575164795,109.33819580078125,10.218581199645996
79.0,-11.25,7.512302398681641,133.6322021484375,10.762114524841309,109.16968536376953,10.218581199645996
80.0,-11.25,7.402545928955078,133.58743286132812,10.762258529663086,109.00543212890625,10.218581199645996
81.0,-11.25,7.284303665161133,133.53125,10.76241397857666,108.84034729003906,10.218581199645996
82.0,-11.25,7.168972015380859,133.4740753173828,10.762565612792969,108.67929077148438,10.218581199645996
83.0,-11.25,7.059326171875,133.41864013671875,10.76270866394043,108.52320861816406,10.218581199645996
84.0,-11.25,6.9413042068481445,133.35195922851562,10.762864112854004,108.36697387695312,10.218581199645996
85.0,-11.25,6.768411636352539,133.2301025390625,10.763091087341309,108.19564819335938,10.218581199645996
86.0,-11.25,6.605867862701416,133.11412048339844,10.763303756713867,108.03258514404297,10.218581199645996
87.0,-11.25,6.453232288360596,133.00389099121094,10.763504028320312,107.87724304199219,10.218581199645996
88.0,-11.25,6.295492649078369,132.8852996826172,10.763710975646973,107.72494506835938,10.218581199645996
89.0,-11.25,6.130357265472412,132.7561798095703,10.763927459716797,107.575439453125,10.218581199645996
90.0,-11.25,5.984331130981445,132.64224243164062,10.764119148254395,107.43572998046875,10.218581199645996
91.0,-11.25,5.872041702270508,132.55809020996094,10.764266967773438,107.3083267211914,10.218581199645996
92.0,-11.25,5.773399829864502,132.484619140625,10.764396667480469,107.18724822998047,10.218581199645996
93.0,-11.25,5.694528102874756,132.42807006835938,10.76449966430664,107.07307434082031,10.218581199645996
94.0,-11.25,5.627119541168213,132.38055419921875,10.764588356018066,106.96331024169922,10.218581199645996
95.0,-11.25,5.563878059387207,132.3350372314453,10.764671325683594,106.85623931884766,10.218581199645996
96.0,-11.25,5.503708839416504,132.29052734375,10.764750480651855,106.75151824951172,10.218581199645996
97.0,-11.25,5.446444034576416,132.24693298339844,10.764824867248535,106.64900207519531,10.218581199645996
98.0,-11.25,5.3919677734375,132.20420837402344,10.764896392822266,106.5485610961914,10.218581199645996
99.0,-11.25,5.340188503265381,132.16232299804688,10.764965057373047,106.45008850097656,10.218581199645996
100.0,-11.25,5.290968418121338,132.12120056152344,10.765028953552246,106.35344696044922,10.218581199645996
101.0,-11.25,5.224521160125732,132.06114196777344,10.765116691589355,106.25739288330078,10.218581199645996
102.0,-11.25,5.155020236968994,131.99630737304688,10.765207290649414,106.16341400146484,10.218581199645996
103.0,-11.25,5.088869094848633,131.9331512451172,10.765294075012207,106.07188415527344,10.218581199645996
104.0,-11.25,5.009232521057129,131.8549041748047,10.765398979187012,105.98252868652344,10.218581199645996
105.0,-11.25,4.918842315673828,131.7643585205078,10.765517234802246,105.89606475830078,10.218581199645996
106.0,-11.25,4.8298869132995605,131.6737823486328,10.765634536743164,105.81271362304688,10.218581199645996
107.0,-11.25,4.745493412017822,131.5863800048828,10.765745162963867,105.73231506347656,10.218581199645996
108.0,-11.25,4.665409564971924,131.50196838378906,10.765850067138672,105.65464782714844,10.218581199645996
109.0,-11.25,4.589343547821045,131.42031860351562,10.765949249267578,105.57953643798828,10.218581199645996
110.0,-11.25,4.517068386077881,131.3412628173828,10.766044616699219,105.50682067871094,10.218581199645996
111.0,-11.25,4.451009273529053,131.2672576904297,10.766131401062012,105.43602752685547,10.218581199645996
112.0,-11.25,4.308286190032959,131.11618041992188,10.766318321228027,105.37782287597656,10.218581199645996
113.0,-11.25,4.161396026611328,130.96034240722656,10.766510963439941,105.32535552978516,10.218581199645996
114.0,-11.25,4.02536678314209,130.81472778320312,10.76668930053711,105.2763442993164,10.218581199645996
115.0,-11.25,3.8990776538848877,130.6782684326172,10.766855239868164,105.23041534423828,10.218581199645996
116.0,-11.25,3.7970924377441406,130.5652618408203,10.766988754272461,105.18415832519531,10.218581199645996
117.0,-11.25,3.703181743621826,130.459716796875,10.767112731933594,105.13985443115234,10.218581199645996
118.0,-11.25,3.6148765087127686,130.35923767089844,10.767228126525879,105.09768676757812,10.218581199645996
119.0,-11.25,3.531726598739624,130.26339721679688,10.76733684539795,105.05745697021484,10.218581199645996
120.0,-11.25,3.453346014022827,130.17184448242188,10.767439842224121,105.01903533935547,10.218581199645996
121.0,-11.25,3.379364490509033,130.084228515625,10.767537117004395,104.98226928710938,10.218581199645996
122.0,-11.25,3.317762851715088,130.00816345214844,10.767618179321289,104.94452667236328,10.218581199645996
123.0,-11.25,3.259950637817383,129.9353790283203,10.767693519592285,104.9079360961914,10.218581199645996
124.0,-11.25,3.2061665058135986,129.8660888671875,10.7677640914917,104.8722152709961,10.218581199645996
125.0,-11.25,3.157625198364258,129.80142211914062,10.767827987670898,104.83676147460938,10.218581199645996
126.0,-11.25,3.1114518642425537,129.7386474609375,10.767889022827148,104.8023452758789,10.218581199645996
127.0,-11.25,3.0675246715545654,129.6776580810547,10.767946243286133,104.76891326904297,10.218581199645996
128.0,-11.25,3.025737762451172,129.6183624267578,10.768000602722168,104.73641204833984,10.218581199645996
129.0,-11.25,2.985960006713867,129.5606231689453,10.76805305480957,104.70475769042969,10.218581199645996
130.0,-11.25,2.948108673095703,129.50437927246094,10.768102645874023,104.6739273071289,10.218581199645996
131.0,-11.25,2.9075400829315186,129.44546508789062,10.768156051635742,104.64588928222656,10.218581199645996
132.0,-11.25,2.8676958084106445,129.3870391845703,10.768208503723145,104.61918640136719,10.218581199645996
133.0,-11.25,2.8297791481018066,129.33016967773438,10.768258094787598,104.59318542480469,10.218581199645996
134.0,-11.25,2.79368257522583,129.27476501464844,10.768305778503418,104.56787109375,10.218581199645996
135.0,-11.25,2.759321689605713,129.22073364257812,10.768350601196289,104.54318237304688,10.218581199645996
136.0,-11.25,2.7266149520874023,129.16799926757812,10.768393516540527,104.51908874511719,10.218581199645996
137.0,-11.25,2.695490837097168,129.11648559570312,10.768434524536133,104.49554443359375,10.218581199645996
138.0,-11.25,2.6423726081848145,129.0465545654297,10.76850414276123,104.48554229736328,10.218581199645996
139.0,-11.25,2.57594633102417,128.9660186767578,10.768590927124023,104.48507690429688,10.218581199645996
140.0,-11.25,2.5246012210845947,128.89842224121094,10.768658638000488,104.47819519042969,10.218581199645996
141.0,-11.25,2.5136170387268066,128.86363220214844,10.768672943115234,104.44913482666016,10.218581199645996
142.0,-11.25,2.503493547439575,128.8291473388672,10.768686294555664,104.42032623291016,10.218581199645996
143.0,-11.25,2.4941985607147217,128.794921875,10.768698692321777,104.3917465209961,10.218581199645996
144.0,-11.25,2.4857306480407715,128.7609405517578,10.768709182739258,104.36336517333984,10.218581199645996
145.0,-11.25,2.478067636489868,128.7271728515625,10.768719673156738,104.33516693115234,10.218581199645996
146.0,-11.25,2.471195936203003,128.693603515625,10.768728256225586,104.30714416503906,10.218581199645996
147.0,-11.25,2.457223415374756,128.65440368652344,10.768747329711914,104.28460693359375,10.218581199645996
148.0,-11.25,2.4396424293518066,128.61236572265625,10.768770217895508,104.26541900634766,10.218581199645996
149.0,-11.25,2.4230246543884277,128.57090759277344,10.768792152404785,104.24652099609375,10.218581199645996
150.0,-11.25,2.4073591232299805,128.5299835205078,10.76881217956543,104.22785949707031,10.218581199645996
151.0,-11.25,2.3926215171813965,128.4895782470703,10.768831253051758,104.20943450927734,10.218581199645996
152.0,-11.25,2.37878155708313,128.4496612548828,10.768850326538086,104.19123840332031,10.218581199645996
153.0,-11.25,2.3658082485198975,128.41017150878906,10.768866539001465,104.1732406616211,10.218581199645996
154.0,-11.25,2.353689193725586,128.37110900878906,10.768882751464844,104.15544128417969,10.218581199645996
155.0,-11.25,2.342406988143921,128.33242797851562,10.768898010253906,104.13780975341797,10.218581199645996
156.0,-11.25,2.312378168106079,128.28196716308594,10.768937110900879,104.13568115234375,10.218581199645996
157.0,-11.25,2.275118827819824,128.2274932861328,10.768985748291016,104.14049530029297,10.218581199645996
158.0,-11.25,2.239718198776245,128.1747283935547,10.76903247833252,104.14514923095703,10.218581199645996
159.0,-11.25,2.2110953330993652,128.12648010253906,10.76906967163086,104.14556121826172,10.218581199645996
160.0,-11.25,2.184458017349243,128.0797882080078,10.769104957580566,104.14546966552734,10.218581199645996
161.0,-11.25,2.1590919494628906,128.0341796875,10.76913833618164,104.1453857421875,10.218581199645996
162.0,-11.25,2.1349613666534424,127.98960876464844,10.769169807434082,104.14529418945312,10.218581199645996
163.0,-11.25,2.111989974975586,127.94599914550781,10.769200325012207,104.14521026611328,10.218581199645996
164.0,-11.25,2.090129852294922,127.90331268310547,10.7692289352417,104.1451416015625,10.218581199645996
165.0,-11.25,2.069349527359009,127.86148834228516,10.769255638122559,104.14506530761719,10.218581199645996
166.0,-11.25,2.049586296081543,127.82046508789062,10.769281387329102,104.1449966430664,10.218581199645996
167.0,-11.25,2.0308139324188232,127.78021240234375,10.769306182861328,104.14492797851562,10.218581199645996
168.0,-11.25,2.012983560562134,127.74067687988281,10.769330024719238,104.14486694335938,10.218581199645996
169.0,-11.25,2.0142579078674316,127.7096176147461,10.769328117370605,104.12837219238281,10.218581199645996
170.0,-11.25,2.019691228866577,127.67997741699219,10.76932144165039,104.10862731933594,10.218581199645996
171.0,-11.25,2.025771379470825,127.65016174316406,10.769312858581543,104.0887680053711,10.218581199645996
172.0,-11.25,2.0325052738189697,127.62015533447266,10.769304275512695,104.06878662109375,10.218581199645996
173.0,-11.25,2.0398967266082764,127.58993530273438,10.769294738769531,104.04867553710938,10.218581199645996
174.0,-11.25,2.047978162765503,127.55949401855469,10.76928424835205,104.02840423583984,10.218581199645996
175.0,-11.25,2.056750535964966,127.52879333496094,10.769272804260254,104.00796508789062,10.218581199645996
176.0,-11.25,2.0662190914154053,127.4978256225586,10.76926040649414,103.98735809326172,10.218581199645996
177.0,-11.25,2.076416254043579,127.466552734375,10.769246101379395,103.96654510498047,10.218581199645996
178.0,-11.25,2.0873489379882812,127.43496704101562,10.769231796264648,103.94552612304688,10.218581199645996
179.0,-11.25,2.099045515060425,127.40303039550781,10.769216537475586,103.92427062988281,10.218581199645996
180.0,-11.25,2.1115124225616455,127.3707275390625,10.769200325012207,103.90277862548828,10.218581199645996
181.0,-11.25,2.1247751712799072,127.33802795410156,10.769183158874512,103.88102722167969,10.218581199645996
182.0,-11.25,2.1388611793518066,127.30490112304688,10.7691650390625,103.85899353027344,10.218581199645996
183.0,-11.25,2.152935266494751,127.27114868164062,10.769145965576172,103.8375015258789,10.218581199645996
184.0,-11.25,2.165238618850708,127.2364730834961,10.769129753112793,103.81829833984375,10.218581199645996
185.0,-11.25,2.1783528327941895,127.20138549804688,10.769112586975098,103.79886627197266,10.218581199645996
186.0,-11.25,2.1923000812530518,127.16586303710938,10.769094467163086,103.77919006347656,10.218581199645996
187.0,-11.25,2.2010562419891357,127.12908935546875,10.769083023071289,103.76525115966797,10.218581199645996
188.0,-11.25,2.204829454421997,127.09136962890625,10.769078254699707,103.75688934326172,10.218581199645996
189.0,-11.25,2.20928955078125,127.05351257324219,10.769072532653809,103.74849700927734,10.218581199645996
190.0,-11.25,2.214437246322632,127.01548767089844,10.769065856933594,103.74007415771484,10.218581199645996
191.0,-11.25,2.2202908992767334,126.97727966308594,10.769058227539062,103.73160552978516,10.218581199645996
192.0,-11.25,2.22684645652771,126.93885040283203,10.769049644470215,103.72309875488281,10.218581199645996
193.0,-11.25,2.234123468399048,126.90018463134766,10.76904010772705,103.71453857421875,10.218581199645996
194.0,-11.25,2.244607925415039,126.86127471923828,10.769025802612305,103.70344543457031,10.218581199645996
195.0,-11.25,2.257688522338867,126.82196044921875,10.76900863647461,103.69043731689453,10.218581199645996
196.0,-11.25,2.2716224193573,126.78216552734375,10.768990516662598,103.6772689819336,10.218581199645996
197.0,-11.25,2.286414861679077,126.74187469482422,10.76897144317627,103.66394805908203,10.218581199645996
198.0,-11.25,2.302119016647339,126.70104217529297,10.768950462341309,103.65043640136719,10.218581199645996
199.0,-11.25,2.3187286853790283,126.65962982177734,10.768928527832031,103.63675689697266,10.218581199645996
200.0,-11.25,2.336298942565918,126.61760711669922,10.768905639648438,103.62287139892578,10.218581199645996
201.0,-11.25,2.3548576831817627,126.5749282836914,10.768880844116211,103.60877227783203,10.218581199645996
202.0,-11.25,2.3857719898223877,126.5300521850586,10.768840789794922,103.58321380615234,10.218581199645996
203.0,-11.25,2.4229986667633057,126.48326110839844,10.768792152404785,103.55227661132812,10.218581199645996
204.0,-11.25,2.4621615409851074,126.43496704101562,10.7687406539917,103.52035522460938,10.218581199645996
205.0,-11.25,2.5033791065216064,126.38507843017578,10.768686294555664,103.48738098144531,10.218581199645996
206.0,-11.25,2.5467777252197266,126.3334732055664,10.76862907409668,103.45328521728516,10.218581199645996
207.0,-11.25,2.5925090312957764,126.28003692626953,10.768569946289062,103.41797637939453,10.218581199645996
208.0,-11.25,2.638732433319092,126.22509765625,10.768508911132812,103.38330841064453,10.218581199645996
209.0,-11.25,2.6848316192626953,126.16880798339844,10.768447875976562,103.34992218017578,10.218581199645996
210.0,-11.25,2.7334182262420654,126.1104965209961,10.76838493347168,103.31533813476562,10.218581199645996
211.0,-11.25,2.784640312194824,126.05001831054688,10.768317222595215,103.27948760986328,10.218581199645996
212.0,-11.25,2.8386971950531006,125.98722076416016,10.7682466506958,103.24225616455078,10.218581199645996
213.0,-11.25,2.8614864349365234,125.932861328125,10.768216133117676,103.23605346679688,10.218581199645996
214.0,-11.25,2.8786780834198,125.87989807128906,10.768194198608398,103.2362060546875,10.218581199645996
215.0,-11.25,2.8969638347625732,125.82628631591797,10.768170356750488,103.23635864257812,10.218581199645996
216.0,-11.25,2.916372299194336,125.77197265625,10.768144607543945,103.23651885986328,10.218581199645996
217.0,-11.25,2.9369406700134277,125.71690368652344,10.768117904663086,103.23668670654297,10.218581199645996
218.0,-11.25,2.958681344985962,125.66105651855469,10.768089294433594,103.23687744140625,10.218581199645996
219.0,-11.25,2.9816789627075195,125.60433959960938,10.768058776855469,103.237060546875,10.218581199645996
220.0,-11.25,3.005932569503784,125.54673767089844,10.768027305603027,103.23726654052734,10.218581199645996
221.0,-11.25,3.0391669273376465,125.4847412109375,10.767983436584473,103.23063659667969,10.218581199645996
222.0,-11.25,3.0975160598754883,125.41049194335938,10.76790714263916,103.20309448242188,10.218581199645996
223.0,-11.25,3.1497278213500977,125.33780670166016,10.767838478088379,103.18272399902344,10.218581199645996
224.0,-11.25,3.201324701309204,125.2642822265625,10.767770767211914,103.16460418701172,10.218581199645996
225.0,-11.25,3.2556116580963135,125.18830871582031,10.767699241638184,103.14590454101562,10.218581199645996
226.0,-11.25,3.3128068447113037,125.10968017578125,10.767624855041504,103.12654876708984,10.218581199645996
227.0,-11.25,3.382290840148926,125.02326965332031,10.767533302307129,103.09873962402344,10.218581199645996
228.0,-11.25,3.456637382507324,124.93267059326172,10.767436027526855,103.06906127929688,10.218581199645996
229.0,-11.25,3.5354065895080566,124.83798217773438,10.767332077026367,103.03805541992188,10.218581199645996
230.0,-11.25,3.6397314071655273,124.72676849365234,10.767195701599121,102.98871612548828,10.218581199645996
231.0,-11.25,3.7613332271575928,124.6029281616211,10.767036437988281,102.92853546142578,10.218581199645996
232.0,-11.25,3.8701157569885254,124.48419189453125,10.76689338684082,102.8819580078125,10.218581199645996
233.0,-11.25,3.9866137504577637,124.35836029052734,10.766740798950195,102.83259582519531,10.218581199645996
234.0,-11.25,4.111616134643555,124.22467803955078,10.766576766967773,102.7801742553711,10.218581199645996
235.0,-11.25,4.467045783996582,123.93846130371094,10.76611042022705,102.55655670166016,10.218581199645996
236.0,-11.25,5.00449800491333,123.5228500366211,10.76540470123291,102.20594024658203,10.218581199645996
237.0,-11.25,5.227402687072754,123.30715942382812,10.76511287689209,102.10043334960938,10.218581199645996
238.0,-11.25,5.477535724639893,123.06803894042969,10.76478385925293,101.98165130615234,10.218581199645996
239.0,-11.25,7.01345157623291,121.92084503173828,10.76276969909668,100.95467376708984,10.218581199645996
279.0,-11.25,49.9622802734375,77.1048812866211,10.706421852111816,101.25050354003906,10.218581199645996
280.0,-11.25,48.59425354003906,78.39447784423828,10.708216667175293,102.2241439819336,10.218581199645996
281.0,-11.25,47.913978576660156,79.01594543457031,10.70910930633545,103.110595703125,10.218581199645996
282.0,-11.25,46.72602462768555,80.16062927246094,10.710667610168457,103.99540710449219,10.218581199645996
283.0,-11.25,46.08713150024414,80.7723617553711,10.711505889892578,104.82604217529297,10.218581199645996
284.0,-11.25,45.24195861816406,81.60494995117188,10.712615013122559,105.63612365722656,10.218581199645996
285.0,-11.25,44.71393966674805,82.13438415527344,10.713306427001953,106.42015838623047,10.218581199645996
286.0,-11.25,44.0618782043457,82.8012466430664,10.714163780212402,107.18213653564453,10.218581199645996
287.0,-11.25,43.56839370727539,83.32246398925781,10.714810371398926,107.9281997680664,10.218581199645996
288.0,-11.25,43.076263427734375,83.85480499267578,10.71545696258545,108.65655517578125,10.218581199645996
289.0,-11.25,42.559959411621094,84.42326354980469,10.716133117675781,109.36498260498047,10.218581199645996
290.0,-11.25,42.1584358215332,84.88896179199219,10.716660499572754,110.06562042236328,10.218581199645996
291.0,-11.25,41.795005798339844,85.32823181152344,10.71713638305664,110.75543212890625,10.218581199645996
292.0,-11.25,41.408966064453125,85.80110168457031,10.717643737792969,111.42819213867188,10.218581199645996
293.0,-11.25,41.02659225463867,86.28106689453125,10.718145370483398,112.08648681640625,10.218581199645996
294.0,-11.25,40.73848342895508,86.6784439086914,10.718522071838379,112.74542236328125,10.218581199645996
295.0,-11.25,40.442630767822266,87.093994140625,10.718911170959473,113.39096069335938,10.218581199645996
296.0,-11.25,40.12837600708008,87.53777313232422,10.71932315826416,114.0203628540039,10.218581199645996
297.0,-11.25,39.91585922241211,87.89203643798828,10.719602584838867,114.65877532958984,10.218581199645996
298.0,-11.25,39.670406341552734,88.28855895996094,10.719923973083496,115.2795639038086,10.218581199645996
299.0,-11.25,39.54486083984375,88.57878112792969,10.72008991241455,115.91939544677734,10.218581199645996
300.0,-11.25,39.439945220947266,88.85968017578125,10.720227241516113,116.55750274658203,10.218581199645996
301.0,-11.25,39.28018569946289,89.20372772216797,10.720437049865723,117.17317962646484,10.218581199645996
302.0,-11.25,39.155601501464844,89.52411651611328,10.720600128173828,117.7907485961914,10.218581199645996
303.0,-11.25,39.11109161376953,89.77867126464844,10.720658302307129,118.42609405517578,10.218581199645996
304.0,-11.25,39.04654312133789,90.0628890991211,10.720742225646973,119.0494384765625,10.218581199645996
305.0,-11.25,39.0676383972168,90.27739715576172,10.720715522766113,119.69681549072266,10.218581199645996
306.0,-11.25,39.053375244140625,90.53617858886719,10.720733642578125,120.32766723632812,10.218581199645996
307.0,-11.25,39.118343353271484,90.73269653320312,10.720648765563965,120.98416137695312,10.218581199645996
308.0,-11.25,39.15491485595703,90.96710205078125,10.720600128173828,121.62677001953125,10.218581199645996
309.0,-11.25,39.22114181518555,91.18598175048828,10.720513343811035,122.27812194824219,10.218581199645996
310.0,-11.25,39.40468215942383,91.3108901977539,10.7202730178833,122.977294921875,10.218581199645996
311.0,-11.25,39.588443756103516,91.44920349121094,10.72003173828125,123.67716979980469,10.218581199645996
312.0,-11.25,39.74627685546875,91.62415313720703,10.71982479095459,124.36537170410156,10.218581199645996
313.0,-11.25,39.94368362426758,91.77762603759766,10.719565391540527,125.07176971435547,10.218581199645996
314.0,-11.25,40.21089553833008,91.8843994140625,10.719215393066406,125.81289672851562,10.218581199645996
315.0,-11.25,40.45134735107422,92.02944946289062,10.718899726867676,126.54243469238281,10.218581199645996
316.0,-11.25,40.799827575683594,92.09738159179688,10.718442916870117,127.32955169677734,10.218581199645996
317.0,-11.25,41.1923942565918,92.1451416015625,10.717927932739258,128.144287109375,10.218581199645996
318.0,-11.25,41.629112243652344,92.17407989501953,10.717354774475098,128.98822021484375,10.218581199645996
319.0,-11.25,42.12665557861328,92.17194366455078,10.71670150756836,129.87237548828125,10.218581199645996
320.0,-11.25,42.67952346801758,92.14524841308594,10.71597671508789,130.79574584960938,10.218581199645996
321.0,-11.25,43.244163513183594,92.13091278076172,10.715235710144043,131.73426818847656,10.218581199645996
322.0,-11.25,44.026573181152344,91.96639251708984,10.71420955657959,132.8136444091797,10.218581199645996
323.0,-11.25,44.82514953613281,91.8165054321289,10.71316146850586,133.9165496826172,10.218581199645996
324.0,-11.25,45.69823455810547,91.63728332519531,10.712016105651855,135.08021545410156,10.218581199645996
325.0,-11.25,46.696617126464844,91.39308166503906,10.71070671081543,136.34002685546875,10.218581199645996
326.0,-11.25,48.019012451171875,90.94009399414062,10.708971977233887,137.8321990966797,10.218581199645996
327.0,-11.25,49.646873474121094,90.30386352539062,10.706835746765137,139.5559539794922,10.218581199645996
347.0,-11.25,30.710269927978516,112.71533966064453,10.731679916381836,133.21426391601562,10.218581199645996
348.0,-11.25,29.567970275878906,113.70116424560547,10.733179092407227,132.43350219726562,10.218581199645996
349.0,-11.25,29.322172164916992,114.27081298828125,10.733501434326172,132.43682861328125,10.218581199645996
350.0,-11.25,28.91613006591797,114.9027328491211,10.734033584594727,132.282470703125,10.218581199645996
351.0,-11.25,28.85301399230957,115.38922119140625,10.734116554260254,132.42897033691406,10.218581199645996
352.0,-11.25,28.282482147216797,116.07048797607422,10.734865188598633,132.09738159179688,10.218581199645996
353.0,-11.25,28.086563110351562,116.59996032714844,10.735121726989746,132.09902954101562,10.218581199645996
354.0,-11.25,27.827287673950195,117.14826965332031,10.735462188720703,132.0308380126953,10.218581199645996
355.0,-11.25,27.638790130615234,117.66754913330078,10.735709190368652,132.018310546875,10.218581199645996
356.0,-11.25,27.563199996948242,118.1478042602539,10.735808372497559,132.10279846191406,10.218581199645996
357.0,-11.25,27.28152847290039,118.6897964477539,10.736178398132324,131.98182678222656,10.218581199645996
358.0,-11.25,27.025522232055664,119.21764373779297,10.7365140914917,131.87460327148438,10.218581199645996
359.0,-11.25,26.511011123657227,119.80787658691406,10.737189292907715,131.5077362060547,10.218581199645996
9.0,-16.875,35.4058837890625,123.49178314208984,14.087170600891113,141.0384063720703,10.218581199645996
10.0,-16.875,33.55469512939453,124.2480239868164,13.913837432861328,139.25411987304688,10.218581199645996
11.0,-16.875,32.38740158081055,124.89982604980469,13.80453872680664,138.13433837890625,10.218581199645996
12.0,-16.875,31.56915855407715,125.49681091308594,13.727922439575195,137.34950256347656,10.218581199645996
13.0,-16.875,30.426511764526367,126.07403564453125,13.620931625366211,136.2310028076172,10.218581199645996
14.0,-16.875,29.570297241210938,126.60951232910156,13.540760040283203,135.38743591308594,10.218581199645996
15.0,-16.875,29.143978118896484,127.11932373046875,13.500842094421387,134.962646484375,10.218581199645996
16.0,-16.875,28.29414939880371,127.60292053222656,13.421268463134766,134.107666015625,10.218581199645996
17.0,-16.875,27.71723175048828,128.0688018798828,13.367250442504883,133.51634216308594,10.218581199645996
18.0,-16.875,27.24492835998535,128.52072143554688,13.323025703430176,133.02146911621094,10.218581199645996
19.0,-16.875,26.45819091796875,128.9309539794922,13.249361038208008,132.20729064941406,10.218581199645996
20.0,-16.875,25.756023406982422,129.32144165039062,13.183613777160645,131.47108459472656,10.218581199645996
21.0,-16.875,25.189088821411133,129.70220947265625,13.130529403686523,130.86322021484375,10.218581199645996
22.0,-16.875,24.420623779296875,130.0362091064453,13.058573722839355,130.0511016845703,10.218581199645996
23.0,-16.875,23.730449676513672,130.35433959960938,12.993951797485352,129.31222534179688,10.218581199645996
24.0,-16.875,23.238142013549805,130.68032836914062,12.947855949401855,128.76406860351562,10.218581199645996
25.0,-16.875,22.583202362060547,130.9586639404297,12.886529922485352,128.0526123046875,10.218581199645996
26.0,-16.875,21.923763275146484,131.21246337890625,12.824783325195312,127.33419799804688,10.218581199645996
27.0,-16.875,21.45281219482422,131.4832305908203,12.780685424804688,126.79703521728516,10.218581199645996
28.0,-16.875,20.950220108032227,131.729248046875,12.733627319335938,126.22644805908203,10.218581199645996
29.0,-16.875,20.501144409179688,131.9701690673828,12.691576957702637,125.7053451538086,10.218581199645996
30.0,-16.875,20.03837776184082,132.19076538085938,12.648245811462402,125.16901397705078,10.218581199645996
31.0,-16.875,19.580625534057617,132.39564514160156,12.605385780334473,124.63592529296875,10.218581199645996
32.0,-16.875,19.137327194213867,132.58795166015625,12.56387710571289,124.11538696289062,10.218581199645996
33.0,-16.875,18.822359085083008,132.80442810058594,12.53438663482666,123.71509552001953,10.218581199645996
34.0,-16.875,18.546724319458008,133.02182006835938,12.508577346801758,123.34977722167969,10.218581199645996
35.0,-16.875,18.119892120361328,133.17547607421875,12.468611717224121,122.84140014648438,10.218581199645996
36.0,-16.875,17.78850555419922,133.34820556640625,12.437582015991211,122.42147064208984,10.218581199645996
37.0,-16.875,17.57285499572754,133.5524139404297,12.417390823364258,122.107177734375,10.218581199645996
38.0,-16.875,17.25592041015625,133.70738220214844,12.387713432312012,121.6983871459961,10.218581199645996
39.0,-16.875,16.913484573364258,133.83961486816406,12.355650901794434,121.26610565185547,10.218581199645996
40.0,-16.875,16.672266006469727,134.00234985351562,12.333063125610352,120.92501831054688,10.218581199645996
41.0,-16.875,16.441680908203125,134.16006469726562,12.31147289276123,120.59246063232422,10.218581199645996
42.0,-16.875,16.204181671142578,134.30520629882812,12.28923511505127,120.25291442871094,10.218581199645996
43.0,-16.875,15.809122085571289,134.3657989501953,12.25224494934082,119.7750244140625,10.218581199645996
44.0,-16.875,15.463090896606445,134.4361114501953,12.219844818115234,119.34194946289062,10.218581199645996
45.0,-16.875,15.246383666992188,134.55908203125,12.199552536010742,119.02161407470703,10.218581199645996
46.0,-16.875,15.114469528198242,134.71737670898438,12.187200546264648,118.7730712890625,10.218581199645996
47.0,-16.875,14.892702102661133,134.8212432861328,12.166436195373535,118.4476089477539,10.218581199645996
48.0,-16.875,14.636192321777344,134.89706420898438,12.142417907714844,118.09365844726562,10.218581199645996
49.0,-16.875,14.449540138244629,135.00245666503906,12.124940872192383,117.79821014404297,10.218581199645996
50.0,-16.875,14.146697998046875,135.0327606201172,12.09658432006836,117.4087142944336,10.218581199645996
51.0,-16.875,13.972249984741211,135.1281280517578,12.080249786376953,117.12454223632812,10.218581199645996
52.0,-16.875,13.760957717895508,135.19374084472656,12.060465812683105,116.81149291992188,10.218581199645996
53.0,-16.875,13.48733139038086,135.2123260498047,12.034845352172852,116.45106506347656,10.218581199645996
54.0,-16.875,13.332776069641113,135.29640197753906,12.020373344421387,116.18477630615234,10.218581199645996
55.0,-16.875,13.1534423828125,135.3577117919922,12.003582000732422,115.90005493164062,10.218581199645996
56.0,-16.875,12.923503875732422,135.3782958984375,11.982051849365234,115.57862854003906,10.218581199645996
57.0,-16.875,12.743827819824219,135.4241180419922,11.965229034423828,115.29645538330078,10.218581199645996
58.0,-16.875,12.604129791259766,135.4901580810547,11.9521484375,115.04449462890625,10.218581199645996
59.0,-16.875,12.558216094970703,135.61553955078125,11.947848320007324,114.85965728759766,10.218581199645996
60.0,-16.875,12.443674087524414,135.68833923339844,11.937122344970703,114.62537384033203,10.218581199645996
61.0,-16.875,12.195269584655762,135.65892028808594,11.913864135742188,114.29961395263672,10.218581199645996
62.0,-16.875,11.962746620178223,135.63253784179688,11.89209270477295,113.9882583618164,10.218581199645996
63.0,-16.875,11.799821853637695,135.64996337890625,11.876836776733398,113.72628021240234,10.218581199645996
64.0,-16.875,11.601723670959473,135.63430786132812,11.858287811279297,113.4434585571289,10.218581199645996
65.0,-16.875,11.400609970092773,135.60919189453125,11.839457511901855,113.16168212890625,10.218581199645996
66.0,-16.875,11.28628158569336,135.64462280273438,11.828751564025879,112.93684387207031,10.218581199645996
67.0,-16.875,11.218048095703125,135.71133422851562,11.822361946105957,112.74089813232422,10.218581199645996
68.0,-16.875,11.168333053588867,135.78872680664062,11.817708015441895,112.55572509765625,10.218581199645996
69.0,-16.875,11.071710586547852,135.82432556152344,11.808660507202148,112.34284210205078,10.218581199645996
70.0,-16.875,10.969610214233398,135.8507537841797,11.799099922180176,112.12764739990234,10.218581199645996
71.0,-16.875,10.873241424560547,135.87718200683594,11.790078163146973,111.91665649414062,10.218581199645996
72.0,-16.875,10.679088592529297,135.81687927246094,11.771897315979004,111.65437316894531,10.218581199645996
73.0,-16.875,10.476435661315918,135.7429962158203,11.752923011779785,111.39163970947266,10.218581199645996
74.0,-16.875,10.295905113220215,135.6817169189453,11.736019134521484,111.14441680908203,10.218581199645996
75.0,-16.875,10.14151382446289,135.63722229003906,11.721561431884766,110.913818359375,10.218581199645996
76.0,-16.875,10.008747100830078,135.60633850097656,11.709131240844727,110.69664001464844,10.218581199645996
77.0,-16.875,9.901266098022461,135.59292602539062,11.699066162109375,110.49368286132812,10.218581199645996
78.0,-16.875,9.872751235961914,135.6455078125,11.69639778137207,110.32769012451172,10.218581199645996
79.0,-16.875,9.926531791687012,135.76895141601562,11.701433181762695,110.19645690917969,10.218581199645996
80.0,-16.875,9.907804489135742,135.82476806640625,11.699679374694824,110.03235626220703,10.218581199645996
81.0,-16.875,9.712264060974121,135.71609497070312,11.68136978149414,109.79752349853516,10.218581199645996
82.0,-16.875,9.527616500854492,135.61203002929688,11.664081573486328,109.57190704345703,10.218581199645996
83.0,-16.875,9.406472206115723,135.5616912841797,11.652737617492676,109.37423706054688,10.218581199645996
84.0,-16.875,9.291950225830078,135.51333618164062,11.642014503479004,109.1817398071289,10.218581199645996
85.0,-16.875,9.188602447509766,135.471435546875,11.63233757019043,108.9957046508789,10.218581199645996
86.0,-16.875,9.092403411865234,135.43246459960938,11.623329162597656,108.81436920166016,10.218581199645996
87.0,-16.875,9.001294136047363,135.3946533203125,11.614798545837402,108.63685607910156,10.218581199645996
88.0,-16.875,8.91507625579834,135.3579559326172,11.606725692749023,108.46292877197266,10.218581199645996
89.0,-16.875,8.794454574584961,135.28480529785156,11.595431327819824,108.28197479248047,10.218581199645996
90.0,-16.875,8.663164138793945,135.1976776123047,11.583139419555664,108.1017074584961,10.218581199645996
91.0,-16.875,8.538870811462402,135.1136474609375,11.571500778198242,107.92680358886719,10.218581199645996
92.0,-16.875,8.404221534729004,135.01602172851562,11.558893203735352,107.75328826904297,10.218581199645996
93.0,-16.875,8.243648529052734,134.8896026611328,11.54385757446289,107.57866668701172,10.218581199645996
94.0,-16.875,8.092052459716797,134.76841735839844,11.5296630859375,107.4106216430664,10.218581199645996
95.0,-16.875,7.8633623123168945,134.56814575195312,11.50825023651123,107.2347183227539,10.218581199645996
96.0,-16.875,7.798182010650635,134.52523803710938,11.502147674560547,107.09020233154297,10.218581199645996
97.0,-16.875,7.743020057678223,134.4895477294922,11.496981620788574,106.9488754272461,10.218581199645996
98.0,-16.875,7.635614395141602,134.39959716796875,11.48692512512207,106.80328369140625,10.218581199645996
99.0,-16.875,7.533788681030273,134.3124542236328,11.47739028930664,106.66168212890625,10.218581199645996
100.0,-16.875,7.4615559577941895,134.2520751953125,11.470626831054688,106.52566528320312,10.218581199645996
101.0,-16.875,7.3975324630737305,134.19740295410156,11.464632987976074,106.3924789428711,10.218581199645996
102.0,-16.875,7.266956806182861,134.07415771484375,11.45240592956543,106.25852966308594,10.218581199645996
103.0,-16.875,7.111069202423096,133.92332458496094,11.437809944152832,106.12836456298828,10.218581199645996
104.0,-16.875,6.964735984802246,133.7797088623047,11.424107551574707,106.00365447998047,10.218581199645996
105.0,-16.875,6.827232360839844,133.64273071289062,11.411231994628906,105.88391876220703,10.218581199645996
106.0,-16.875,6.727272033691406,133.5410919189453,11.401872634887695,105.76798248291016,10.218581199645996
107.0,-16.875,6.649595260620117,133.4596710205078,11.394599914550781,105.65459442138672,10.218581199645996
108.0,-16.875,6.576205730438232,133.380615234375,11.387727737426758,105.54371643066406,10.218581199645996
109.0,-16.875,6.503986835479736,133.30088806152344,11.380966186523438,105.43541717529297,10.218581199645996
110.0,-16.875,6.429531574249268,133.21717834472656,11.373994827270508,105.33000183105469,10.218581199645996
111.0,-16.875,6.3591790199279785,133.13583374023438,11.367406845092773,105.22687530517578,10.218581199645996
112.0,-16.875,6.292710781097412,133.0566864013672,11.361184120178223,105.12589263916016,10.218581199645996
113.0,-16.875,6.220757961273193,132.97055053710938,11.354445457458496,105.02825927734375,10.218581199645996
114.0,-16.875,6.137444019317627,132.87176513671875,11.346644401550293,104.93525695800781,10.218581199645996
115.0,-16.875,6.058740615844727,132.77613830566406,11.339274406433105,104.8445816040039,10.218581199645996
116.0,-16.875,5.984398365020752,132.68345642089844,11.332314491271973,104.75605010986328,10.218581199645996
117.0,-16.875,5.914192199707031,132.59353637695312,11.3257417678833,104.6695327758789,10.218581199645996
118.0,-16.875,5.847930908203125,132.50621032714844,11.319537162780762,104.58485412597656,10.218581199645996
119.0,-16.875,5.785272121429443,132.42117309570312,11.31367015838623,104.50193786621094,10.218581199645996
120.0,-16.875,5.705776214599609,132.31883239746094,11.306225776672363,104.42605590820312,10.218581199645996
121.0,-16.875,5.630751132965088,132.21983337402344,11.299201965332031,104.35203552246094,10.218581199645996
122.0,-16.875,5.554338455200195,132.11862182617188,11.292046546936035,104.28141784667969,10.218581199645996
123.0,-16.875,5.464845180511475,132.00425720214844,11.283666610717773,104.21797943115234,10.218581199645996
124.0,-16.875,5.380312442779541,131.8939666748047,11.275751113891602,104.1563720703125,10.218581199645996
125.0,-16.875,5.279029846191406,131.7675018310547,11.266267776489258,104.10391998291016,10.218581199645996
126.0,-16.875,5.159579277038574,131.6239471435547,11.255083084106445,104.06196594238281,10.218581199645996
127.0,-16.875,5.047570705413818,131.4873046875,11.244595527648926,104.0216064453125,10.218581199645996
128.0,-16.875,4.942409515380859,131.35699462890625,11.234749794006348,103.98271942138672,10.218581199645996
129.0,-16.875,4.845700263977051,131.2344207763672,11.225693702697754,103.94427490234375,10.218581199645996
130.0,-16.875,4.7668256759643555,131.1279296875,11.218307495117188,103.90184783935547,10.218581199645996
131.0,-16.875,4.692375659942627,131.02525329589844,11.211337089538574,103.86054229736328,10.218581199645996
132.0,-16.875,4.622084617614746,130.92613220214844,11.204755783081055,103.82027435302734,10.218581199645996
133.0,-16.875,4.555721282958984,130.83033752441406,11.198541641235352,103.78096008300781,10.218581199645996
134.0,-16.875,4.493035316467285,130.73760986328125,11.192671775817871,103.74251556396484,10.218581199645996
135.0,-16.875,4.413088798522949,130.62997436523438,11.185186386108398,103.71537780761719,10.218581199645996
136.0,-16.875,4.257353782653809,130.45828247070312,11.17060375213623,103.73077392578125,10.218581199645996
137.0,-16.875,4.114712715148926,130.29931640625,11.157247543334961,103.74445343017578,10.218581199645996
138.0,-16.875,3.983673334121704,130.15159606933594,11.144978523254395,103.75660705566406,10.218581199645996
139.0,-16.875,3.9088525772094727,130.05148315429688,11.137971878051758,103.7414779663086,10.218581199645996
140.0,-16.875,3.839909076690674,129.95663452148438,11.13151741027832,103.72576904296875,10.218581199645996
141.0,-16.875,3.7775864601135254,129.86752319335938,11.125682830810547,103.70875549316406,10.218581199645996
142.0,-16.875,3.77807879447937,129.828369140625,11.125728607177734,103.65605926513672,10.218581199645996
143.0,-16.875,3.781468391418457,129.79055786132812,11.126046180725098,103.60225677490234,10.218581199645996
144.0,-16.875,3.7877683639526367,129.75401306152344,11.12663459777832,103.54723358154297,10.218581199645996
145.0,-16.875,3.7969970703125,129.71864318847656,11.1274995803833,103.49085998535156,10.218581199645996
146.0,-16.875,3.809209108352661,129.68443298339844,11.128642082214355,103.43304443359375,10.218581199645996
147.0,-16.875,3.8244357109069824,129.65127563476562,11.1300687789917,103.3736343383789,10.218581199645996
148.0,-16.875,3.842776298522949,129.61915588378906,11.13178539276123,103.31248474121094,10.218581199645996
149.0,-16.875,3.86428165435791,129.58799743652344,11.13379955291748,103.24946594238281,10.218581199645996
150.0,-16.875,3.4384021759033203,129.24349975585938,11.09392261505127,103.50464630126953,10.218581199645996
151.0,-16.875,3.403093099594116,129.1763153076172,11.090617179870605,103.48869323730469,10.218581199645996
152.0,-16.875,3.370431423187256,129.111083984375,11.08755874633789,103.47238159179688,10.218581199645996
153.0,-16.875,3.340282440185547,129.04766845703125,11.084734916687012,103.45572662353516,10.218581199645996
154.0,-16.875,3.3125228881835938,128.98590087890625,11.082136154174805,103.43870544433594,10.218581199645996
155.0,-16.875,3.2870686054229736,128.92567443847656,11.079752922058105,103.42130279541016,10.218581199645996
156.0,-16.875,3.285717010498047,128.8804168701172,11.079626083374023,103.38643646240234,10.218581199645996
157.0,-16.875,3.2967529296875,128.8420867919922,11.080659866333008,103.34259796142578,10.218581199645996
158.0,-16.875,3.309448003768921,128.8038330078125,11.08184814453125,103.2979965209961,10.218581199645996
159.0,-16.875,3.3238234519958496,128.7655792236328,11.0831937789917,103.2525634765625,10.218581199645996
160.0,-16.875,3.339913845062256,128.72731018066406,11.084700584411621,103.20626068115234,10.218581199645996
161.0,-16.875,3.3577709197998047,128.68898010253906,11.086372375488281,103.15901184082031,10.218581199645996
162.0,-16.875,3.3719279766082764,128.6475830078125,11.087698936462402,103.11537170410156,10.218581199645996
163.0,-16.875,3.374403476715088,128.5991668701172,11.087929725646973,103.08226013183594,10.218581199645996
164.0,-16.875,3.3782949447631836,128.55084228515625,11.08829402923584,103.04875183105469,10.218581199645996
165.0,-16.875,3.38362455368042,128.50259399414062,11.088793754577637,103.01481628417969,10.218581199645996
166.0,-16.875,3.390413761138916,128.45437622070312,11.089428901672363,102.98040771484375,10.218581199645996
167.0,-16.875,3.3986663818359375,128.4061279296875,11.090202331542969,102.94549560546875,10.218581199645996
168.0,-16.875,3.4084017276763916,128.35780334472656,11.091114044189453,102.91004180908203,10.218581199645996
169.0,-16.875,3.42099928855896,128.30995178222656,11.092293739318848,102.87279510498047,10.218581199645996
170.0,-16.875,3.4398269653320312,128.26380920410156,11.094056129455566,102.83064270019531,10.218581199645996
171.0,-16.875,3.4603240489959717,128.21731567382812,11.095974922180176,102.78765106201172,10.218581199645996
172.0,-16.875,3.4825329780578613,128.17041015625,11.098053932189941,102.74376678466797,10.218581199645996
173.0,-16.875,3.506500482559204,128.12301635742188,11.100298881530762,102.69892883300781,10.218581199645996
174.0,-16.875,3.5322890281677246,128.07508850097656,11.102713584899902,102.653076171875,10.218581199645996
175.0,-16.875,3.559983968734741,128.02658081054688,11.105306625366211,102.60612487792969,10.218581199645996
176.0,-16.875,3.5896449089050293,127.97742462158203,11.108083724975586,102.55801391601562,10.218581199645996
177.0,-16.875,3.6213371753692627,127.92755889892578,11.111051559448242,102.50868225097656,10.218581199645996
178.0,-16.875,3.655160665512085,127.87690734863281,11.114218711853027,102.4580307006836,10.218581199645996
179.0,-16.875,3.691201686859131,127.82540893554688,11.117593765258789,102.4059829711914,10.218581199645996
180.0,-16.875,3.7295825481414795,127.77298736572266,11.121187210083008,102.35242462158203,10.218581199645996
181.0,-16.875,3.761145830154419,127.7174072265625,11.124141693115234,102.30622863769531,10.218581199645996
182.0,-16.875,3.770383596420288,127.65570831298828,11.125007629394531,102.2825927734375,10.218581199645996
183.0,-16.875,3.7813785076141357,127.59378051757812,11.126036643981934,102.25828552246094,10.218581199645996
184.0,-16.875,3.7941336631774902,127.53158569335938,11.127230644226074,102.23330688476562,10.218581199645996
185.0,-16.875,3.8086864948272705,127.46902465820312,11.128593444824219,102.20761108398438,10.218581199645996
186.0,-16.875,3.8250720500946045,127.40605163574219,11.130127906799316,102.18116760253906,10.218581199645996
187.0,-16.875,3.836514949798584,127.34170532226562,11.131199836730957,102.1606674194336,10.218581199645996
188.0,-16.875,3.8200364112854004,127.27368927001953,11.129656791687012,102.16889190673828,10.218581199645996
189.0,-16.875,3.8060224056243896,127.20633697509766,11.12834358215332,102.17588806152344,10.218581199645996
190.0,-16.875,3.8077027797698975,127.14058685302734,11.128500938415527,102.16850280761719,10.218581199645996
191.0,-16.875,3.90032696723938,127.08013916015625,11.137174606323242,102.07188415527344,10.218581199645996
192.0,-16.875,3.9999568462371826,127.01671600341797,11.146503448486328,101.96928405761719,10.218581199645996
193.0,-16.875,4.070766925811768,126.94905090332031,11.153133392333984,101.89643096923828,10.218581199645996
194.0,-16.875,4.139481544494629,126.87887573242188,11.159567832946777,101.82683563232422,10.218581199645996
195.0,-16.875,4.212640762329102,126.80625915527344,11.166418075561523,101.7540512084961,10.218581199645996
196.0,-16.875,4.290565490722656,126.7309799194336,11.173714637756348,101.67782592773438,10.218581199645996
197.0,-16.875,4.373644828796387,126.6528091430664,11.181492805480957,101.59784698486328,10.218581199645996
198.0,-16.875,4.462255477905273,126.57146453857422,11.189789772033691,101.51382446289062,10.218581199645996
199.0,-16.875,4.540472984313965,126.48796081542969,11.197114944458008,101.44165802001953,10.218581199645996
200.0,-16.875,4.621809482574463,126.40155029296875,11.204730033874512,101.36798858642578,10.218581199645996
201.0,-16.875,5.423607349395752,126.23076629638672,11.279805183410645,100.58335876464844,10.218581199645996
202.0,-16.875,5.642333030700684,126.10865020751953,11.300285339355469,100.3790283203125,10.218581199645996
203.0,-16.875,5.884923934936523,125.97571563720703,11.32300090789795,100.15389251708984,10.218581199645996
204.0,-16.875,6.155221939086914,125.83012390136719,11.348309516906738,99.90457153320312,10.218581199645996
205.0,-16.875,6.45796537399292,125.66966247558594,11.376656532287598,99.62689208984375,10.218581199645996
295.0,-16.875,49.58525466918945,78.31135559082031,15.41484260559082,114.9784927368164,10.218581199645996
296.0,-16.875,49.22736358642578,78.82546997070312,15.381332397460938,115.75287628173828,10.218581199645996
297.0,-16.875,48.948421478271484,79.27499389648438,15.35521411895752,116.52914428710938,10.218581199645996
298.0,-16.875,48.702144622802734,79.70529174804688,15.332154273986816,117.30037689208984,10.218581199645996
299.0,-16.875,48.56838607788086,80.03949737548828,15.319631576538086,118.08792114257812,10.218581199645996
300.0,-16.875,48.49398422241211,80.32986450195312,15.312663078308105,118.88310241699219,10.218581199645996
301.0,-16.875,48.410526275634766,80.64234924316406,15.304849624633789,119.6692886352539,10.218581199645996
302.0,-16.875,48.39812469482422,80.900634765625,15.303689002990723,120.46985626220703,10.218581199645996
303.0,-16.875,48.44174575805664,81.1198959350586,15.307771682739258,121.2833023071289,10.218581199645996
304.0,-16.875,48.438743591308594,81.3973159790039,15.307489395141602,122.07798767089844,10.218581199645996
305.0,-16.875,48.58253479003906,81.55168914794922,15.320954322814941,122.9189453125,10.218581199645996
306.0,-16.875,48.69794464111328,81.74788665771484,15.331762313842773,123.74903106689453,10.218581199645996
307.0,-16.875,48.855709075927734,81.92036437988281,15.346532821655273,124.59361267089844,10.218581199645996
308.0,-16.875,49.17890548706055,81.95761108398438,15.376795768737793,125.50334167480469,10.218581199645996
309.0,-16.875,49.463478088378906,82.04800415039062,15.403440475463867,126.40144348144531,10.218581199645996
310.0,-16.875,49.7949104309082,82.11405944824219,15.43447494506836,127.32241821289062,10.218581199645996
18.0,-22.5,44.377628326416016,129.3844451904297,19.100698471069336,149.46307373046875,10.218581199645996
19.0,-22.5,38.64338684082031,129.71739196777344,18.024505615234375,143.79592895507812,10.218581199645996
20.0,-22.5,36.08003616333008,130.1432342529297,17.54341697692871,141.23316955566406,10.218581199645996
21.0,-22.5,34.70246124267578,130.60914611816406,17.28487777709961,139.82542419433594,10.218581199645996
22.0,-22.5,33.22115707397461,131.0139617919922,17.006868362426758,138.3115234375,10.218581199645996
23.0,-22.5,31.74112892150879,131.36732482910156,16.72909927368164,136.7954864501953,10.218581199645996
24.0,-22.5,30.69447135925293,131.7381591796875,16.532665252685547,135.69744873046875,10.218581199645996
25.0,-22.5,29.458127975463867,132.03868103027344,16.300628662109375,134.41287231445312,10.218581199645996
26.0,-22.5,27.860780715942383,132.2261962890625,16.000839233398438,132.77957153320312,10.218581199645996
27.0,-22.5,26.93724250793457,132.4998016357422,15.827512741088867,131.79541015625,10.218581199645996
28.0,-22.5,25.785499572753906,132.6890411376953,15.61135482788086,130.592041015625,10.218581199645996
29.0,-22.5,25.10742950439453,132.95330810546875,15.484097480773926,129.84103393554688,10.218581199645996
30.0,-22.5,24.205230712890625,133.13494873046875,15.31477165222168,128.87620544433594,10.218581199645996
31.0,-22.5,23.614397048950195,133.37088012695312,15.203886032104492,128.2060546875,10.218581199645996
32.0,-22.5,23.183929443359375,133.63233947753906,15.123096466064453,127.6851806640625,10.218581199645996
33.0,-22.5,22.496519088745117,133.79823303222656,14.994083404541016,126.92252349853516,10.218581199645996
34.0,-22.5,21.958431243896484,133.9882049560547,14.893095970153809,126.29928588867188,10.218581199645996
35.0,-22.5,21.478187561035156,134.1783447265625,14.802964210510254,125.72923278808594,10.218581199645996
36.0,-22.5,21.003124237060547,134.3526611328125,14.71380615234375,125.16361999511719,10.218581199645996
37.0,-22.5,20.573890686035156,134.52662658691406,14.633247375488281,124.63971710205078,10.218581199645996
38.0,-22.5,20.15266990661621,134.68777465820312,14.554192543029785,124.12293243408203,10.218581199645996
39.0,-22.5,19.783714294433594,134.8544158935547,14.48495101928711,123.65311431884766,10.218581199645996
40.0,-22.5,19.365087509155273,134.98622131347656,14.406381607055664,123.1390151977539,10.218581199645996
41.0,-22.5,18.99086570739746,135.12191772460938,14.336148262023926,122.6649169921875,10.218581199645996
42.0,-22.5,18.708595275878906,135.2850799560547,14.283172607421875,122.27164459228516,10.218581199645996
43.0,-22.5,18.437223434448242,135.44215393066406,14.2322416305542,121.88726806640625,10.218581199645996
44.0,-22.5,18.082828521728516,135.5484619140625,14.165728569030762,121.43136596679688,10.218581199645996
45.0,-22.5,17.766977310180664,135.66064453125,14.106451034545898,121.0093765258789,10.218581199645996
46.0,-22.5,17.489370346069336,135.7803497314453,14.054349899291992,120.62034606933594,10.218581199645996
47.0,-22.5,17.224578857421875,135.89593505859375,14.004653930664062,120.242431640625,10.218581199645996
48.0,-22.5,17.01133918762207,136.02891540527344,13.964632034301758,119.9073257446289,10.218581199645996
49.0,-22.5,16.830699920654297,136.17105102539062,13.930732727050781,119.59842681884766,10.218581199645996
50.0,-22.5,16.567293167114258,136.25820922851562,13.881294250488281,119.22254943847656,10.218581199645996
51.0,-22.5,16.260787963867188,136.31005859375,13.823770523071289,118.8137435913086,10.218581199645996
52.0,-22.5,15.952407836914062,136.3494415283203,13.76589584350586,118.4057846069336,10.218581199645996
53.0,-22.5,15.688512802124023,136.4046173095703,13.716367721557617,118.03472137451172,10.218581199645996
54.0,-22.5,15.476496696472168,136.4821014404297,13.676576614379883,117.70498657226562,10.218581199645996
55.0,-22.5,15.396080017089844,136.6346893310547,13.66148567199707,117.47481536865234,10.218581199645996
56.0,-22.5,15.301334381103516,136.7729034423828,13.643701553344727,117.23234558105469,10.218581199645996
57.0,-22.5,15.064130783081055,136.8114013671875,13.599185943603516,116.88516235351562,10.218581199645996
58.0,-22.5,14.765853881835938,136.79969787597656,13.543205261230469,116.4964828491211,10.218581199645996
59.0,-22.5,14.589582443237305,136.86126708984375,13.510122299194336,116.19732666015625,10.218581199645996
60.0,-22.5,14.420272827148438,136.9203338623047,13.47834587097168,115.9040756225586,10.218581199645996
61.0,-22.5,14.22732162475586,136.9554443359375,13.442134857177734,115.59589385986328,10.218581199645996
62.0,-22.5,14.016378402709961,136.9699249267578,13.402543067932129,115.27757263183594,10.218581199645996
63.0,-22.5,13.938969612121582,137.07440185546875,13.388015747070312,115.04891967773438,10.218581199645996
64.0,-22.5,13.831805229187012,137.15182495117188,13.367903709411621,114.8004379272461,10.218581199645996
65.0,-22.5,13.644296646118164,137.1629638671875,13.332712173461914,114.50167846679688,10.218581199645996
66.0,-22.5,13.484190940856934,137.18788146972656,13.30266284942627,114.2220687866211,10.218581199645996
67.0,-22.5,13.34585952758789,137.22314453125,13.276700973510742,113.9572982788086,10.218581199645996
68.0,-22.5,13.215469360351562,137.25860595703125,13.25223159790039,113.69850158691406,10.218581199645996
69.0,-22.5,13.113022804260254,137.31053161621094,13.233003616333008,113.45692443847656,10.218581199645996
70.0,-22.5,13.003954887390137,137.35186767578125,13.212533950805664,113.21221923828125,10.218581199645996
71.0,-22.5,12.849864959716797,137.35107421875,13.183612823486328,112.94386291503906,10.218581199645996
72.0,-22.5,12.672524452209473,137.32492065429688,13.150331497192383,112.66545104980469,10.218581199645996
73.0,-22.5,12.50540828704834,137.30084228515625,13.118968963623047,112.3953857421875,10.218581199645996
74.0,-22.5,12.361438751220703,137.29013061523438,13.091949462890625,112.13982391357422,10.218581199645996
75.0,-22.5,12.313779830932617,137.35592651367188,13.083003997802734,111.93343353271484,10.218581199645996
76.0,-22.5,12.241495132446289,137.396484375,13.069436073303223,111.71504211425781,10.218581199645996
77.0,-22.5,12.144973754882812,137.41156005859375,13.05132007598877,111.48600769042969,10.218581199645996
78.0,-22.5,12.043049812316895,137.41712951660156,13.032193183898926,111.25585174560547,10.218581199645996
79.0,-22.5,11.957056045532227,137.43202209472656,13.016053199768066,111.03396606445312,10.218581199645996
80.0,-22.5,11.88754653930664,137.45712280273438,13.003006935119629,110.81995391845703,10.218581199645996
81.0,-22.5,11.767271995544434,137.4323272705078,12.98043441772461,110.58660888671875,10.218581199645996
82.0,-22.5,11.644481658935547,137.40037536621094,12.957387924194336,110.35466766357422,10.218581199645996
83.0,-22.5,11.559856414794922,137.39842224121094,12.941507339477539,110.13911437988281,10.218581199645996
84.0,-22.5,11.506356239318848,137.42079162597656,12.931467056274414,109.93576049804688,10.218581199645996
85.0,-22.5,11.40499496459961,137.39501953125,12.91244125366211,109.71710205078125,10.218581199645996
86.0,-22.5,11.304190635681152,137.36538696289062,12.893526077270508,109.500732421875,10.218581199645996
87.0,-22.5,11.23067569732666,137.3569793701172,12.879728317260742,109.2947006225586,10.218581199645996
88.0,-22.5,11.176257133483887,137.36257934570312,12.869514465332031,109.09542083740234,10.218581199645996
89.0,-22.5,11.088505744934082,137.33291625976562,12.853044509887695,108.88813018798828,10.218581199645996
90.0,-22.5,10.949426651000977,137.25047302246094,12.826943397521973,108.67007446289062,10.218581199645996
91.0,-22.5,10.82070541381836,137.1735382080078,12.802783966064453,108.45821380615234,10.218581199645996
92.0,-22.5,10.84785270690918,137.24179077148438,12.807881355285645,108.28343200683594,10.218581199645996
93.0,-22.5,10.89172077178955,137.3231658935547,12.816112518310547,108.1103515625,10.218581199645996
94.0,-22.5,10.824039459228516,137.29397583007812,12.803410530090332,107.91487121582031,10.218581199645996
95.0,-22.5,10.692451477050781,137.1992950439453,12.77871322631836,107.71053314208984,10.218581199645996
96.0,-22.5,10.547998428344727,137.0882110595703,12.751603126525879,107.5082015991211,10.218581199645996
97.0,-22.5,10.372909545898438,136.9434356689453,12.718744277954102,107.30628967285156,10.218581199645996
98.0,-22.5,10.268684387207031,136.86392211914062,12.699182510375977,107.11798095703125,10.218581199645996
99.0,-22.5,10.21255874633789,136.8279571533203,12.688650131225586,106.93751525878906,10.218581199645996
100.0,-22.5,10.17885971069336,136.8107147216797,12.682324409484863,106.76046752929688,10.218581199645996
101.0,-22.5,10.123602867126465,136.7692108154297,12.671954154968262,106.58296966552734,10.218581199645996
102.0,-22.5,10.018656730651855,136.67581176757812,12.652257919311523,106.40489196777344,10.218581199645996
103.0,-22.5,9.920038223266602,136.58546447753906,12.633749008178711,106.23045349121094,10.218581199645996
104.0,-22.5,9.811585426330566,136.48239135742188,12.613394737243652,106.0592041015625,10.218581199645996
105.0,-22.5,9.672887802124023,136.3466339111328,12.58736515045166,105.89181518554688,10.218581199645996
106.0,-22.5,9.550829887390137,136.22434997558594,12.564455032348633,105.72880554199219,10.218581199645996
107.0,-22.5,9.442964553833008,136.1132354736328,12.54421329498291,105.56948852539062,10.218581199645996
108.0,-22.5,9.312334060668945,135.9771270751953,12.519697189331055,105.41527557373047,10.218581199645996
109.0,-22.5,9.20728874206543,135.86355590820312,12.499980926513672,105.26380157470703,10.218581199645996
110.0,-22.5,9.127350807189941,135.77206420898438,12.484978675842285,105.11383056640625,10.218581199645996
111.0,-22.5,9.0526704788208,135.68324279785156,12.470961570739746,104.96627044677734,10.218581199645996
112.0,-22.5,8.99608039855957,135.60963439941406,12.460341453552246,104.81929016113281,10.218581199645996
113.0,-22.5,8.961358070373535,135.5548553466797,12.453825950622559,104.67145538330078,10.218581199645996
114.0,-22.5,8.930753707885742,135.5015869140625,12.448081970214844,104.52452850341797,10.218581199645996
115.0,-22.5,8.90877914428711,135.45419311523438,12.443957328796387,104.37755584716797,10.218581199645996
116.0,-22.5,8.888389587402344,135.4058380126953,12.440129280090332,104.23149871826172,10.218581199645996
117.0,-22.5,8.818907737731934,135.3079071044922,12.427091598510742,104.09695434570312,10.218581199645996
118.0,-22.5,8.68348217010498,135.14488220214844,12.401673316955566,103.98023986816406,10.218581199645996
119.0,-22.5,8.557718276977539,134.98959350585938,12.378069877624512,103.86628723144531,10.218581199645996
120.0,-22.5,8.440997123718262,134.84146118164062,12.35616397857666,103.75480651855469,10.218581199645996
121.0,-22.5,8.369219779968262,134.73431396484375,12.342693328857422,103.63543701171875,10.218581199645996
122.0,-22.5,8.32059383392334,134.64715576171875,12.333568572998047,103.51233673095703,10.218581199645996
123.0,-22.5,8.279226303100586,134.5648956298828,12.32580280303955,103.38935089111328,10.218581199645996
124.0,-22.5,8.244894981384277,134.48724365234375,12.319361686706543,103.26618194580078,10.218581199645996
125.0,-22.5,8.21746826171875,134.4140167236328,12.314212799072266,103.14259338378906,10.218581199645996
126.0,-22.5,8.17023754119873,134.32069396972656,12.305349349975586,103.02782440185547,10.218581199645996
127.0,-22.5,8.125375747680664,134.2278289794922,12.296930313110352,102.91455078125,10.218581199645996
128.0,-22.5,7.997351169586182,134.0583038330078,12.27290153503418,102.83599853515625,10.218581199645996
129.0,-22.5,7.799385070800781,133.8257293701172,12.235746383666992,102.79074096679688,10.218581199645996
130.0,-22.5,7.676758289337158,133.66070556640625,12.212735176086426,102.72095489501953,10.218581199645996
131.0,-22.5,7.626959800720215,133.55950927734375,12.203389167785645,102.62420654296875,10.218581199645996
132.0,-22.5,7.620199203491211,133.4945831298828,12.202117919921875,102.5105972290039,10.218581199645996
133.0,-22.5,7.596477031707764,133.41307067871094,12.197668075561523,102.40614318847656,10.218581199645996
134.0,-22.5,7.576919078826904,133.33351135253906,12.19399642944336,102.30148315429688,10.218581199645996
135.0,-22.5,7.5681328773498535,133.2614288330078,12.19234561920166,102.19316101074219,10.218581199645996
136.0,-22.5,7.5995869636535645,133.2213134765625,12.198249816894531,102.06570434570312,10.218581199645996
137.0,-22.5,7.6330156326293945,133.18032836914062,12.204523086547852,101.93746185302734,10.218581199645996
138.0,-22.5,7.638524532318115,133.1138916015625,12.205556869506836,101.82454681396484,10.218581199645996
139.0,-22.5,7.650677680969238,133.0508270263672,12.20783805847168,101.70904541015625,10.218581199645996
140.0,-22.5,7.334638595581055,132.72267150878906,12.14852523803711,101.78094482421875,10.218581199645996
141.0,-22.5,7.224664211273193,132.56204223632812,12.127884864807129,101.74302673339844,10.218581199645996
142.0,-22.5,7.126883506774902,132.4114227294922,12.109533309936523,101.70215606689453,10.218581199645996
143.0,-22.5,7.068864822387695,132.29177856445312,12.098644256591797,101.64102172851562,10.218581199645996
144.0,-22.5,7.016891002655029,132.17630004882812,12.088890075683594,101.57899475097656,10.218581199645996
145.0,-22.5,6.970734596252441,132.06468200683594,12.080227851867676,101.51597595214844,10.218581199645996
146.0,-22.5,6.930188179016113,131.95663452148438,12.072619438171387,101.45187377929688,10.218581199645996
147.0,-22.5,6.871831893920898,131.83502197265625,12.061667442321777,101.40196990966797,10.218581199645996
148.0,-22.5,6.933084964752197,131.79867553710938,12.073163986206055,101.2742919921875,10.218581199645996
149.0,-22.5,6.993188858032227,131.75857543945312,12.084443092346191,101.14730072021484,10.218581199645996
150.0,-22.5,7.059057235717773,131.7195281982422,12.096803665161133,101.01628112792969,10.218581199645996
151.0,-22.5,7.130947589874268,131.68145751953125,12.110296249389648,100.8808822631836,10.218581199645996
152.0,-22.5,7.1921844482421875,131.633056640625,12.121789932250977,100.75303649902344,10.218581199645996
153.0,-22.5,7.21591854095459,131.55715942382812,12.126243591308594,100.65286254882812,10.218581199645996
154.0,-22.5,7.243879318237305,131.48191833496094,12.131490707397461,100.55060577392578,10.218581199645996
155.0,-22.5,7.2761640548706055,131.40725708007812,12.137550354003906,100.44610595703125,10.218581199645996
156.0,-22.5,7.312875270843506,131.33306884765625,12.144440650939941,100.33917999267578,10.218581199645996
157.0,-22.5,7.354136943817139,131.25926208496094,12.152183532714844,100.2296371459961,10.218581199645996
158.0,-22.5,7.389904975891113,131.1797637939453,12.15889835357666,100.12529754638672,10.218581199645996
159.0,-22.5,7.4233903884887695,131.09666442871094,12.165180206298828,100.0238265991211,10.218581199645996
160.0,-22.5,7.460853576660156,131.0135498046875,12.172213554382324,99.92027282714844,10.218581199645996
161.0,-22.5,7.502547264099121,130.930419921875,12.180037498474121,99.81436920166016,10.218581199645996
162.0,-22.5,7.548555374145508,130.84713745117188,12.188672065734863,99.70597076416016,10.218581199645996
163.0,-22.5,7.6216230392456055,130.77525329589844,12.202384948730469,99.57599639892578,10.218581199645996
164.0,-22.5,7.860777854919434,130.7832489013672,12.247268676757812,99.30632781982422,10.218581199645996
165.0,-22.5,8.078343391418457,130.77249145507812,12.288101196289062,99.05292510986328,10.218581199645996
166.0,-22.5,8.293410301208496,130.75286865234375,12.328466415405273,98.80007934570312,10.218581199645996
167.0,-22.5,8.531996726989746,130.736328125,12.373242378234863,98.52542114257812,10.218581199645996
168.0,-22.5,8.745796203613281,130.70040893554688,12.413370132446289,98.2709732055664,10.218581199645996
169.0,-22.5,8.892292976379395,130.62815856933594,12.440864562988281,98.0751724243164,10.218581199645996
170.0,-22.5,9.042224884033203,130.5516357421875,12.469001770019531,97.87652587890625,10.218581199645996
171.0,-22.5,9.340085983276367,130.52761840820312,12.52490520477295,97.54510498046875,10.218581199645996
