angle,vert_angle,dist,x,y,z,height
0.0,22.5,7.57866907119751,15.140759468078613,8.002197265625,145.7923583984375,7.991835117340088
1.0,22.5,7.578670024871826,15.183676719665527,8.002197265625,145.6685791015625,7.991835117340088
2.0,22.5,7.578664302825928,15.22442626953125,8.002197265625,145.54405212402344,7.991835117340088
3.0,22.5,7.578666687011719,15.2629976272583,8.002197265625,145.41885375976562,7.991835117340088
4.0,22.5,7.578667640686035,15.29937744140625,8.002197265625,145.29299926757812,7.991835117340088
5.0,22.5,7.578664779663086,15.3335542678833,8.002197265625,145.16651916503906,7.991835117340088
6.0,22.5,7.578667163848877,15.365520477294922,8.002197265625,145.0394744873047,7.991835117340088
7.0,22.5,7.5786662101745605,15.395263671875,8.002197265625,144.91188049316406,7.991835117340088
8.0,22.5,7.578667163848877,15.422775268554688,8.002197265625,144.78379821777344,7.991835117340088
9.0,22.5,7.578665733337402,15.448047637939453,8.002197265625,144.65524291992188,7.991835117340088
10.0,22.5,7.578667640686035,15.471073150634766,8.002197265625,144.52627563476562,7.991835117340088
11.0,22.5,7.578665256500244,15.491843223571777,8.002197265625,144.39691162109375,7.991835117340088
12.0,22.5,7.578667163848877,15.510353088378906,8.002197265625,144.26722717285156,7.991835117340088
13.0,22.5,7.578666687011719,15.526597023010254,8.002197265625,144.13722229003906,7.991835117340088
14.0,22.5,7.578666687011719,15.540569305419922,8.002197265625,144.0069580078125,7.991835117340088
15.0,22.5,7.578663349151611,15.552263259887695,8.002197265625,143.87646484375,7.991835117340088
16.0,22.5,7.578667163848877,15.561683654785156,8.002197265625,143.7458038330078,7.991835117340088
17.0,22.5,7.578668117523193,15.568819999694824,8.002197265625,143.614990234375,7.991835117340088
18.0,22.5,7.578666687011719,15.573670387268066,8.002197265625,143.48406982421875,7.991835117340088
19.0,22.5,7.5786662101745605,15.5762357711792,8.002197265625,143.3530731201172,7.991835117340088
20.0,22.5,7.562230587005615,15.560236930847168,8.004461288452148,143.22216796875,7.991835117340088
21.0,22.5,7.538488864898682,15.534725189208984,8.007730484008789,143.09202575683594,7.991835117340088
22.0,22.5,7.511028289794922,15.503279685974121,8.011512756347656,142.96290588378906,7.991835117340088
23.0,22.5,7.3981733322143555,15.385175704956055,8.027055740356445,142.83982849121094,7.991835117340088
24.0,22.5,7.289151191711426,15.268858909606934,8.042071342468262,142.72047424316406,7.991835117340088
25.0,22.5,7.19551420211792,15.165807723999023,8.054967880249023,142.60360717773438,7.991835117340088
26.0,22.5,7.109864711761475,15.068761825561523,8.066764831542969,142.4893035888672,7.991835117340088
27.0,22.5,7.024973392486572,14.970656394958496,8.07845687866211,142.37806701660156,7.991835117340088
28.0,22.5,6.901449680328369,14.832971572875977,8.09546947479248,142.27560424804688,7.991835117340088
29.0,22.5,6.7830352783203125,14.698843002319336,8.111778259277344,142.17684936523438,7.991835117340088
30.0,22.5,6.586747169494629,14.487491607666016,8.138813018798828,142.0963592529297,7.991835117340088
31.0,22.5,6.376176357269287,14.261537551879883,8.167814254760742,142.0256805419922,7.991835117340088
32.0,22.5,6.225228309631348,14.092815399169922,8.188604354858398,141.94985961914062,7.991835117340088
33.0,22.5,6.0969038009643555,13.945178985595703,8.206277847290039,141.87435913085938,7.991835117340088
34.0,22.5,5.977880001068115,13.805702209472656,8.222671508789062,141.8013153076172,7.991835117340088
35.0,22.5,5.800607681274414,13.609872817993164,8.247086524963379,141.7480010986328,7.991835117340088
36.0,22.5,5.634738922119141,13.424817085266113,8.26993179321289,141.6978759765625,7.991835117340088
37.0,22.5,5.492718696594238,13.26229190826416,8.289491653442383,141.6466827392578,7.991835117340088
38.0,22.5,5.361683368682861,13.109978675842285,8.307538986206055,141.5972442626953,7.991835117340088
39.0,22.5,5.2378764152526855,12.96430492401123,8.324590682983398,141.5502166748047,7.991835117340088
40.0,22.5,5.140892028808594,12.84347152709961,8.337947845458984,141.49851989746094,7.991835117340088
41.0,22.5,5.070064067840576,12.74647331237793,8.347702980041504,141.44105529785156,7.991835117340088
42.0,22.5,5.002381801605225,12.651823043823242,8.357025146484375,141.38523864746094,7.991835117340088
43.0,22.5,4.937680244445801,12.559386253356934,8.365936279296875,141.3310089111328,7.991835117340088
44.0,22.5,4.875838279724121,12.469038963317871,8.374454498291016,141.27822875976562,7.991835117340088
45.0,22.5,4.816701889038086,12.380661010742188,8.382598876953125,141.22686767578125,7.991835117340088
46.0,22.5,4.742018699645996,12.278048515319824,8.392885208129883,141.184814453125,7.991835117340088
47.0,22.5,4.632781505584717,12.144912719726562,8.407929420471191,141.1614532470703,7.991835117340088
48.0,22.5,4.529528617858887,12.017485618591309,8.422150611877441,141.13926696777344,7.991835117340088
49.0,22.5,4.431822299957275,11.895340919494629,8.435606956481934,141.11817932128906,7.991835117340088
50.0,22.5,4.339277744293213,11.778096199035645,8.44835376739502,141.0980987548828,7.991835117340088
51.0,22.5,4.268709182739258,11.679925918579102,8.458072662353516,141.0701141357422,7.991835117340088
52.0,22.5,4.219764709472656,11.600017547607422,8.464813232421875,141.03341674804688,7.991835117340088
53.0,22.5,4.1730122566223145,11.521753311157227,8.47125244140625,140.9976348876953,7.991835117340088
54.0,22.5,4.121953964233398,11.439799308776855,8.47828483581543,140.96629333496094,7.991835117340088
55.0,22.5,4.069167613983154,11.356426239013672,8.485554695129395,140.9381103515625,7.991835117340088
56.0,22.5,4.0187087059021,11.274959564208984,8.492505073547363,140.91075134277344,7.991835117340088
57.0,22.5,3.970466375350952,11.195297241210938,8.499149322509766,140.88418579101562,7.991835117340088
58.0,22.5,3.9222917556762695,11.115751266479492,8.50578498840332,140.85963439941406,7.991835117340088
59.0,22.5,3.868267059326172,11.03183650970459,8.513224601745605,140.84080505371094,7.991835117340088
60.0,22.5,3.8166496753692627,10.950010299682617,8.52033519744873,140.82260131835938,7.991835117340088
61.0,22.5,3.767303466796875,10.870156288146973,8.527131080627441,140.80502319335938,7.991835117340088
62.0,22.5,3.720118999481201,10.79216480255127,8.533628463745117,140.7880401611328,7.991835117340088
63.0,22.5,3.675018072128296,10.715934753417969,8.539840698242188,140.77159118652344,7.991835117340088
64.0,22.5,3.62855863571167,10.639010429382324,8.546239852905273,140.7579803466797,7.991835117340088
65.0,22.5,3.5821189880371094,10.562447547912598,8.552635192871094,140.74627685546875,7.991835117340088
66.0,22.5,3.547182083129883,10.49411678314209,8.55744743347168,140.72821044921875,7.991835117340088
67.0,22.5,3.516202926635742,10.42858600616455,8.561713218688965,140.70887756347656,7.991835117340088
68.0,22.5,3.4866340160369873,10.364048957824707,8.565786361694336,140.69000244140625,7.991835117340088
69.0,22.5,3.458423137664795,10.300451278686523,8.569671630859375,140.67156982421875,7.991835117340088
70.0,22.5,3.431525230407715,10.23774528503418,8.573376655578613,140.653564453125,7.991835117340088
71.0,22.5,3.4058918952941895,10.175877571105957,8.57690715789795,140.63597106933594,7.991835117340088
72.0,22.5,3.3832297325134277,10.11585521697998,8.580028533935547,140.61740112304688,7.991835117340088
73.0,22.5,3.3646790981292725,10.058257102966309,8.582584381103516,140.5968475341797,7.991835117340088
74.0,22.5,3.347116708755493,10.001152038574219,8.585000991821289,140.5767059326172,7.991835117340088
75.0,22.5,3.329786539077759,9.944070816040039,8.58738899230957,140.5575408935547,7.991835117340088
76.0,22.5,3.3115780353546143,9.886431694030762,8.589897155761719,140.54026794433594,7.991835117340088
77.0,22.5,3.2928667068481445,9.828497886657715,8.592473983764648,140.52459716796875,7.991835117340088
78.0,22.5,3.2746529579162598,9.770827293395996,8.594983100891113,140.5096893310547,7.991835117340088
79.0,22.5,3.2574052810668945,9.713665962219238,8.597358703613281,140.49513244628906,7.991835117340088
80.0,22.5,3.241103172302246,9.656981468200684,8.599602699279785,140.4809112548828,7.991835117340088
81.0,22.5,3.2257442474365234,9.600746154785156,8.60171890258789,140.4669952392578,7.991835117340088
82.0,22.5,3.2112860679626465,9.544926643371582,8.603710174560547,140.45339965820312,7.991835117340088
83.0,22.5,3.197716236114502,9.48949909210205,8.605578422546387,140.4401092529297,7.991835117340088
84.0,22.5,3.1850359439849854,9.434432029724121,8.607325553894043,140.42709350585938,7.991835117340088
85.0,22.5,3.173208713531494,9.379701614379883,8.608955383300781,140.41436767578125,7.991835117340088
86.0,22.5,3.1573007106781006,9.32332706451416,8.61114501953125,140.40638732910156,7.991835117340088
87.0,22.5,3.1418514251708984,9.267244338989258,8.613272666931152,140.39907836914062,7.991835117340088
88.0,22.5,3.127293825149536,9.211615562438965,8.615278244018555,140.39202880859375,7.991835117340088
89.0,22.5,3.1136038303375244,9.156413078308105,8.61716365814209,140.38523864746094,7.991835117340088
90.0,22.5,3.1058096885681152,9.103280067443848,8.618237495422363,140.37399291992188,7.991835117340088
91.0,22.5,3.1027441024780273,9.05158519744873,8.618659019470215,140.35928344726562,7.991835117340088
92.0,22.5,3.100475311279297,8.999929428100586,8.618971824645996,140.34474182128906,7.991835117340088
93.0,22.5,3.0990090370178223,8.94828987121582,8.61917495727539,140.33035278320312,7.991835117340088
94.0,22.5,3.0983078479766846,8.896641731262207,8.619269371032715,140.31614685058594,7.991835117340088
95.0,22.5,3.0984227657318115,8.844963073730469,8.619255065917969,140.30206298828125,7.991835117340088
96.0,22.5,3.0993192195892334,8.793229103088379,8.619131088256836,140.2881317138672,7.991835117340088
97.0,22.5,3.099222183227539,8.7410306930542,8.619144439697266,140.27606201171875,7.991835117340088
98.0,22.5,3.099766969680786,8.688756942749023,8.619070053100586,140.2642822265625,7.991835117340088
99.0,22.5,3.1010780334472656,8.636421203613281,8.618887901306152,140.25267028808594,7.991835117340088
100.0,22.5,3.103195905685425,8.58399772644043,8.618596076965332,140.24118041992188,7.991835117340088
101.0,22.5,3.1061038970947266,8.531464576721191,8.618194580078125,140.22982788085938,7.991835117340088
102.0,22.5,3.109816074371338,8.478796005249023,8.617684364318848,140.21859741210938,7.991835117340088
103.0,22.5,3.1143319606781006,8.4259672164917,8.61706256866455,140.20748901367188,7.991835117340088
104.0,22.5,3.119652271270752,8.372953414916992,8.61633014678955,140.19650268554688,7.991835117340088
105.0,22.5,3.126862049102783,8.319816589355469,8.615336418151855,140.1845703125,7.991835117340088
106.0,22.5,3.135373115539551,8.266434669494629,8.614164352416992,140.17227172851562,7.991835117340088
107.0,22.5,3.1447417736053467,8.212738990783691,8.612875938415527,140.16004943847656,7.991835117340088
108.0,22.5,3.1630523204803467,8.158927917480469,8.61035442352295,140.13990783691406,7.991835117340088
109.0,22.5,3.184156656265259,8.104486465454102,8.607444763183594,140.11793518066406,7.991835117340088
110.0,22.5,3.2063920497894287,8.049297332763672,8.60438346862793,140.09579467773438,7.991835117340088
111.0,22.5,3.2297637462615967,7.993319988250732,8.601163864135742,140.07350158691406,7.991835117340088
112.0,22.5,3.2543089389801025,7.9365081787109375,8.597783088684082,140.05104064941406,7.991835117340088
113.0,22.5,3.2790021896362305,7.87888240814209,8.59438419342041,140.02944946289062,7.991835117340088
114.0,22.5,3.3036651611328125,7.82046365737915,8.590985298156738,140.00892639160156,7.991835117340088
115.0,22.5,3.329587459564209,7.7611541748046875,8.587416648864746,139.98822021484375,7.991835117340088
116.0,22.5,3.3567817211151123,7.700907230377197,8.583669662475586,139.96734619140625,7.991835117340088
117.0,22.5,3.3853085041046143,7.6396684646606445,8.579741477966309,139.94627380371094,7.991835117340088
118.0,22.5,3.4097042083740234,7.578179359436035,8.57638168334961,139.93038940429688,7.991835117340088
119.0,22.5,3.432159662246704,7.516319274902344,8.573288917541504,139.91754150390625,7.991835117340088
120.0,22.5,3.452458143234253,7.454245090484619,8.5704927444458,139.90794372558594,7.991835117340088
121.0,22.5,3.4714741706848145,7.3919219970703125,8.567874908447266,139.90074157714844,7.991835117340088
122.0,22.5,3.4915759563446045,7.328926086425781,8.565105438232422,139.89364624023438,7.991835117340088
123.0,22.5,3.51282000541687,7.265219688415527,8.562180519104004,139.88662719726562,7.991835117340088
124.0,22.5,3.535205364227295,7.200760364532471,8.559096336364746,139.8797149658203,7.991835117340088
125.0,22.5,3.558793544769287,7.135501861572266,8.555848121643066,139.8728790283203,7.991835117340088
126.0,22.5,3.5836021900177,7.069401264190674,8.5524320602417,139.8661346435547,7.991835117340088
127.0,22.5,3.6120400428771973,7.001708984375,8.548515319824219,139.85723876953125,7.991835117340088
128.0,22.5,3.645047664642334,6.931972980499268,8.543968200683594,139.8453826904297,7.991835117340088
129.0,22.5,3.6796045303344727,6.860996723175049,8.539209365844727,139.83348083496094,7.991835117340088
130.0,22.5,3.714664936065674,6.789085865020752,8.534380912780762,139.8225555419922,7.991835117340088
131.0,22.5,3.7497518062591553,6.716416835784912,8.529546737670898,139.81307983398438,7.991835117340088
132.0,22.5,3.786468505859375,6.642422676086426,8.524491310119629,139.80360412597656,7.991835117340088
133.0,22.5,3.8248467445373535,6.567033290863037,8.519205093383789,139.79415893554688,7.991835117340088
134.0,22.5,3.8649661540985107,6.490171909332275,8.513679504394531,139.78472900390625,7.991835117340088
135.0,22.5,3.9068961143493652,6.411756992340088,8.507904052734375,139.7753143310547,7.991835117340088
136.0,22.5,3.950725793838501,6.3317036628723145,8.501867294311523,139.76589965820312,7.991835117340088
137.0,22.5,3.9965338706970215,6.249923229217529,8.495558738708496,139.75648498535156,7.991835117340088
138.0,22.5,4.044405460357666,6.166319847106934,8.48896598815918,139.7470703125,7.991835117340088
139.0,22.5,4.091374397277832,6.082278251647949,8.482497215270996,139.74029541015625,7.991835117340088
140.0,22.5,4.139786720275879,5.996701717376709,8.475829124450684,139.73416137695312,7.991835117340088
141.0,22.5,4.190367698669434,5.909191608428955,8.46886157989502,139.72811889648438,7.991835117340088
142.0,22.5,4.260469436645508,5.810500621795654,8.459207534790039,139.70773315429688,7.991835117340088
143.0,22.5,4.356774806976318,5.6961669921875,8.445942878723145,139.66806030273438,7.991835117340088
144.0,22.5,4.4585466384887695,5.576722621917725,8.431926727294922,139.62684631347656,7.991835117340088
145.0,22.5,4.566195011138916,5.451762676239014,8.417099952697754,139.583984375,7.991835117340088
146.0,22.5,4.662874221801758,5.33101224899292,8.40378475189209,139.5531463623047,7.991835117340088
147.0,22.5,4.7282304763793945,5.227234840393066,8.394783020019531,139.55007934570312,7.991835117340088
148.0,22.5,4.781167984008789,5.130168437957764,8.387492179870605,139.5591583251953,7.991835117340088
149.0,22.5,4.836369037628174,5.031138896942139,8.379890441894531,139.5687713623047,7.991835117340088
150.0,22.5,4.893925666809082,4.9300456047058105,8.371962547302246,139.57894897460938,7.991835117340088
151.0,22.5,4.953950881958008,4.826776027679443,8.363694190979004,139.58970642089844,7.991835117340088
152.0,22.5,5.00876522064209,4.726419925689697,8.356145858764648,139.6067657470703,7.991835117340088
153.0,22.5,5.075343132019043,4.617678642272949,8.346975326538086,139.6177520751953,7.991835117340088
154.0,22.5,5.150959014892578,4.502058506011963,8.33656120300293,139.62503051757812,7.991835117340088
155.0,22.5,5.229924201965332,4.383294582366943,8.32568645477295,139.63291931152344,7.991835117340088
156.0,22.5,5.310141086578369,4.262836456298828,8.314638137817383,139.64300537109375,7.991835117340088
157.0,22.5,5.3854522705078125,4.145195960998535,8.304264068603516,139.6595001220703,7.991835117340088
158.0,22.5,5.497293472290039,3.9999489784240723,8.288861274719238,139.65496826171875,7.991835117340088
159.0,22.5,5.634934425354004,3.8339688777923584,8.269903182983398,139.63780212402344,7.991835117340088
160.0,22.5,5.780581951141357,3.660083293914795,8.249844551086426,139.6202850341797,7.991835117340088
161.0,22.5,5.934878826141357,3.4776318073272705,8.228593826293945,139.6024169921875,7.991835117340088
162.0,22.5,6.098557472229004,3.2858848571777344,8.206048965454102,139.58416748046875,7.991835117340088
163.0,22.5,6.272458076477051,3.084021806716919,8.182098388671875,139.5654754638672,7.991835117340088
164.0,22.5,6.401242256164551,2.916414499282837,8.164361953735352,139.57876586914062,7.991835117340088
165.0,22.5,6.491440773010254,2.779233455657959,8.151938438415527,139.61851501464844,7.991835117340088
166.0,22.5,6.585355281829834,2.638822555541992,8.13900375366211,139.659912109375,7.991835117340088
167.0,22.5,6.683184623718262,2.495015859603882,8.125531196594238,139.7030029296875,7.991835117340088
168.0,22.5,6.785100936889648,2.3476247787475586,8.111494064331055,139.7479248046875,7.991835117340088
169.0,22.5,7.095040321350098,2.0228214263916016,8.068805694580078,139.6919708251953,7.991835117340088
170.0,22.5,7.160341262817383,1.9050484895706177,8.059812545776367,139.76608276367188,7.991835117340088
171.0,22.5,7.199765682220459,1.8105279207229614,8.05438232421875,139.8555145263672,7.991835117340088
172.0,22.5,7.257340431213379,1.70133638381958,8.046452522277832,139.9388427734375,7.991835117340088
173.0,22.5,7.374599933624268,1.5403149127960205,8.030302047729492,139.9984588623047,7.991835117340088
174.0,22.5,7.496067523956299,1.37571120262146,8.01357364654541,140.06088256835938,7.991835117340088
175.0,22.5,7.578669548034668,1.2463219165802002,8.002197265625,140.1441192626953,7.991835117340088
176.0,22.5,7.578662395477295,1.192781686782837,8.002197265625,140.26370239257812,7.991835117340088
177.0,22.5,7.578663349151611,1.1413346529006958,8.002197265625,140.38418579101562,7.991835117340088
178.0,22.5,7.578664302825928,1.0919960737228394,8.002197265625,140.50555419921875,7.991835117340088
179.0,22.5,7.578664302825928,1.044785737991333,8.002197265625,140.6277618408203,7.991835117340088
180.0,22.5,7.5786638259887695,0.9997146129608154,8.002197265625,140.7507781982422,7.991835117340088
181.0,22.5,7.578664302825928,0.9567987322807312,8.002197265625,140.8745574951172,7.991835117340088
182.0,22.5,7.57866907119751,0.9160475730895996,8.002197265625,140.99905395507812,7.991835117340088
183.0,22.5,7.578665256500244,0.8774780035018921,8.002197265625,141.124267578125,7.991835117340088
184.0,22.5,7.578664779663086,0.8410993814468384,8.002197265625,141.2501220703125,7.991835117340088
185.0,22.5,7.578665256500244,0.8069196939468384,8.002197265625,141.37660217285156,7.991835117340088
186.0,22.5,7.5786614418029785,0.7749555706977844,8.002197265625,141.503662109375,7.991835117340088
187.0,22.5,7.578664302825928,0.7452120780944824,8.002197265625,141.63124084472656,7.991835117340088
188.0,22.5,7.578662395477295,0.7177004814147949,8.002197265625,141.75933837890625,7.991835117340088
189.0,22.5,7.578665733337402,0.6924268007278442,8.002197265625,141.88787841796875,7.991835117340088
190.0,22.5,7.578667163848877,0.6694017052650452,8.002197265625,142.016845703125,7.991835117340088
191.0,22.5,7.578664302825928,0.6486319303512573,8.002197265625,142.14620971679688,7.991835117340088
192.0,22.5,7.578667163848877,0.6301212906837463,8.002197265625,142.27589416503906,7.991835117340088
193.0,22.5,7.5786662101745605,0.6138777136802673,8.002197265625,142.40589904785156,7.991835117340088
194.0,22.5,7.578665256500244,0.5999062061309814,8.002197265625,142.53616333007812,7.991835117340088
195.0,22.5,7.5786638259887695,0.5882101058959961,8.002197265625,142.66665649414062,7.991835117340088
196.0,22.5,7.578664779663086,0.5787927508354187,8.002197265625,142.7973175048828,7.991835117340088
197.0,22.5,7.5786662101745605,0.5716552734375,8.002197265625,142.9281463623047,7.991835117340088
198.0,22.5,7.578665733337402,0.5668044090270996,8.002197265625,143.05906677246094,7.991835117340088
199.0,22.5,7.578664302825928,0.5642400979995728,8.002197265625,143.19004821777344,7.991835117340088
200.0,22.5,7.5786662101745605,0.563958466053009,8.002197265625,143.32106018066406,7.991835117340088
201.0,22.5,7.578664779663086,0.565966784954071,8.002197265625,143.45204162597656,7.991835117340088
202.0,22.5,7.578667163848877,0.5702583193778992,8.002197265625,143.58299255371094,7.991835117340088
203.0,22.5,7.578665733337402,0.5768364071846008,8.002197265625,143.71383666992188,7.991835117340088
204.0,22.5,7.5786662101745605,0.5856961011886597,8.002197265625,143.84454345703125,7.991835117340088
205.0,22.5,7.5786638259887695,0.5968378782272339,8.002197265625,143.97508239746094,7.991835117340088
206.0,22.5,7.578664779663086,0.6102545261383057,8.002197265625,144.10540771484375,7.991835117340088
207.0,22.5,7.578667163848877,0.6259409785270691,8.002197265625,144.2354736328125,7.991835117340088
208.0,22.5,7.578668594360352,0.6438961029052734,8.002197265625,144.36524963378906,7.991835117340088
209.0,22.5,7.578665256500244,0.6641172170639038,8.002197265625,144.49468994140625,7.991835117340088
210.0,22.5,7.5786638259887695,0.6865918636322021,8.002197265625,144.62374877929688,7.991835117340088
211.0,22.5,7.578665733337402,0.7113145589828491,8.002197265625,144.75241088867188,7.991835117340088
212.0,22.5,7.578665256500244,0.7382797002792358,8.002197265625,144.880615234375,7.991835117340088
213.0,22.5,7.5786662101745605,0.767477810382843,8.002197265625,145.00833129882812,7.991835117340088
214.0,22.5,7.578664779663086,0.7989009618759155,8.002197265625,145.13551330566406,7.991835117340088
215.0,22.5,7.578662872314453,0.8325409293174744,8.002197265625,145.2621307373047,7.991835117340088
216.0,22.5,7.578667640686035,0.8683813810348511,8.002197265625,145.38815307617188,7.991835117340088
217.0,22.5,7.578667163848877,0.9064179062843323,8.002197265625,145.51351928710938,7.991835117340088
218.0,22.5,7.578665733337402,0.9466364979743958,8.002197265625,145.63819885253906,7.991835117340088
219.0,22.5,7.578663349151611,0.9890271425247192,8.002197265625,145.7621612548828,7.991835117340088
220.0,22.5,7.578663349151611,1.0335707664489746,8.002197265625,145.88536071777344,7.991835117340088
221.0,22.5,7.578667640686035,1.0802596807479858,8.002197265625,146.00778198242188,7.991835117340088
222.0,22.5,7.578670501708984,1.1290781497955322,8.002197265625,146.12936401367188,7.991835117340088
223.0,22.5,7.578668117523193,1.1800099611282349,8.002197265625,146.25006103515625,7.991835117340088
224.0,22.5,7.578668594360352,1.2330405712127686,8.002197265625,146.36985778808594,7.991835117340088
225.0,22.5,7.578666687011719,1.28815495967865,8.002197265625,146.48870849609375,7.991835117340088
226.0,22.5,7.578666687011719,1.3453351259231567,8.002197265625,146.60658264160156,7.991835117340088
227.0,22.5,7.5786638259887695,1.4045644998550415,8.002197265625,146.7234344482422,7.991835117340088
228.0,22.5,7.578667640686035,1.4658222198486328,8.002197265625,146.83924865722656,7.991835117340088
229.0,22.5,7.578665733337402,1.5290932655334473,8.002197265625,146.95396423339844,7.991835117340088
230.0,22.5,7.578667163848877,1.5943564176559448,8.002197265625,147.06756591796875,7.991835117340088
231.0,22.5,7.578668594360352,1.661591649055481,8.002197265625,147.1800079345703,7.991835117340088
232.0,22.5,7.578668594360352,1.730779767036438,8.002197265625,147.291259765625,7.991835117340088
233.0,22.5,7.5786638259887695,1.801897406578064,8.002197265625,147.40127563476562,7.991835117340088
234.0,22.5,7.578669548034668,1.8749256134033203,8.002197265625,147.5100555419922,7.991835117340088
235.0,22.5,7.578661918640137,1.9498441219329834,8.002197265625,147.61752319335938,7.991835117340088
236.0,22.5,7.5786638259887695,2.026623010635376,8.002197265625,147.7236785888672,7.991835117340088
237.0,22.5,7.578673362731934,2.105242967605591,8.002197265625,147.8284912109375,7.991835117340088
238.0,22.5,7.5786638259887695,2.1856801509857178,8.002197265625,147.931884765625,7.991835117340088
239.0,22.5,7.5786638259887695,2.2679104804992676,8.002197265625,148.03387451171875,7.991835117340088
240.0,22.5,7.578662872314453,2.3519093990325928,8.002197265625,148.13441467285156,7.991835117340088
241.0,22.5,7.578664779663086,2.4376485347747803,8.002197265625,148.2334747314453,7.991835117340088
242.0,22.5,7.578667163848877,2.5251030921936035,8.002197265625,148.33102416992188,7.991835117340088
243.0,22.5,7.578669548034668,2.6142473220825195,8.002197265625,148.42703247070312,7.991835117340088
244.0,22.5,7.57866907119751,2.7050559520721436,8.002197265625,148.52146911621094,7.991835117340088
245.0,22.5,7.578669548034668,2.797494888305664,8.002197265625,148.6143035888672,7.991835117340088
246.0,22.5,7.578664779663086,2.8915414810180664,8.002197265625,148.70550537109375,7.991835117340088
247.0,22.5,7.578664779663086,2.987166166305542,8.002197265625,148.79505920410156,7.991835117340088
248.0,22.5,7.578668594360352,3.0843381881713867,8.002197265625,148.8829345703125,7.991835117340088
249.0,22.5,7.578660488128662,3.1830310821533203,8.002197265625,148.96908569335938,7.991835117340088
250.0,22.5,7.578662395477295,3.283209800720215,8.002197265625,149.0535125732422,7.991835117340088
251.0,22.5,7.57866907119751,3.384845733642578,8.002197265625,149.1361846923828,7.991835117340088
252.0,22.5,7.578663349151611,3.48791241645813,8.002197265625,149.21705627441406,7.991835117340088
253.0,22.5,7.578666687011719,3.5923733711242676,8.002197265625,149.29612731933594,7.991835117340088
254.0,22.5,7.578671932220459,3.698199987411499,8.002197265625,149.3733673095703,7.991835117340088
255.0,22.5,7.578664779663086,3.8053557872772217,8.002197265625,149.44873046875,7.991835117340088
256.0,22.5,7.578673362731934,3.913810968399048,8.002197265625,149.52223205566406,7.991835117340088
257.0,22.5,7.578666687011719,4.023532867431641,8.002197265625,149.59381103515625,7.991835117340088
258.0,22.5,7.5786614418029785,4.134487628936768,8.002197265625,149.66346740722656,7.991835117340088
259.0,22.5,7.5786638259887695,4.246643543243408,8.002197265625,149.73118591308594,7.991835117340088
260.0,22.5,7.578666687011719,4.35996150970459,8.002197265625,149.79693603515625,7.991835117340088
261.0,22.5,7.578672885894775,4.474410057067871,8.002197265625,149.86070251464844,7.991835117340088
262.0,22.5,7.578672885894775,4.5899529457092285,8.002197265625,149.92245483398438,7.991835117340088
263.0,22.5,7.578670024871826,4.706557273864746,8.002197265625,149.982177734375,7.991835117340088
264.0,22.5,7.578665256500244,4.824187755584717,8.002197265625,150.03985595703125,7.991835117340088
265.0,22.5,7.578678131103516,4.942803859710693,8.002197265625,150.09548950195312,7.991835117340088
266.0,22.5,7.578664779663086,5.062374591827393,8.002197265625,150.14901733398438,7.991835117340088
267.0,22.5,7.578670501708984,5.182860374450684,8.002197265625,150.20046997070312,7.991835117340088
268.0,22.5,7.578667163848877,5.304224014282227,8.002197265625,150.2498016357422,7.991835117340088
269.0,22.5,7.578665256500244,5.426436424255371,8.002197265625,150.29701232910156,7.991835117340088
270.0,22.5,7.578670024871826,5.549448013305664,8.002197265625,150.3420867919922,7.991835117340088
271.0,22.5,7.578675746917725,5.673228740692139,8.002197265625,150.385009765625,7.991835117340088
272.0,22.5,7.578667163848877,5.797739505767822,8.002197265625,150.42575073242188,7.991835117340088
273.0,22.5,7.578669548034668,5.922947406768799,8.002197265625,150.46432495117188,7.991835117340088
274.0,22.5,7.578666687011719,6.04880428314209,8.002197265625,150.50070190429688,7.991835117340088
275.0,22.5,7.578668594360352,6.175276756286621,8.002197265625,150.53488159179688,7.991835117340088
276.0,22.5,7.57865571975708,6.302328586578369,8.002197265625,150.56683349609375,7.991835117340088
277.0,22.5,7.578667163848877,6.4299163818359375,8.002197265625,150.59658813476562,7.991835117340088
278.0,22.5,7.578666687011719,6.558008670806885,8.002197265625,150.6240997314453,7.991835117340088
279.0,22.5,7.578678131103516,6.686557292938232,8.002197265625,150.64938354492188,7.991835117340088
280.0,22.5,7.5786638259887695,6.815526962280273,8.002197265625,150.67239379882812,7.991835117340088
281.0,22.5,7.578675270080566,6.944881916046143,8.002197265625,150.69317626953125,7.991835117340088
282.0,22.5,7.57867431640625,7.074575424194336,8.002197265625,150.71168518066406,7.991835117340088
283.0,22.5,7.578666687011719,7.204578876495361,8.002197265625,150.72792053222656,7.991835117340088
284.0,22.5,7.578670978546143,7.334841251373291,8.002197265625,150.7418975830078,7.991835117340088
285.0,22.5,7.578678131103516,7.46532678604126,8.002197265625,150.75360107421875,7.991835117340088
286.0,22.5,7.578675270080566,7.595997333526611,8.002197265625,150.7630157470703,7.991835117340088
287.0,22.5,7.578680515289307,7.726813316345215,8.002197265625,150.77015686035156,7.991835117340088
288.0,22.5,7.578666687011719,7.857737064361572,8.002197265625,150.77499389648438,7.991835117340088
289.0,22.5,7.5786638259887695,7.988720417022705,8.002197265625,150.77755737304688,7.991835117340088
290.0,22.5,7.578674793243408,8.119730949401855,8.002197265625,150.77784729003906,7.991835117340088
291.0,22.5,7.578667163848877,8.250724792480469,8.002197265625,150.7758331298828,7.991835117340088
292.0,22.5,7.578671932220459,8.381664276123047,8.002197265625,150.77154541015625,7.991835117340088
293.0,22.5,7.578673362731934,8.512513160705566,8.002197265625,150.7649688720703,7.991835117340088
294.0,22.5,7.578668594360352,8.643220901489258,8.002197265625,150.756103515625,7.991835117340088
295.0,22.5,7.578653812408447,8.773757934570312,8.002197265625,150.7449493408203,7.991835117340088
296.0,22.5,7.578672885894775,8.90407943725586,8.002197265625,150.73155212402344,7.991835117340088
297.0,22.5,7.578674793243408,9.034146308898926,8.002197265625,150.7158660888672,7.991835117340088
298.0,22.5,7.578657627105713,9.163923263549805,8.002197265625,150.69789123535156,7.991835117340088
299.0,22.5,7.578672885894775,9.29336166381836,8.002197265625,150.6776885986328,7.991835117340088
300.0,22.5,7.578670501708984,9.422429084777832,8.002197265625,150.65521240234375,7.991835117340088
301.0,22.5,7.578660011291504,9.551084518432617,8.002197265625,150.63047790527344,7.991835117340088
302.0,22.5,7.5786638259887695,9.679293632507324,8.002197265625,150.603515625,7.991835117340088
303.0,22.5,7.578657150268555,9.807007789611816,8.002197265625,150.57431030273438,7.991835117340088
304.0,22.5,7.578661918640137,9.93419361114502,8.002197265625,150.5428924560547,7.991835117340088
305.0,22.5,7.57866907119751,10.060811996459961,8.002197265625,150.50926208496094,7.991835117340088
306.0,22.5,7.578683376312256,10.186823844909668,8.002197265625,150.4734344482422,7.991835117340088
307.0,22.5,7.578665733337402,10.312192916870117,8.002197265625,150.4353790283203,7.991835117340088
308.0,22.5,7.578662395477295,10.43687629699707,8.002197265625,150.39515686035156,7.991835117340088
309.0,22.5,7.578676223754883,10.560840606689453,8.002197265625,150.352783203125,7.991835117340088
310.0,22.5,7.578665733337402,10.684042930603027,8.002197265625,150.3082275390625,7.991835117340088
311.0,22.5,7.578662872314453,10.806451797485352,8.002197265625,150.26153564453125,7.991835117340088
312.0,22.5,7.57866907119751,10.92802906036377,8.002197265625,150.2127227783203,7.991835117340088
313.0,22.5,7.578667163848877,11.04873275756836,8.002197265625,150.1617889404297,7.991835117340088
314.0,22.5,7.578660011291504,11.168529510498047,8.002197265625,150.10874938964844,7.991835117340088
315.0,22.5,7.578673362731934,11.287384033203125,8.002197265625,150.05364990234375,7.991835117340088
316.0,22.5,7.578677177429199,11.405257225036621,8.002197265625,149.99647521972656,7.991835117340088
317.0,22.5,7.578673362731934,11.522117614746094,8.002197265625,149.93724060058594,7.991835117340088
318.0,22.5,7.578667640686035,11.637921333312988,8.002197265625,149.8759765625,7.991835117340088
319.0,22.5,7.57867431640625,11.752641677856445,8.002197265625,149.81271362304688,7.991835117340088
320.0,22.5,7.578662395477295,11.866239547729492,8.002197265625,149.7474365234375,7.991835117340088
321.0,22.5,7.578665733337402,11.978679656982422,8.002197265625,149.68020629882812,7.991835117340088
322.0,22.5,7.578670501708984,12.08993148803711,8.002197265625,149.61102294921875,7.991835117340088
323.0,22.5,7.578668594360352,12.199958801269531,8.002197265625,149.53990173339844,7.991835117340088
324.0,22.5,7.578667640686035,12.30872631072998,8.002197265625,149.4668731689453,7.991835117340088
325.0,22.5,7.578675270080566,12.416203498840332,8.002197265625,149.3919677734375,7.991835117340088
326.0,22.5,7.578673362731934,12.522356986999512,8.002197265625,149.315185546875,7.991835117340088
327.0,22.5,7.578668594360352,12.627156257629395,8.002197265625,149.23655700683594,7.991835117340088
328.0,22.5,7.578661918640137,12.73056411743164,8.002197265625,149.15611267089844,7.991835117340088
329.0,22.5,7.578663349151611,12.832554817199707,8.002197265625,149.07388305664062,7.991835117340088
330.0,22.5,7.57866096496582,12.933093070983887,8.002197265625,148.98988342285156,7.991835117340088
331.0,22.5,7.5786638259887695,13.032154083251953,8.002197265625,148.90414428710938,7.991835117340088
332.0,22.5,7.578667640686035,13.12969970703125,8.002197265625,148.8166961669922,7.991835117340088
333.0,22.5,7.578669548034668,13.225704193115234,8.002197265625,148.72755432128906,7.991835117340088
334.0,22.5,7.578669548034668,13.320137977600098,8.002197265625,148.63674926757812,7.991835117340088
335.0,22.5,7.578671455383301,13.41297435760498,8.002197265625,148.5443115234375,7.991835117340088
336.0,22.5,7.578666687011719,13.50418472290039,8.002197265625,148.45025634765625,7.991835117340088
337.0,22.5,7.5786638259887695,13.59373664855957,8.002197265625,148.35462951660156,7.991835117340088
338.0,22.5,7.578666687011719,13.68160629272461,8.002197265625,148.25746154785156,7.991835117340088
339.0,22.5,7.578664779663086,13.767767906188965,8.002197265625,148.1587677001953,7.991835117340088
340.0,22.5,7.578668594360352,13.852192878723145,8.002197265625,148.05859375,7.991835117340088
341.0,22.5,7.578669548034668,13.934859275817871,8.002197265625,147.9569549560547,7.991835117340088
342.0,22.5,7.578664779663086,14.015737533569336,8.002197265625,147.8538818359375,7.991835117340088
343.0,22.5,7.578672409057617,14.094802856445312,8.002197265625,147.7494354248047,7.991835117340088
344.0,22.5,7.578665733337402,14.17203426361084,8.002197265625,147.6436004638672,7.991835117340088
345.0,22.5,7.5786638259887695,14.247408866882324,8.002197265625,147.53643798828125,7.991835117340088
346.0,22.5,7.578661918640137,14.320900917053223,8.002197265625,147.427978515625,7.991835117340088
347.0,22.5,7.578668594360352,14.392488479614258,8.002197265625,147.31826782226562,7.991835117340088
348.0,22.5,7.578663349151611,14.462148666381836,8.002197265625,147.20730590820312,7.991835117340088
349.0,22.5,7.578664302825928,14.529863357543945,8.002197265625,147.09515380859375,7.991835117340088
350.0,22.5,7.578668117523193,14.595611572265625,8.002197265625,146.98184204101562,7.991835117340088
351.0,22.5,7.578665733337402,14.659372329711914,8.002197265625,146.8673858642578,7.991835117340088
352.0,22.5,7.5786662101745605,14.721122741699219,8.002197265625,146.75184631347656,7.991835117340088
353.0,22.5,7.578665256500244,14.78084945678711,8.002197265625,146.63523864746094,7.991835117340088
354.0,22.5,7.578670978546143,14.838531494140625,8.002197265625,146.5176239013672,7.991835117340088
355.0,22.5,7.578669548034668,14.894152641296387,8.002197265625,146.3990020751953,7.991835117340088
356.0,22.5,7.57866907119751,14.947693824768066,8.002197265625,146.27943420410156,7.991835117340088
357.0,22.5,7.578665256500244,14.999141693115234,8.002197265625,146.158935546875,7.991835117340088
358.0,22.5,7.578664779663086,15.048478126525879,8.002197265625,146.03756713867188,7.991835117340088
359.0,22.5,7.578670501708984,15.095688819885254,8.002197265625,145.91537475585938,7.991835117340088
0.0,16.875,9.992022514343262,17.392301559448242,8.002197265625,146.71395874023438,7.991835117340088
1.0,16.875,9.992018699645996,17.450958251953125,8.002197265625,146.5507354736328,7.991835117340088
2.0,16.875,9.992024421691895,17.506759643554688,8.002197265625,146.38653564453125,7.991835117340088
3.0,16.875,9.992020606994629,17.5596866607666,8.002197265625,146.2213592529297,7.991835117340088
4.0,16.875,9.992019653320312,17.60972023010254,8.002197265625,146.0552978515625,7.991835117340088
5.0,16.875,9.992018699645996,17.656850814819336,8.002197265625,145.8883819580078,7.991835117340088
6.0,16.875,9.992019653320312,17.701061248779297,8.002197265625,145.72067260742188,7.991835117340088
7.0,16.875,9.992021560668945,17.742338180541992,8.002197265625,145.55223083496094,7.991835117340088
8.0,16.875,9.992018699645996,17.78066635131836,8.002197265625,145.38307189941406,7.991835117340088
9.0,16.875,9.992021560668945,17.8160400390625,8.002197265625,145.21328735351562,7.991835117340088
10.0,16.875,9.992020606994629,17.84844207763672,8.002197265625,145.04290771484375,7.991835117340088
11.0,16.875,9.992019653320312,17.877866744995117,8.002197265625,144.87197875976562,7.991835117340088
12.0,16.875,9.992021560668945,17.90430450439453,8.002197265625,144.70057678222656,7.991835117340088
13.0,16.875,9.992021560668945,17.927749633789062,8.002197265625,144.52871704101562,7.991835117340088
14.0,16.875,9.992021560668945,17.94818687438965,8.002197265625,144.3564910888672,7.991835117340088
15.0,16.875,9.992019653320312,17.96561622619629,8.002197265625,144.18392944335938,7.991835117340088
16.0,16.875,9.992023468017578,17.98003387451172,8.002197265625,144.0111083984375,7.991835117340088
17.0,16.875,9.992020606994629,17.991430282592773,8.002197265625,143.83804321289062,7.991835117340088
18.0,16.875,9.992018699645996,17.99980354309082,8.002197265625,143.664794921875,7.991835117340088
19.0,16.875,9.97297477722168,17.98621940612793,8.004186630249023,143.49102783203125,7.991835117340088
20.0,16.875,9.921121597290039,17.936969757080078,8.009603500366211,143.3177032470703,7.991835117340088
21.0,16.875,9.869797706604004,17.88523292541504,8.014965057373047,143.14614868164062,7.991835117340088
22.0,16.875,9.81901741027832,17.831069946289062,8.020269393920898,142.9763946533203,7.991835117340088
23.0,16.875,9.46732234954834,17.475059509277344,8.057008743286133,142.82275390625,7.991835117340088
24.0,16.875,9.127327919006348,17.128376007080078,8.092525482177734,142.68069458007812,7.991835117340088
25.0,16.875,8.892478942871094,16.8839168548584,8.117058753967285,142.54197692871094,7.991835117340088
26.0,16.875,8.725373268127441,16.70448112487793,8.134515762329102,142.4048614501953,7.991835117340088
27.0,16.875,8.375231742858887,16.34221649169922,8.17109203338623,142.29513549804688,7.991835117340088
28.0,16.875,8.014577865600586,15.96849536895752,8.20876693725586,142.1991729736328,7.991835117340088
29.0,16.875,7.767951965332031,15.70614242553711,8.234530448913574,142.09872436523438,7.991835117340088
30.0,16.875,7.594618797302246,15.514607429504395,8.25263786315918,141.99478149414062,7.991835117340088
31.0,16.875,7.42412805557251,15.324597358703613,8.270447731018066,141.89662170410156,7.991835117340088
32.0,16.875,7.244315147399902,15.124404907226562,8.289231300354004,141.8065948486328,7.991835117340088
33.0,16.875,7.007948875427246,14.868468284606934,8.313922882080078,141.73550415039062,7.991835117340088
34.0,16.875,6.783968448638916,14.624239921569824,8.337320327758789,141.66998291015625,7.991835117340088
35.0,16.875,6.621984481811523,14.439486503601074,8.354242324829102,141.5968017578125,7.991835117340088
36.0,16.875,6.282296657562256,14.084114074707031,8.389726638793945,141.57749938964844,7.991835117340088
37.0,16.875,6.061634063720703,13.84346866607666,8.4127779006958,141.53598022460938,7.991835117340088
38.0,16.875,5.873920440673828,13.634480476379395,8.432387351989746,141.49234008789062,7.991835117340088
39.0,16.875,5.704503536224365,13.44301700592041,8.450085639953613,141.44961547851562,7.991835117340088
40.0,16.875,5.556565284729004,13.2719144821167,8.46553897857666,141.4058074951172,7.991835117340088
41.0,16.875,5.417332172393799,13.109052658081055,8.480084419250488,141.36431884765625,7.991835117340088
42.0,16.875,5.289315700531006,12.956729888916016,8.493456840515137,141.3238067626953,7.991835117340088
43.0,16.875,5.195728302001953,12.836150169372559,8.503232955932617,141.27479553222656,7.991835117340088
44.0,16.875,5.126155376434326,12.737236022949219,8.51050090789795,141.2197723388672,7.991835117340088
45.0,16.875,5.0477776527404785,12.629919052124023,8.518688201904297,141.17124938964844,7.991835117340088
46.0,16.875,4.970804691314697,12.523609161376953,8.526729583740234,141.12522888183594,7.991835117340088
47.0,16.875,4.897430419921875,12.42029857635498,8.534394264221191,141.08065795898438,7.991835117340088
48.0,16.875,4.827463626861572,12.319804191589355,8.541703224182129,141.03744506835938,7.991835117340088
49.0,16.875,4.717258453369141,12.184061050415039,8.553215980529785,141.0163116455078,7.991835117340088
50.0,16.875,4.607900619506836,12.049631118774414,8.564640045166016,140.99879455566406,7.991835117340088
51.0,16.875,4.5079345703125,11.923904418945312,8.575082778930664,140.98049926757812,7.991835117340088
52.0,16.875,4.413320541381836,11.803306579589844,8.584965705871582,140.9630889892578,7.991835117340088
53.0,16.875,4.333924770355225,11.696022987365723,8.593259811401367,140.94097900390625,7.991835117340088
54.0,16.875,4.284834861755371,11.614194869995117,8.598387718200684,140.90516662597656,7.991835117340088
55.0,16.875,4.2379841804504395,11.534064292907715,8.60328197479248,140.87022399902344,7.991835117340088
56.0,16.875,4.19327449798584,11.45553207397461,8.607953071594238,140.8361053466797,7.991835117340088
57.0,16.875,4.1506195068359375,11.37851333618164,8.612408638000488,140.80276489257812,7.991835117340088
58.0,16.875,4.109927177429199,11.302918434143066,8.616659164428711,140.77017211914062,7.991835117340088
59.0,16.875,4.066808700561523,11.225319862365723,8.621163368225098,140.740966796875,7.991835117340088
60.0,16.875,4.0196452140808105,11.144596099853516,8.626091003417969,140.7162628173828,7.991835117340088
61.0,16.875,3.9656171798706055,11.058815002441406,8.631734848022461,140.69805908203125,7.991835117340088
62.0,16.875,3.9125068187713623,10.974032402038574,8.637282371520996,140.68145751953125,7.991835117340088
63.0,16.875,3.861800193786621,10.891341209411621,8.642580032348633,140.66539001464844,7.991835117340088
64.0,16.875,3.8133621215820312,10.810622215270996,8.647639274597168,140.6498565673828,7.991835117340088
65.0,16.875,3.767099380493164,10.731764793395996,8.652471542358398,140.6348114013672,7.991835117340088
66.0,16.875,3.7223634719848633,10.654284477233887,8.657145500183105,140.62062072753906,7.991835117340088
67.0,16.875,3.678553819656372,10.577760696411133,8.661722183227539,140.60765075683594,7.991835117340088
68.0,16.875,3.652863025665283,10.513707160949707,8.66440486907959,140.5832061767578,7.991835117340088
69.0,16.875,3.6315107345581055,10.452407836914062,8.66663646697998,140.5569305419922,7.991835117340088
70.0,16.875,3.6066670417785645,10.38869857788086,8.669231414794922,140.5346221923828,7.991835117340088
71.0,16.875,3.5830721855163574,10.325723648071289,8.671696662902832,140.5127410888672,7.991835117340088
72.0,16.875,3.560675621032715,10.263439178466797,8.674036026000977,140.4912872314453,7.991835117340088
73.0,16.875,3.5394554138183594,10.201805114746094,8.676252365112305,140.47023010253906,7.991835117340088
74.0,16.875,3.519380569458008,10.14078140258789,8.678349494934082,140.44955444335938,7.991835117340088
75.0,16.875,3.500431776046753,10.080327987670898,8.680329322814941,140.42922973632812,7.991835117340088
76.0,16.875,3.482560396194458,10.020410537719727,8.682195663452148,140.40927124023438,7.991835117340088
77.0,16.875,3.465754508972168,9.960993766784668,8.683951377868652,140.3896484375,7.991835117340088
78.0,16.875,3.4471378326416016,9.900520324707031,8.685896873474121,140.37274169921875,7.991835117340088
79.0,16.875,3.429576873779297,9.840588569641113,8.68773078918457,140.35617065429688,7.991835117340088
80.0,16.875,3.4130618572235107,9.78116226196289,8.689455032348633,140.33990478515625,7.991835117340088
81.0,16.875,3.3975865840911865,9.722206115722656,8.691073417663574,140.32391357421875,7.991835117340088
82.0,16.875,3.3830947875976562,9.663688659667969,8.692585945129395,140.3082275390625,7.991835117340088
83.0,16.875,3.368422269821167,9.605040550231934,8.694119453430176,140.29383850097656,7.991835117340088
84.0,16.875,3.3537323474884033,9.546377182006836,8.695652961730957,140.28060913085938,7.991835117340088
85.0,16.875,3.3400301933288574,9.48813247680664,8.6970853805542,140.2676239013672,7.991835117340088
86.0,16.875,3.3272619247436523,9.43027400970459,8.698418617248535,140.25491333007812,7.991835117340088
87.0,16.875,3.315211772918701,9.372682571411133,8.699678421020508,140.24264526367188,7.991835117340088
88.0,16.875,3.298408269882202,9.313287734985352,8.701434135437012,140.23583984375,7.991835117340088
89.0,16.875,3.282581090927124,9.254412651062012,8.703085899353027,140.22927856445312,7.991835117340088
90.0,16.875,3.267744779586792,9.196022033691406,8.704636573791504,140.22291564941406,7.991835117340088
91.0,16.875,3.253845691680908,9.13808536529541,8.706088066101074,140.21678161621094,7.991835117340088
92.0,16.875,3.240889310836792,9.08056926727295,8.707442283630371,140.21084594726562,7.991835117340088
93.0,16.875,3.228839635848999,9.023443222045898,8.708700180053711,140.2051239013672,7.991835117340088
94.0,16.875,3.2176897525787354,8.966675758361816,8.709864616394043,140.19960021972656,7.991835117340088
95.0,16.875,3.2139880657196045,8.911952018737793,8.71025276184082,140.18797302246094,7.991835117340088
96.0,16.875,3.2144010066986084,8.858109474182129,8.710209846496582,140.17335510253906,7.991835117340088
97.0,16.875,3.2156739234924316,8.804207801818848,8.710077285766602,140.15884399414062,7.991835117340088
98.0,16.875,3.216280937194824,8.749903678894043,8.710012435913086,140.1459197998047,7.991835117340088
99.0,16.875,3.2171695232391357,8.69542121887207,8.709919929504395,140.1336669921875,7.991835117340088
100.0,16.875,3.2189040184020996,8.640870094299316,8.709738731384277,140.1215362548828,7.991835117340088
101.0,16.875,3.2214972972869873,8.586223602294922,8.709466934204102,140.10951232910156,7.991835117340088
102.0,16.875,3.224945306777954,8.531454086303711,8.7091064453125,140.09759521484375,7.991835117340088
103.0,16.875,3.229278087615967,8.476532936096191,8.70865535736084,140.08575439453125,7.991835117340088
104.0,16.875,3.234450578689575,8.42143440246582,8.708113670349121,140.07403564453125,7.991835117340088
105.0,16.875,3.2405245304107666,8.366129875183105,8.707480430603027,140.0623779296875,7.991835117340088
106.0,16.875,3.2474725246429443,8.310590744018555,8.706754684448242,140.05081176757812,7.991835117340088
107.0,16.875,3.2553136348724365,8.254789352416992,8.70593547821045,140.03932189941406,7.991835117340088
108.0,16.875,3.2646985054016113,8.198720932006836,8.704955101013184,140.0272674560547,7.991835117340088
109.0,16.875,3.2830593585968018,8.142483711242676,8.703036308288574,140.00726318359375,7.991835117340088
110.0,16.875,3.3038172721862793,8.085598945617676,8.700868606567383,139.98585510253906,7.991835117340088
111.0,16.875,3.3257322311401367,8.027975082397461,8.698578834533691,139.96429443359375,7.991835117340088
112.0,16.875,3.3488543033599854,7.96956729888916,8.69616413116455,139.9425506591797,7.991835117340088
113.0,16.875,3.3732059001922607,7.9103288650512695,8.693619728088379,139.92062377929688,7.991835117340088
114.0,16.875,3.3988418579101562,7.850212097167969,8.690942764282227,139.8984832763672,7.991835117340088
115.0,16.875,3.425788640975952,7.789165019989014,8.688126564025879,139.87612915039062,7.991835117340088
116.0,16.875,3.4541051387786865,7.727136611938477,8.685168266296387,139.85353088378906,7.991835117340088
117.0,16.875,3.4838528633117676,7.664069652557373,8.682062149047852,139.83065795898438,7.991835117340088
118.0,16.875,3.5125889778137207,7.600234031677246,8.679059982299805,139.80995178222656,7.991835117340088
119.0,16.875,3.5359058380126953,7.536372184753418,8.676624298095703,139.79576110839844,7.991835117340088
120.0,16.875,3.5604910850524902,7.471656322479248,8.674055099487305,139.78150939941406,7.991835117340088
121.0,16.875,3.58640456199646,7.406040668487549,8.671348571777344,139.7671661376953,7.991835117340088
122.0,16.875,3.6136653423309326,7.339468955993652,8.668500900268555,139.75274658203125,7.991835117340088
123.0,16.875,3.6369290351867676,7.273067474365234,8.666069984436035,139.74346923828125,7.991835117340088
124.0,16.875,3.660414457321167,7.206071853637695,8.663616180419922,139.7352294921875,7.991835117340088
125.0,16.875,3.6851894855499268,7.13822078704834,8.661028861999512,139.72702026367188,7.991835117340088
126.0,16.875,3.711273193359375,7.069468021392822,8.658304214477539,139.71885681152344,7.991835117340088
127.0,16.875,3.741394519805908,6.998991966247559,8.655157089233398,139.7081756591797,7.991835117340088
128.0,16.875,3.7763454914093018,6.926380634307861,8.651507377624512,139.69430541992188,7.991835117340088
129.0,16.875,3.812943935394287,6.8524322509765625,8.647683143615723,139.6803436279297,7.991835117340088
130.0,16.875,3.8512778282165527,6.777068614959717,8.643677711486816,139.666259765625,7.991835117340088
131.0,16.875,3.891420841217041,6.7002129554748535,8.639485359191895,139.65203857421875,7.991835117340088
132.0,16.875,3.9330620765686035,6.6219162940979,8.63513469696045,139.63803100585938,7.991835117340088
133.0,16.875,3.973996877670288,6.54299259185791,8.630858421325684,139.62631225585938,7.991835117340088
134.0,16.875,4.016838550567627,6.462459564208984,8.626382827758789,139.61451721191406,7.991835117340088
135.0,16.875,4.061676025390625,6.3802266120910645,8.621700286865234,139.60263061523438,7.991835117340088
136.0,16.875,4.1085896492004395,6.29619836807251,8.616800308227539,139.5906524658203,7.991835117340088
137.0,16.875,4.1576666831970215,6.210272312164307,8.611673355102539,139.57858276367188,7.991835117340088
138.0,16.875,4.209014415740967,6.122338771820068,8.606308937072754,139.56640625,7.991835117340088
139.0,16.875,4.2627482414245605,6.032279014587402,8.60069465637207,139.55410766601562,7.991835117340088
140.0,16.875,4.3185811042785645,5.940174102783203,8.594862937927246,139.54202270507812,7.991835117340088
141.0,16.875,4.378403186798096,5.845006942749023,8.588613510131836,139.52862548828125,7.991835117340088
142.0,16.875,4.478858470916748,5.727472305297852,8.578119277954102,139.48306274414062,7.991835117340088
143.0,16.875,4.589375019073486,5.602280139923096,8.566574096679688,139.43206787109375,7.991835117340088
144.0,16.875,4.714329242706299,5.466639041900635,8.553521156311035,139.37237548828125,7.991835117340088
145.0,16.875,4.847375392913818,5.323603630065918,8.539623260498047,139.30966186523438,7.991835117340088
146.0,16.875,4.930879592895508,5.206377983093262,8.530900001525879,139.29078674316406,7.991835117340088
147.0,16.875,4.988184928894043,5.103253364562988,8.524913787841797,139.2957000732422,7.991835117340088
148.0,16.875,5.048079490661621,4.997859477996826,8.518656730651855,139.3009796142578,7.991835117340088
149.0,16.875,5.110711097717285,4.8900628089904785,8.512114524841309,139.30661010742188,7.991835117340088
150.0,16.875,5.1761860847473145,4.779727935791016,8.505274772644043,139.31263732910156,7.991835117340088
151.0,16.875,5.259674072265625,4.656950950622559,8.496552467346191,139.30775451660156,7.991835117340088
152.0,16.875,5.417104721069336,4.484075546264648,8.480107307434082,139.25108337402344,7.991835117340088
153.0,16.875,5.500313758850098,4.358303546905518,8.471415519714355,139.2534942626953,7.991835117340088
154.0,16.875,5.5872626304626465,4.228962421417236,8.462331771850586,139.25640869140625,7.991835117340088
155.0,16.875,5.679553508758545,4.094879150390625,8.452692031860352,139.25885009765625,7.991835117340088
156.0,16.875,5.808406829833984,3.933684825897217,8.439230918884277,139.23939514160156,7.991835117340088
157.0,16.875,5.95729923248291,3.7561187744140625,8.423676490783691,139.21070861816406,7.991835117340088
158.0,16.875,6.121415138244629,3.5651252269744873,8.406533241271973,139.1768341064453,7.991835117340088
159.0,16.875,6.318497657775879,3.347027540206909,8.385945320129395,139.12680053710938,7.991835117340088
160.0,16.875,6.5344390869140625,3.111534595489502,8.363387107849121,139.07106018066406,7.991835117340088
161.0,16.875,6.749154567718506,2.873666286468506,8.340957641601562,139.0230712890625,7.991835117340088
162.0,16.875,7.0150909423828125,2.5926601886749268,8.313177108764648,138.9506072998047,7.991835117340088
163.0,16.875,7.258756160736084,2.3252248764038086,8.28772258758545,138.90013122558594,7.991835117340088
164.0,16.875,7.498151779174805,2.057852268218994,8.262714385986328,138.86021423339844,7.991835117340088
165.0,16.875,7.714995861053467,1.8057044744491577,8.240062713623047,138.84129333496094,7.991835117340088
166.0,16.875,7.880711078643799,1.5931382179260254,8.22275161743164,138.85850524902344,7.991835117340088
167.0,16.875,7.987006187438965,1.4287166595458984,8.211647033691406,138.9142303466797,7.991835117340088
168.0,16.875,8.105219841003418,1.2542752027511597,8.199298858642578,138.96803283691406,7.991835117340088
169.0,16.875,8.414857864379883,0.9169896841049194,8.166952133178711,138.9278106689453,7.991835117340088
170.0,16.875,8.821895599365234,0.49264246225357056,8.124431610107422,138.84927368164062,7.991835117340088
171.0,16.875,9.103414535522461,0.17238333821296692,8.095024108886719,138.84530639648438,7.991835117340088
236.0,16.875,9.992018699645996,0.003530457615852356,8.002197265625,149.07493591308594,7.991835117340088
237.0,16.875,9.992025375366211,0.10603945702314377,8.002197265625,149.21484375,7.991835117340088
238.0,16.875,9.99201774597168,0.21097752451896667,8.002197265625,149.35292053222656,7.991835117340088
239.0,16.875,9.992025375366211,0.31830668449401855,8.002197265625,149.48916625976562,7.991835117340088
240.0,16.875,9.992019653320312,0.42800289392471313,8.002197265625,149.62350463867188,7.991835117340088
241.0,16.875,9.992023468017578,0.5400242209434509,8.002197265625,149.75592041015625,7.991835117340088
242.0,16.875,9.992025375366211,0.6543371677398682,8.002197265625,149.8863525390625,7.991835117340088
243.0,16.875,9.992027282714844,0.7709076404571533,8.002197265625,150.0147705078125,7.991835117340088
244.0,16.875,9.99203109741211,0.8897088766098022,8.002197265625,150.14114379882812,7.991835117340088
245.0,16.875,9.992016792297363,1.0106931924819946,8.002197265625,150.26539611816406,7.991835117340088
246.0,16.875,9.992021560668945,1.1338284015655518,8.002197265625,150.38754272460938,7.991835117340088
247.0,16.875,9.992015838623047,1.25907301902771,8.002197265625,150.50750732421875,7.991835117340088
248.0,16.875,9.992013931274414,1.3863953351974487,8.002197265625,150.62527465820312,7.991835117340088
249.0,16.875,9.992021560668945,1.5157560110092163,8.002197265625,150.74081420898438,7.991835117340088
250.0,16.875,9.992019653320312,1.647109866142273,8.002197265625,150.85406494140625,7.991835117340088
251.0,16.875,9.992022514343262,1.780419111251831,8.002197265625,150.9650115966797,7.991835117340088
252.0,16.875,9.992033004760742,1.915644884109497,8.002197265625,151.07362365722656,7.991835117340088
253.0,16.875,9.992012977600098,2.052748680114746,8.002197265625,151.17982482910156,7.991835117340088
254.0,16.875,9.99201774597168,2.191683292388916,8.002197265625,151.2836456298828,7.991835117340088
255.0,16.875,9.992021560668945,2.3324103355407715,8.002197265625,151.38502502441406,7.991835117340088
256.0,16.875,9.992012023925781,2.4748830795288086,8.002197265625,151.48391723632812,7.991835117340088
257.0,16.875,9.992015838623047,2.6190590858459473,8.002197265625,151.580322265625,7.991835117340088
258.0,16.875,9.99201774597168,2.764895439147949,8.002197265625,151.6741943359375,7.991835117340088
259.0,16.875,9.992027282714844,2.9123520851135254,8.002197265625,151.76551818847656,7.991835117340088
260.0,16.875,9.992019653320312,3.061377763748169,8.002197265625,151.85423278808594,7.991835117340088
261.0,16.875,9.99201488494873,3.211930751800537,8.002197265625,151.94033813476562,7.991835117340088
262.0,16.875,9.992027282714844,3.3639588356018066,8.002197265625,152.02381896972656,7.991835117340088
263.0,16.875,9.992034912109375,3.517422914505005,8.002197265625,152.10462951660156,7.991835117340088
264.0,16.875,9.992016792297363,3.6722769737243652,8.002197265625,152.18272399902344,7.991835117340088
265.0,16.875,9.992026329040527,3.828468084335327,8.002197265625,152.2581329345703,7.991835117340088
266.0,16.875,9.99201488494873,3.9859516620635986,8.002197265625,152.33078002929688,7.991835117340088
267.0,16.875,9.99201488494873,4.144677639007568,8.002197265625,152.4006805419922,7.991835117340088
268.0,16.875,9.992018699645996,4.304598331451416,8.002197265625,152.46780395507812,7.991835117340088
269.0,16.875,9.992029190063477,4.465673446655273,8.002197265625,152.53213500976562,7.991835117340088
270.0,16.875,9.992025375366211,4.627840042114258,8.002197265625,152.5936279296875,7.991835117340088
271.0,16.875,9.992021560668945,4.791055679321289,8.002197265625,152.65228271484375,7.991835117340088
272.0,16.875,9.992022514343262,4.955269813537598,8.002197265625,152.7080841064453,7.991835117340088
273.0,16.875,9.992027282714844,5.120438575744629,8.002197265625,152.76101684570312,7.991835117340088
274.0,16.875,9.992025375366211,5.286500930786133,8.002197265625,152.81105041503906,7.991835117340088
275.0,16.875,9.992030143737793,5.4534101486206055,8.002197265625,152.85818481445312,7.991835117340088
276.0,16.875,9.992025375366211,5.62111759185791,8.002197265625,152.9023895263672,7.991835117340088
277.0,16.875,9.992024421691895,5.789570331573486,8.002197265625,152.94366455078125,7.991835117340088
278.0,16.875,9.992023468017578,5.95872163772583,8.002197265625,152.98199462890625,7.991835117340088
279.0,16.875,9.992021560668945,6.128513813018799,8.002197265625,153.01736450195312,7.991835117340088
280.0,16.875,9.992027282714844,6.298896312713623,8.002197265625,153.04977416992188,7.991835117340088
281.0,16.875,9.992022514343262,6.46981954574585,8.002197265625,153.07919311523438,7.991835117340088
282.0,16.875,9.992013931274414,6.6412272453308105,8.002197265625,153.10562133789062,7.991835117340088
283.0,16.875,9.99203872680664,6.813077926635742,8.002197265625,153.12908935546875,7.991835117340088
284.0,16.875,9.99203109741211,6.9853057861328125,8.002197265625,153.14952087402344,7.991835117340088
285.0,16.875,9.992012023925781,7.157864093780518,8.002197265625,153.16693115234375,7.991835117340088
286.0,16.875,9.99201488494873,7.330698490142822,8.002197265625,153.1813507080078,7.991835117340088
287.0,16.875,9.99203109741211,7.5037617683410645,8.002197265625,153.19276428222656,7.991835117340088
288.0,16.875,9.99201774597168,7.677000999450684,8.002197265625,153.2011260986328,7.991835117340088
289.0,16.875,9.992008209228516,7.850354194641113,8.002197265625,153.2064666748047,7.991835117340088
290.0,16.875,9.992018699645996,8.023775100708008,8.002197265625,153.20880126953125,7.991835117340088
291.0,16.875,9.992018699645996,8.197209358215332,8.002197265625,153.20809936523438,7.991835117340088
292.0,16.875,9.992024421691895,8.370606422424316,8.002197265625,153.20437622070312,7.991835117340088
293.0,16.875,9.992020606994629,8.543915748596191,8.002197265625,153.19761657714844,7.991835117340088
294.0,16.875,9.992018699645996,8.717074394226074,8.002197265625,153.18783569335938,7.991835117340088
295.0,16.875,9.992015838623047,8.89003849029541,8.002197265625,153.17503356933594,7.991835117340088
296.0,16.875,9.992023468017578,9.062753677368164,8.002197265625,153.1592254638672,7.991835117340088
297.0,16.875,9.992020606994629,9.235163688659668,8.002197265625,153.14039611816406,7.991835117340088
298.0,16.875,9.992035865783691,9.407225608825684,8.002197265625,153.1185760498047,7.991835117340088
299.0,16.875,9.992027282714844,9.578874588012695,8.002197265625,153.09373474121094,7.991835117340088
300.0,16.875,9.992020606994629,9.750062942504883,8.002197265625,153.06590270996094,7.991835117340088
301.0,16.875,9.992021560668945,9.92074203491211,8.002197265625,153.03509521484375,7.991835117340088
302.0,16.875,9.992036819458008,10.090860366821289,8.002197265625,153.00132751464844,7.991835117340088
303.0,16.875,9.992011070251465,10.260360717773438,8.002197265625,152.9645538330078,7.991835117340088
304.0,16.875,9.992021560668945,10.429191589355469,8.002197265625,152.92486572265625,7.991835117340088
305.0,16.875,9.992027282714844,10.597305297851562,8.002197265625,152.88223266601562,7.991835117340088
306.0,16.875,9.99203109741211,10.7646484375,8.002197265625,152.836669921875,7.991835117340088
307.0,16.875,9.992021560668945,10.931175231933594,8.002197265625,152.78817749023438,7.991835117340088
308.0,16.875,9.992023468017578,11.096826553344727,8.002197265625,152.73680114746094,7.991835117340088
309.0,16.875,9.992012023925781,11.261556625366211,8.002197265625,152.68252563476562,7.991835117340088
310.0,16.875,9.992026329040527,11.425313949584961,8.002197265625,152.6254119873047,7.991835117340088
311.0,16.875,9.992023468017578,11.588047981262207,8.002197265625,152.5654296875,7.991835117340088
312.0,16.875,9.992013931274414,11.749715805053711,8.002197265625,152.5026092529297,7.991835117340088
313.0,16.875,9.992022514343262,11.910258293151855,8.002197265625,152.43699645996094,7.991835117340088
314.0,16.875,9.992029190063477,12.069632530212402,8.002197265625,152.36859130859375,7.991835117340088
315.0,16.875,9.992016792297363,12.227787017822266,8.002197265625,152.29739379882812,7.991835117340088
316.0,16.875,9.992021560668945,12.384676933288574,8.002197265625,152.2234649658203,7.991835117340088
317.0,16.875,9.992023468017578,12.540254592895508,8.002197265625,152.1468048095703,7.991835117340088
318.0,16.875,9.992026329040527,12.69446849822998,8.002197265625,152.06744384765625,7.991835117340088
319.0,16.875,9.992010116577148,12.847271919250488,8.002197265625,151.98538208007812,7.991835117340088
320.0,16.875,9.992019653320312,12.99862003326416,8.002197265625,151.90069580078125,7.991835117340088
321.0,16.875,9.992018699645996,13.148468017578125,8.002197265625,151.81336975097656,7.991835117340088
322.0,16.875,9.99202823638916,13.296773910522461,8.002197265625,151.72344970703125,7.991835117340088
323.0,16.875,9.992030143737793,13.443480491638184,8.002197265625,151.63095092773438,7.991835117340088
324.0,16.875,9.992019653320312,13.588554382324219,8.002197265625,151.535888671875,7.991835117340088
325.0,16.875,9.992021560668945,13.731945037841797,8.002197265625,151.43832397460938,7.991835117340088
326.0,16.875,9.992021560668945,13.87360954284668,8.002197265625,151.33827209472656,7.991835117340088
327.0,16.875,9.992026329040527,14.013513565063477,8.002197265625,151.2357635498047,7.991835117340088
328.0,16.875,9.992015838623047,14.151602745056152,8.002197265625,151.1308135986328,7.991835117340088
329.0,16.875,9.992029190063477,14.28783893585205,8.002197265625,151.02349853515625,7.991835117340088
330.0,16.875,9.992013931274414,14.422181129455566,8.002197265625,150.91378784179688,7.991835117340088
331.0,16.875,9.992032051086426,14.55459213256836,8.002197265625,150.80178833007812,7.991835117340088
332.0,16.875,9.992027282714844,14.685022354125977,8.002197265625,150.68746948242188,7.991835117340088
333.0,16.875,9.992013931274414,14.813440322875977,8.002197265625,150.5708770751953,7.991835117340088
334.0,16.875,9.992030143737793,14.939805030822754,8.002197265625,150.4521026611328,7.991835117340088
335.0,16.875,9.992025375366211,15.064072608947754,8.002197265625,150.33111572265625,7.991835117340088
336.0,16.875,9.992025375366211,15.18621826171875,8.002197265625,150.20797729492188,7.991835117340088
337.0,16.875,9.992015838623047,15.306190490722656,8.002197265625,150.0827178955078,7.991835117340088
338.0,16.875,9.992019653320312,15.42396068572998,8.002197265625,149.9553985595703,7.991835117340088
339.0,16.875,9.992023468017578,15.539487838745117,8.002197265625,149.8260498046875,7.991835117340088
340.0,16.875,9.99201774597168,15.652739524841309,8.002197265625,149.69468688964844,7.991835117340088
341.0,16.875,9.992015838623047,15.763686180114746,8.002197265625,149.56137084960938,7.991835117340088
342.0,16.875,9.992018699645996,15.872286796569824,8.002197265625,149.4261474609375,7.991835117340088
343.0,16.875,9.992018699645996,15.978509902954102,8.002197265625,149.28904724121094,7.991835117340088
344.0,16.875,9.992022514343262,16.082326889038086,8.002197265625,149.15011596679688,7.991835117340088
345.0,16.875,9.992015838623047,16.183698654174805,8.002197265625,149.00938415527344,7.991835117340088
346.0,16.875,9.992021560668945,16.28260612487793,8.002197265625,148.86691284179688,7.991835117340088
347.0,16.875,9.992027282714844,16.379005432128906,8.002197265625,148.72274780273438,7.991835117340088
348.0,16.875,9.992022514343262,16.472875595092773,8.002197265625,148.576904296875,7.991835117340088
349.0,16.875,9.992018699645996,16.564186096191406,8.002197265625,148.429443359375,7.991835117340088
350.0,16.875,9.992023468017578,16.652910232543945,8.002197265625,148.28042602539062,7.991835117340088
351.0,16.875,9.992020606994629,16.73902130126953,8.002197265625,148.12986755371094,7.991835117340088
352.0,16.875,9.992023468017578,16.82248878479004,8.002197265625,147.97784423828125,7.991835117340088
353.0,16.875,9.992026329040527,16.903291702270508,8.002197265625,147.8243865966797,7.991835117340088
354.0,16.875,9.992023468017578,16.98140525817871,8.002197265625,147.66952514648438,7.991835117340088
355.0,16.875,9.992019653320312,17.056798934936523,8.002197265625,147.51333618164062,7.991835117340088
356.0,16.875,9.992022514343262,17.12946319580078,8.002197265625,147.35585021972656,7.991835117340088
357.0,16.875,9.992016792297363,17.19936180114746,8.002197265625,147.19711303710938,7.991835117340088
358.0,16.875,9.992022514343262,17.266483306884766,8.002197265625,147.03720092773438,7.991835117340088
359.0,16.875,9.992020606994629,17.330801010131836,8.002197265625,146.87612915039062,7.991835117340088
0.0,11.25,14.87065601348877,21.943822860717773,8.002197265625,148.52232360839844,7.991835117340088
1.0,11.25,14.870651245117188,22.03334617614746,8.002197265625,148.27938842773438,7.991835117340088
2.0,11.25,14.870651245117188,22.118619918823242,8.002197265625,148.03492736816406,7.991835117340088
3.0,11.25,14.870652198791504,22.19961166381836,8.002197265625,147.78903198242188,7.991835117340088
4.0,11.25,14.870651245117188,22.27630043029785,8.002197265625,147.541748046875,7.991835117340088
5.0,11.25,14.870650291442871,22.348661422729492,8.002197265625,147.2931671142578,7.991835117340088
6.0,11.25,14.87065315246582,22.416675567626953,8.002197265625,147.04336547851562,7.991835117340088
7.0,11.25,14.87065315246582,22.480318069458008,8.002197265625,146.7924041748047,7.991835117340088
8.0,11.25,14.870649337768555,22.539567947387695,8.002197265625,146.54037475585938,7.991835117340088
9.0,11.25,14.870651245117188,22.59441375732422,8.002197265625,146.287353515625,7.991835117340088
10.0,11.25,14.87065315246582,22.64483642578125,8.002197265625,146.03341674804688,7.991835117340088
11.0,11.25,14.87065315246582,22.69081687927246,8.002197265625,145.7786407470703,7.991835117340088
12.0,11.25,14.870650291442871,22.732343673706055,8.002197265625,145.52308654785156,7.991835117340088
13.0,11.25,14.870654106140137,22.769407272338867,8.002197265625,145.26686096191406,7.991835117340088
14.0,11.25,14.87065315246582,22.801990509033203,8.002197265625,145.01002502441406,7.991835117340088
15.0,11.25,14.870654106140137,22.830087661743164,8.002197265625,144.75265502929688,7.991835117340088
16.0,11.25,14.870650291442871,22.85368537902832,8.002197265625,144.4948272705078,7.991835117340088
17.0,11.25,14.870651245117188,22.872783660888672,8.002197265625,144.23663330078125,7.991835117340088
18.0,11.25,14.870649337768555,22.88736915588379,8.002197265625,143.9781494140625,7.991835117340088
19.0,11.25,14.870649337768555,22.897445678710938,8.002197265625,143.71945190429688,7.991835117340088
20.0,11.25,14.733418464660645,22.76612091064453,8.01183032989502,143.4588623046875,7.991835117340088
21.0,11.25,14.402117729187012,22.43667221069336,8.03508472442627,143.20391845703125,7.991835117340088
22.0,11.25,14.040825843811035,22.0729923248291,8.060443878173828,142.961181640625,7.991835117340088
23.0,11.25,12.912099838256836,20.940383911132812,8.139671325683594,142.76144409179688,7.991835117340088
24.0,11.25,12.145377159118652,20.16593360900879,8.193489074707031,142.5805206298828,7.991835117340088
25.0,11.25,11.310898780822754,19.321922302246094,8.252062797546387,142.4315185546875,7.991835117340088
26.0,11.25,10.917688369750977,18.91496467590332,8.2796630859375,142.27130126953125,7.991835117340088
27.0,11.25,10.078621864318848,18.063865661621094,8.338558197021484,142.173583984375,7.991835117340088
28.0,11.25,9.478199005126953,17.449052810668945,8.38070297241211,142.07513427734375,7.991835117340088
29.0,11.25,9.205657005310059,17.15770149230957,8.399833679199219,141.9507293701172,7.991835117340088
30.0,11.25,8.468867301940918,16.40789222717285,8.451550483703613,141.91073608398438,7.991835117340088
31.0,11.25,8.072420120239258,15.99374008178711,8.479377746582031,141.8359375,7.991835117340088
32.0,11.25,7.790645599365234,15.691816329956055,8.49915599822998,141.75279235839844,7.991835117340088
33.0,11.25,7.583827972412109,15.462553024291992,8.513672828674316,141.66384887695312,7.991835117340088
34.0,11.25,7.389630317687988,15.244826316833496,8.527303695678711,141.57955932617188,7.991835117340088
35.0,11.25,7.0724711418151855,14.907586097717285,8.549566268920898,141.53257751464844,7.991835117340088
36.0,11.25,6.838003635406494,14.65056324005127,8.566023826599121,141.47511291503906,7.991835117340088
37.0,11.25,6.680469512939453,14.46735668182373,8.577081680297852,141.40457153320312,7.991835117340088
38.0,11.25,6.532289981842041,14.29265022277832,8.587482452392578,141.33709716796875,7.991835117340088
39.0,11.25,6.392277717590332,14.125310897827148,8.597310066223145,141.27256774902344,7.991835117340088
40.0,11.25,6.156954765319824,13.867914199829102,8.6138277053833,141.2446746826172,7.991835117340088
41.0,11.25,5.954534530639648,13.642242431640625,8.628035545349121,141.21376037597656,7.991835117340088
42.0,11.25,5.75623083114624,13.421138763427734,8.641955375671387,141.18858337402344,7.991835117340088
43.0,11.25,5.588710784912109,13.229329109191895,8.65371322631836,141.15884399414062,7.991835117340088
44.0,11.25,5.432062149047852,13.04811954498291,8.664709091186523,141.130859375,7.991835117340088
45.0,11.25,5.290140151977539,12.880938529968262,8.674671173095703,141.1024932861328,7.991835117340088
46.0,11.25,5.207245349884033,12.767574310302734,8.680489540100098,141.05416870117188,7.991835117340088
47.0,11.25,5.127176284790039,12.656536102294922,8.68610954284668,141.00787353515625,7.991835117340088
48.0,11.25,5.049661636352539,12.547602653503418,8.691550254821777,140.96360778808594,7.991835117340088
49.0,11.25,4.97582483291626,12.441770553588867,8.696733474731445,140.9207000732422,7.991835117340088
50.0,11.25,4.905457973480225,12.338848114013672,8.701672554016113,140.87908935546875,7.991835117340088
51.0,11.25,4.803067684173584,12.208233833312988,8.70885944366455,140.8564453125,7.991835117340088
52.0,11.25,4.688993453979492,12.06818962097168,8.716866493225098,140.84365844726562,7.991835117340088
53.0,11.25,4.581417560577393,11.934469223022461,8.724417686462402,140.83154296875,7.991835117340088
54.0,11.25,4.484847068786621,11.81075382232666,8.731196403503418,140.81732177734375,7.991835117340088
55.0,11.25,4.402609348297119,11.699563026428223,8.736968040466309,140.79861450195312,7.991835117340088
56.0,11.25,4.3536787033081055,11.61599349975586,8.740403175354004,140.76382446289062,7.991835117340088
57.0,11.25,4.307007789611816,11.534157752990723,8.74367904663086,140.72987365722656,7.991835117340088
58.0,11.25,4.26253080368042,11.453961372375488,8.746801376342773,140.69667053222656,7.991835117340088
59.0,11.25,4.2201385498046875,11.3753080368042,8.749776840209961,140.66419982910156,7.991835117340088
60.0,11.25,4.179751396179199,11.298110008239746,8.75261116027832,140.63241577148438,7.991835117340088
61.0,11.25,4.139866828918457,11.221202850341797,8.755411148071289,140.60220336914062,7.991835117340088
62.0,11.25,4.101456165313721,11.14533805847168,8.75810718536377,140.57289123535156,7.991835117340088
63.0,11.25,4.056881427764893,11.064870834350586,8.761235237121582,140.54954528808594,7.991835117340088
64.0,11.25,4.002366065979004,10.977313995361328,8.765061378479004,140.53497314453125,7.991835117340088
65.0,11.25,3.948894500732422,10.890911102294922,8.768815994262695,140.52188110351562,7.991835117340088
66.0,11.25,3.8978915214538574,10.806686401367188,8.772396087646484,140.50921630859375,7.991835117340088
67.0,11.25,3.8492400646209717,10.724512100219727,8.775810241699219,140.4969482421875,7.991835117340088
68.0,11.25,3.802825450897217,10.644271850585938,8.779067993164062,140.4850616455078,7.991835117340088
69.0,11.25,3.758561611175537,10.565853118896484,8.78217601776123,140.4735107421875,7.991835117340088
70.0,11.25,3.738025665283203,10.503275871276855,8.78361701965332,140.44590759277344,7.991835117340088
71.0,11.25,3.725804090499878,10.44580078125,8.78447437286377,140.4132537841797,7.991835117340088
72.0,11.25,3.7147152423858643,10.38863468170166,8.785252571105957,140.380859375,7.991835117340088
73.0,11.25,3.704754590988159,10.331748008728027,8.7859525680542,140.34869384765625,7.991835117340088
74.0,11.25,3.695890426635742,10.275105476379395,8.786574363708496,140.31675720214844,7.991835117340088
75.0,11.25,3.6881191730499268,10.218672752380371,8.78711986541748,140.28501892089844,7.991835117340088
76.0,11.25,3.6742634773254395,10.158349990844727,8.788092613220215,140.25933837890625,7.991835117340088
77.0,11.25,3.655055522918701,10.094820022583008,8.789441108703613,140.23928833007812,7.991835117340088
78.0,11.25,3.6370139122009277,10.031864166259766,8.790706634521484,140.2195587158203,7.991835117340088
79.0,11.25,3.620138168334961,9.969443321228027,8.791892051696777,140.20010375976562,7.991835117340088
80.0,11.25,3.60166072845459,9.906137466430664,8.793188095092773,140.1832733154297,7.991835117340088
81.0,11.25,3.5839345455169678,9.843182563781738,8.794432640075684,140.16705322265625,7.991835117340088
82.0,11.25,3.567317008972168,9.780769348144531,8.795598983764648,140.151123046875,7.991835117340088
83.0,11.25,3.5518252849578857,9.718854904174805,8.796687126159668,140.1354217529297,7.991835117340088
84.0,11.25,3.5374019145965576,9.657403945922852,8.797698020935059,140.11997985839844,7.991835117340088
85.0,11.25,3.524057149887085,9.596380233764648,8.798635482788086,140.10475158691406,7.991835117340088
86.0,11.25,3.511762857437134,9.535745620727539,8.799498558044434,140.08973693847656,7.991835117340088
87.0,11.25,3.5004937648773193,9.475468635559082,8.800289154052734,140.07493591308594,7.991835117340088
88.0,11.25,3.4902384281158447,9.415512084960938,8.801009178161621,140.06033325195312,7.991835117340088
89.0,11.25,3.477483034133911,9.35455322265625,8.801904678344727,140.04916381835938,7.991835117340088
90.0,11.25,3.4603469371795654,9.292069435119629,8.803107261657715,140.04322814941406,7.991835117340088
91.0,11.25,3.4438486099243164,9.229986190795898,8.804265022277832,140.0378875732422,7.991835117340088
92.0,11.25,3.427321434020996,9.168078422546387,8.805425643920898,140.03375244140625,7.991835117340088
93.0,11.25,3.4118831157684326,9.106715202331543,8.806509017944336,140.02975463867188,7.991835117340088
94.0,11.25,3.39752197265625,9.045856475830078,8.807517051696777,140.02587890625,7.991835117340088
95.0,11.25,3.384228229522705,8.985465049743652,8.808450698852539,140.02210998535156,7.991835117340088
96.0,11.25,3.371964693069458,8.925503730773926,8.809310913085938,140.01846313476562,7.991835117340088
97.0,11.25,3.360710620880127,8.865937232971191,8.810100555419922,140.0149383544922,7.991835117340088
98.0,11.25,3.3504765033721924,8.806730270385742,8.810819625854492,140.01150512695312,7.991835117340088
99.0,11.25,3.3517911434173584,8.749987602233887,8.8107271194458,139.99786376953125,7.991835117340088
100.0,11.25,3.3540518283843994,8.693170547485352,8.810567855834961,139.98428344726562,7.991835117340088
101.0,11.25,3.356990098953247,8.636199951171875,8.810362815856934,139.9710235595703,7.991835117340088
102.0,11.25,3.3608529567718506,8.579095840454102,8.810091018676758,139.9578399658203,7.991835117340088
103.0,11.25,3.365654706954956,8.521829605102539,8.809754371643066,139.94471740722656,7.991835117340088
104.0,11.25,3.3713953495025635,8.464371681213379,8.809350967407227,139.93165588378906,7.991835117340088
105.0,11.25,3.3780910968780518,8.406688690185547,8.808880805969238,139.91864013671875,7.991835117340088
106.0,11.25,3.385744571685791,8.348750114440918,8.808343887329102,139.90567016601562,7.991835117340088
107.0,11.25,3.3943910598754883,8.290525436401367,8.807737350463867,139.89271545410156,7.991835117340088
108.0,11.25,3.4040045738220215,8.231980323791504,8.807063102722168,139.8798065185547,7.991835117340088
109.0,11.25,3.415893077850342,8.17311954498291,8.806227684020996,139.8656463623047,7.991835117340088
110.0,11.25,3.4300789833068848,8.113842964172363,8.805232048034668,139.8502197265625,7.991835117340088
111.0,11.25,3.4453341960906982,8.054054260253906,8.80416202545166,139.8347625732422,7.991835117340088
112.0,11.25,3.461671829223633,7.993714809417725,8.803014755249023,139.81927490234375,7.991835117340088
113.0,11.25,3.4854307174682617,7.932536602020264,8.801345825195312,139.79745483398438,7.991835117340088
114.0,11.25,3.5124447345733643,7.870389938354492,8.799450874328613,139.7734832763672,7.991835117340088
115.0,11.25,3.540860891342163,7.807258129119873,8.797455787658691,139.74923706054688,7.991835117340088
116.0,11.25,3.5707530975341797,7.743086814880371,8.795357704162598,139.72467041015625,7.991835117340088
117.0,11.25,3.60217022895813,7.677812576293945,8.79315185546875,139.69976806640625,7.991835117340088
118.0,11.25,3.6343138217926025,7.611478805541992,8.79089641571045,139.67535400390625,7.991835117340088
119.0,11.25,3.6588847637176514,7.545260906219482,8.78917121887207,139.65965270996094,7.991835117340088
120.0,11.25,3.684837818145752,7.4781341552734375,8.787349700927734,139.64381408691406,7.991835117340088
121.0,11.25,3.7122042179107666,7.410046100616455,8.785429954528809,139.62783813476562,7.991835117340088
122.0,11.25,3.7410049438476562,7.340936660766602,8.783407211303711,139.6117401123047,7.991835117340088
123.0,11.25,3.7713375091552734,7.270745754241943,8.781277656555176,139.595458984375,7.991835117340088
124.0,11.25,3.8032422065734863,7.199409008026123,8.77903938293457,139.57899475097656,7.991835117340088
125.0,11.25,3.835012674331665,7.127284049987793,8.776809692382812,139.5640411376953,7.991835117340088
126.0,11.25,3.8628644943237305,7.055406093597412,8.77485466003418,139.55426025390625,7.991835117340088
127.0,11.25,3.8965160846710205,6.981278896331787,8.772492408752441,139.54031372070312,7.991835117340088
128.0,11.25,3.934044361114502,6.905210971832275,8.769857406616211,139.52413940429688,7.991835117340088
129.0,11.25,3.9734115600585938,6.8276777267456055,8.767094612121582,139.50775146484375,7.991835117340088
130.0,11.25,4.0146803855896,6.748593330383301,8.764198303222656,139.49114990234375,7.991835117340088
131.0,11.25,4.057931423187256,6.667869567871094,8.761161804199219,139.4743194580078,7.991835117340088
132.0,11.25,4.1032514572143555,6.585408687591553,8.757980346679688,139.45724487304688,7.991835117340088
133.0,11.25,4.1537861824035645,6.499965667724609,8.754433631896973,139.4370880126953,7.991835117340088
134.0,11.25,4.200628280639648,6.414828300476074,8.75114631652832,139.42214965820312,7.991835117340088
135.0,11.25,4.249220371246338,6.327972412109375,8.747735023498535,139.40744018554688,7.991835117340088
136.0,11.25,4.300192832946777,6.2390899658203125,8.744156837463379,139.3924560546875,7.991835117340088
137.0,11.25,4.353618144989014,6.148087024688721,8.740407943725586,139.37721252441406,7.991835117340088
138.0,11.25,4.409573078155518,6.054837226867676,8.736479759216309,139.3617401123047,7.991835117340088
139.0,11.25,4.4682111740112305,5.959202766418457,8.7323637008667,139.3459930419922,7.991835117340088
140.0,11.25,4.529666423797607,5.861042499542236,8.728050231933594,139.3299560546875,7.991835117340088
141.0,11.25,4.6667022705078125,5.7236809730529785,8.718430519104004,139.2510528564453,7.991835117340088
142.0,11.25,4.81489896774292,5.5771403312683105,8.708028793334961,139.166259765625,7.991835117340088
143.0,11.25,4.952922344207764,5.432361602783203,8.698341369628906,139.09397888183594,7.991835117340088
144.0,11.25,5.098639011383057,5.280115127563477,8.68811321258545,139.0191192626953,7.991835117340088
145.0,11.25,5.160900115966797,5.171353340148926,8.68374252319336,139.0171356201172,7.991835117340088
146.0,11.25,5.2219038009643555,5.062407970428467,8.679460525512695,139.01869201660156,7.991835117340088
147.0,11.25,5.285763740539551,4.950953483581543,8.674978256225586,139.02047729492188,7.991835117340088
148.0,11.25,5.352636337280273,4.836843490600586,8.670284271240234,139.02247619628906,7.991835117340088
149.0,11.25,5.422654151916504,4.7199177742004395,8.665369987487793,139.02471923828125,7.991835117340088
150.0,11.25,5.562867164611816,4.557778358459473,8.65552806854248,138.97555541992188,7.991835117340088
151.0,11.25,5.738858222961426,4.36985445022583,8.643174171447754,138.903564453125,7.991835117340088
152.0,11.25,5.96080207824707,4.148159503936768,8.627595901489258,138.80239868164062,7.991835117340088
153.0,11.25,6.14727783203125,3.945633888244629,8.614506721496582,138.73388671875,7.991835117340088
154.0,11.25,6.295757293701172,3.7655465602874756,8.604084014892578,138.69871520996094,7.991835117340088
155.0,11.25,6.453001022338867,3.5769083499908447,8.593048095703125,138.66221618652344,7.991835117340088
156.0,11.25,6.746865272521973,3.2888951301574707,8.572421073913574,138.5350341796875,7.991835117340088
157.0,11.25,7.100612640380859,2.9519693851470947,8.547590255737305,138.37527465820312,7.991835117340088
158.0,11.25,7.2329840660095215,2.7703018188476562,8.538298606872559,138.37574768066406,7.991835117340088
159.0,11.25,7.356529235839844,2.5936882495880127,8.529626846313477,138.386962890625,7.991835117340088
160.0,11.25,7.522717475891113,2.3836567401885986,8.517962455749512,138.37510681152344,7.991835117340088
161.0,11.25,7.722623348236084,2.145704746246338,8.503931045532227,138.34764099121094,7.991835117340088
162.0,11.25,7.920693397521973,1.906538724899292,8.49002742767334,138.3281707763672,7.991835117340088
163.0,11.25,8.622081756591797,1.2678394317626953,8.4407958984375,138.0083465576172,7.991835117340088
164.0,11.25,9.077486038208008,0.8129323124885559,8.408829689025879,137.85618591308594,7.991835117340088
165.0,11.25,9.26447582244873,0.5681064128875732,8.39570426940918,137.87474060058594,7.991835117340088
166.0,11.25,9.505142211914062,0.27775895595550537,8.378811836242676,137.86972045898438,7.991835117340088
258.0,11.25,14.870647430419922,0.04974212497472763,8.002197265625,155.75027465820312,7.991835117340088
259.0,11.25,14.870657920837402,0.26875343918800354,8.002197265625,155.88836669921875,7.991835117340088
260.0,11.25,14.870656967163086,0.49013346433639526,8.002197265625,156.02259826660156,7.991835117340088
261.0,11.25,14.870662689208984,0.7138257622718811,8.002197265625,156.1529541015625,7.991835117340088
262.0,11.25,14.870656967163086,0.9397554993629456,8.002197265625,156.2793731689453,7.991835117340088
263.0,11.25,14.870649337768555,1.1678578853607178,8.002197265625,156.40182495117188,7.991835117340088
264.0,11.25,14.87065315246582,1.3980662822723389,8.002197265625,156.52029418945312,7.991835117340088
265.0,11.25,14.870637893676758,1.6303036212921143,8.002197265625,156.63470458984375,7.991835117340088
266.0,11.25,14.870645523071289,1.8645057678222656,8.002197265625,156.7450714111328,7.991835117340088
267.0,11.25,14.870655059814453,2.100594997406006,8.002197265625,156.85133361816406,7.991835117340088
268.0,11.25,14.870652198791504,2.3384995460510254,8.002197265625,156.9534454345703,7.991835117340088
269.0,11.25,14.870662689208984,2.5781588554382324,8.002197265625,157.05140686035156,7.991835117340088
270.0,11.25,14.870661735534668,2.819486618041992,8.002197265625,157.14515686035156,7.991835117340088
271.0,11.25,14.870646476745605,3.062410354614258,8.002197265625,157.2346649169922,7.991835117340088
272.0,11.25,14.87065601348877,3.306861400604248,8.002197265625,157.3199462890625,7.991835117340088
273.0,11.25,14.87063980102539,3.5527725219726562,8.002197265625,157.4009246826172,7.991835117340088
274.0,11.25,14.87065601348877,3.800051689147949,8.002197265625,157.47763061523438,7.991835117340088
275.0,11.25,14.87065315246582,4.048629283905029,8.002197265625,157.54998779296875,7.991835117340088
276.0,11.25,14.870650291442871,4.298433780670166,8.002197265625,157.6179962158203,7.991835117340088
277.0,11.25,14.870637893676758,4.549386024475098,8.002197265625,157.68162536621094,7.991835117340088
278.0,11.25,14.870648384094238,4.801418781280518,8.002197265625,157.7408905029297,7.991835117340088
279.0,11.25,14.870643615722656,5.054439544677734,8.002197265625,157.7957305908203,7.991835117340088
280.0,11.25,14.87065315246582,5.30837869644165,8.002197265625,157.84616088867188,7.991835117340088
281.0,11.25,14.870662689208984,5.563161849975586,8.002197265625,157.89215087890625,7.991835117340088
282.0,11.25,14.870655059814453,5.818705081939697,8.002197265625,157.9336700439453,7.991835117340088
283.0,11.25,14.87065601348877,6.074943542480469,8.002197265625,157.97073364257812,7.991835117340088
284.0,11.25,14.870649337768555,6.331779956817627,8.002197265625,158.00331115722656,7.991835117340088
285.0,11.25,14.870643615722656,6.589149475097656,8.002197265625,158.03140258789062,7.991835117340088
286.0,11.25,14.870649337768555,6.846966743469238,8.002197265625,158.0550079345703,7.991835117340088
287.0,11.25,14.87065601348877,7.105159759521484,8.002197265625,158.07411193847656,7.991835117340088
288.0,11.25,14.870655059814453,7.363651752471924,8.002197265625,158.0886993408203,7.991835117340088
289.0,11.25,14.870650291442871,7.62235164642334,8.002197265625,158.09877014160156,7.991835117340088
290.0,11.25,14.870646476745605,7.881191730499268,8.002197265625,158.1043243408203,7.991835117340088
291.0,11.25,14.870644569396973,8.140084266662598,8.002197265625,158.10536193847656,7.991835117340088
292.0,11.25,14.870658874511719,8.39896011352539,8.002197265625,158.10189819335938,7.991835117340088
293.0,11.25,14.870658874511719,8.65773868560791,8.002197265625,158.09390258789062,7.991835117340088
294.0,11.25,14.870657920837402,8.916333198547363,8.002197265625,158.08139038085938,7.991835117340088
295.0,11.25,14.870651245117188,9.174671173095703,8.002197265625,158.06436157226562,7.991835117340088
296.0,11.25,14.870648384094238,9.432671546936035,8.002197265625,158.04283142089844,7.991835117340088
297.0,11.25,14.870644569396973,9.690256118774414,8.002197265625,158.0167999267578,7.991835117340088
298.0,11.25,14.870660781860352,9.947354316711426,8.002197265625,157.98629760742188,7.991835117340088
299.0,11.25,14.870644569396973,10.203875541687012,8.002197265625,157.95127868652344,7.991835117340088
300.0,11.25,14.870656967163086,10.459744453430176,8.002197265625,157.9118194580078,7.991835117340088
301.0,11.25,14.870658874511719,10.714886665344238,8.002197265625,157.86788940429688,7.991835117340088
302.0,11.25,14.870654106140137,10.969231605529785,8.002197265625,157.8195037841797,7.991835117340088
303.0,11.25,14.870652198791504,11.22268295288086,8.002197265625,157.76669311523438,7.991835117340088
304.0,11.25,14.870656967163086,11.475177764892578,8.002197265625,157.70947265625,7.991835117340088
305.0,11.25,14.870665550231934,11.726635932922363,8.002197265625,157.64785766601562,7.991835117340088
306.0,11.25,14.870643615722656,11.97697639465332,8.002197265625,157.5818328857422,7.991835117340088
307.0,11.25,14.870648384094238,12.22613525390625,8.002197265625,157.511474609375,7.991835117340088
308.0,11.25,14.870655059814453,12.474021911621094,8.002197265625,157.43678283691406,7.991835117340088
309.0,11.25,14.870643615722656,12.720565795898438,8.002197265625,157.35775756835938,7.991835117340088
310.0,11.25,14.870649337768555,12.96569538116455,8.002197265625,157.2744598388672,7.991835117340088
311.0,11.25,14.870650291442871,13.209334373474121,8.002197265625,157.1868896484375,7.991835117340088
312.0,11.25,14.870662689208984,13.451410293579102,8.002197265625,157.0950927734375,7.991835117340088
313.0,11.25,14.870657920837402,13.691843032836914,8.002197265625,156.9990692138672,7.991835117340088
314.0,11.25,14.870641708374023,13.930563926696777,8.002197265625,156.8988494873047,7.991835117340088
315.0,11.25,14.870665550231934,14.167499542236328,8.002197265625,156.79452514648438,7.991835117340088
316.0,11.25,14.870648384094238,14.40257740020752,8.002197265625,156.68603515625,7.991835117340088
317.0,11.25,14.870658874511719,14.635733604431152,8.002197265625,156.573486328125,7.991835117340088
318.0,11.25,14.870646476745605,14.86688232421875,8.002197265625,156.4568634033203,7.991835117340088
319.0,11.25,14.870650291442871,15.09596061706543,8.002197265625,156.33624267578125,7.991835117340088
320.0,11.25,14.87065315246582,15.322901725769043,8.002197265625,156.21163940429688,7.991835117340088
321.0,11.25,14.870644569396973,15.547630310058594,8.002197265625,156.0830841064453,7.991835117340088
322.0,11.25,14.870648384094238,15.770086288452148,8.002197265625,155.9506378173828,7.991835117340088
323.0,11.25,14.87065315246582,15.990194320678711,8.002197265625,155.8143310546875,7.991835117340088
324.0,11.25,14.870648384094238,16.207887649536133,8.002197265625,155.6741943359375,7.991835117340088
325.0,11.25,14.87065315246582,16.42310333251953,8.002197265625,155.53028869628906,7.991835117340088
326.0,11.25,14.87065315246582,16.63577651977539,8.002197265625,155.3826446533203,7.991835117340088
327.0,11.25,14.87065315246582,16.845842361450195,8.002197265625,155.23130798339844,7.991835117340088
328.0,11.25,14.870647430419922,17.05323028564453,8.002197265625,155.07632446289062,7.991835117340088
329.0,11.25,14.870649337768555,17.257883071899414,8.002197265625,154.91775512695312,7.991835117340088
330.0,11.25,14.870656967163086,17.459735870361328,8.002197265625,154.75564575195312,7.991835117340088
331.0,11.25,14.870647430419922,17.658737182617188,8.002197265625,154.5900115966797,7.991835117340088
332.0,11.25,14.870658874511719,17.85481071472168,8.002197265625,154.42095947265625,7.991835117340088
333.0,11.25,14.870649337768555,18.047897338867188,8.002197265625,154.2484893798828,7.991835117340088
334.0,11.25,14.870645523071289,18.237953186035156,8.002197265625,154.0726776123047,7.991835117340088
335.0,11.25,14.870659828186035,18.424911499023438,8.002197265625,153.8936004638672,7.991835117340088
336.0,11.25,14.870645523071289,18.608718872070312,8.002197265625,153.71124267578125,7.991835117340088
337.0,11.25,14.870651245117188,18.789308547973633,8.002197265625,153.52574157714844,7.991835117340088
338.0,11.25,14.87065315246582,18.96663475036621,8.002197265625,153.3371124267578,7.991835117340088
339.0,11.25,14.87065601348877,19.140642166137695,8.002197265625,153.14541625976562,7.991835117340088
340.0,11.25,14.870651245117188,19.311279296875,8.002197265625,152.95069885253906,7.991835117340088
341.0,11.25,14.870649337768555,19.478492736816406,8.002197265625,152.75303649902344,7.991835117340088
342.0,11.25,14.870649337768555,19.642230987548828,8.002197265625,152.552490234375,7.991835117340088
343.0,11.25,14.870658874511719,19.802440643310547,8.002197265625,152.34913635253906,7.991835117340088
344.0,11.25,14.870654106140137,19.95907974243164,8.002197265625,152.1429901123047,7.991835117340088
345.0,11.25,14.870658874511719,20.11209487915039,8.002197265625,151.9341583251953,7.991835117340088
346.0,11.25,14.870647430419922,20.26144790649414,8.002197265625,151.72265625,7.991835117340088
347.0,11.25,14.870655059814453,20.407079696655273,8.002197265625,151.5086212158203,7.991835117340088
348.0,11.25,14.87065315246582,20.54895782470703,8.002197265625,151.29205322265625,7.991835117340088
349.0,11.25,14.870648384094238,20.68703269958496,8.002197265625,151.0730438232422,7.991835117340088
350.0,11.25,14.870652198791504,20.821266174316406,8.002197265625,150.85166931152344,7.991835117340088
351.0,11.25,14.870655059814453,20.95162010192871,8.002197265625,150.6279754638672,7.991835117340088
352.0,11.25,14.870649337768555,21.078041076660156,8.002197265625,150.40203857421875,7.991835117340088
353.0,11.25,14.870649337768555,21.200504302978516,8.002197265625,150.17393493652344,7.991835117340088
354.0,11.25,14.87065315246582,21.318965911865234,8.002197265625,149.94374084472656,7.991835117340088
355.0,11.25,14.87065315246582,21.433393478393555,8.002197265625,149.7115020751953,7.991835117340088
356.0,11.25,14.870651245117188,21.543752670288086,8.002197265625,149.477294921875,7.991835117340088
357.0,11.25,14.870647430419922,21.650005340576172,8.002197265625,149.24119567871094,7.991835117340088
358.0,11.25,14.87065315246582,21.75212287902832,8.002197265625,149.0032958984375,7.991835117340088
359.0,11.25,14.870652198791504,21.85007095336914,8.002197265625,148.76364135742188,7.991835117340088
0.0,5.625,29.615924835205078,35.700435638427734,8.002197265625,153.88218688964844,7.991835117340088
1.0,5.625,29.615924835205078,35.88140869140625,8.002197265625,153.3983612060547,7.991835117340088
2.0,5.625,29.615921020507812,36.05390548706055,8.002197265625,152.9114532470703,7.991835117340088
3.0,5.625,29.615928649902344,36.21788787841797,8.002197265625,152.42160034179688,7.991835117340088
4.0,5.625,29.615924835205078,36.373287200927734,8.002197265625,151.92897033691406,7.991835117340088
5.0,5.625,29.615930557250977,36.52007293701172,8.002197265625,151.43370056152344,7.991835117340088
6.0,5.625,29.615928649902344,36.65818786621094,8.002197265625,150.93592834472656,7.991835117340088
7.0,5.625,29.61592674255371,36.787593841552734,8.002197265625,150.4358367919922,7.991835117340088
8.0,5.625,29.615921020507812,36.90825271606445,8.002197265625,149.9335479736328,7.991835117340088
9.0,5.625,29.61592674255371,37.0201301574707,8.002197265625,149.4292449951172,7.991835117340088
10.0,5.625,29.61592674255371,37.12318801879883,8.002197265625,148.92306518554688,7.991835117340088
11.0,5.625,29.61592674255371,37.2173957824707,8.002197265625,148.4151611328125,7.991835117340088
12.0,5.625,29.615924835205078,37.3027229309082,8.002197265625,147.9056854248047,7.991835117340088
13.0,5.625,29.615928649902344,37.379150390625,8.002197265625,147.39480590820312,7.991835117340088
14.0,5.625,29.615928649902344,37.44664764404297,8.002197265625,146.88265991210938,7.991835117340088
15.0,5.625,29.615928649902344,37.50519561767578,8.002197265625,146.3694305419922,7.991835117340088
16.0,5.625,29.61592674255371,37.55477523803711,8.002197265625,145.85523986816406,7.991835117340088
17.0,5.625,29.615928649902344,37.59537887573242,8.002197265625,145.3402862548828,7.991835117340088
18.0,5.625,29.16227149963379,37.17423629760742,8.018186569213867,144.80088806152344,7.991835117340088
19.0,5.625,29.09636878967285,37.130672454833984,8.020508766174316,144.2904052734375,7.991835117340088
20.0,5.625,28.44187355041504,36.49003982543945,8.04357624053955,143.77157592773438,7.991835117340088
21.0,5.625,27.066329956054688,35.1197509765625,8.092056274414062,143.2753143310547,7.991835117340088
22.0,5.625,24.85860824584961,32.90967559814453,8.169866561889648,142.8414306640625,7.991835117340088
23.0,5.625,19.431718826293945,27.478145599365234,8.36113452911377,142.59652709960938,7.991835117340088
24.0,5.625,16.741046905517578,24.778074264526367,8.455965995788574,142.39825439453125,7.991835117340088
25.0,5.625,14.677331924438477,22.702861785888672,8.528700828552246,142.25039672851562,7.991835117340088
26.0,5.625,13.492205619812012,21.502912521362305,8.570469856262207,142.09823608398438,7.991835117340088
27.0,5.625,11.88999080657959,19.88791847229004,8.626938819885254,142.0311279296875,7.991835117340088
28.0,5.625,11.146568298339844,19.12703514099121,8.6531400680542,141.91551208496094,7.991835117340088
29.0,5.625,10.630546569824219,18.590991973876953,8.671327590942383,141.79444885253906,7.991835117340088
30.0,5.625,10.029399871826172,17.97022247314453,8.692514419555664,141.70497131347656,7.991835117340088
31.0,5.625,9.416717529296875,17.338359832763672,8.71410846710205,141.638671875,7.991835117340088
32.0,5.625,9.138620376586914,17.03562355041504,8.723909378051758,141.5301513671875,7.991835117340088
33.0,5.625,8.421369552612305,16.302703857421875,8.749188423156738,141.52288818359375,7.991835117340088
34.0,5.625,8.200371742248535,16.055727005004883,8.756978034973145,141.42913818359375,7.991835117340088
35.0,5.625,7.827569484710693,15.660837173461914,8.770116806030273,141.380126953125,7.991835117340088
36.0,5.625,7.490852355957031,15.301617622375488,8.781984329223633,141.33499145507812,7.991835117340088
37.0,5.625,7.183700084686279,14.971637725830078,8.79280948638916,141.2936553955078,7.991835117340088
38.0,5.625,6.879083633422852,14.644927024841309,8.803545951843262,141.26246643066406,7.991835117340088
39.0,5.625,6.72254753112793,14.460073471069336,8.809062957763672,141.19635009765625,7.991835117340088
40.0,5.625,6.5728302001953125,14.28140640258789,8.814339637756348,141.13385009765625,7.991835117340088
41.0,5.625,6.431469440460205,14.11038875579834,8.819321632385254,141.07406616210938,7.991835117340088
42.0,5.625,6.2765936851501465,13.926614761352539,8.824780464172363,141.02444458007812,7.991835117340088
43.0,5.625,6.076198101043701,13.7008056640625,8.831843376159668,140.99757385253906,7.991835117340088
44.0,5.625,5.865629196166992,13.466544151306152,8.839263916015625,140.9818572998047,7.991835117340088
45.0,5.625,5.670701026916504,13.247785568237305,8.846134185791016,140.9672393798828,7.991835117340088
46.0,5.625,5.510121822357178,13.061324119567871,8.851794242858887,140.9450225830078,7.991835117340088
47.0,5.625,5.362913608551025,12.887723922729492,8.856982231140137,140.92274475097656,7.991835117340088
48.0,5.625,5.280177593231201,12.772321701049805,8.859898567199707,140.87655639648438,7.991835117340088
49.0,5.625,5.201449871063232,12.660332679748535,8.862672805786133,140.831787109375,7.991835117340088
50.0,5.625,5.1265106201171875,12.551543235778809,8.865314483642578,140.78834533691406,7.991835117340088
51.0,5.625,5.055150985717773,12.445760726928711,8.867829322814941,140.7461700439453,7.991835117340088
52.0,5.625,4.985612869262695,12.341439247131348,8.870280265808105,140.70596313476562,7.991835117340088
53.0,5.625,4.883060455322266,12.209091186523438,8.873894691467285,140.6861114501953,7.991835117340088
54.0,5.625,4.767256736755371,12.066268920898438,8.877976417541504,140.6772918701172,7.991835117340088
55.0,5.625,4.658117771148682,11.929954528808594,8.88182258605957,140.66893005371094,7.991835117340088
56.0,5.625,4.555143356323242,11.799636840820312,8.885452270507812,140.66098022460938,7.991835117340088
57.0,5.625,4.475133895874023,11.688812255859375,8.888272285461426,140.64328002929688,7.991835117340088
58.0,5.625,4.425695419311523,11.602931022644043,8.890013694763184,140.61026000976562,7.991835117340088
59.0,5.625,4.377476692199707,11.517970085144043,8.89171314239502,140.57867431640625,7.991835117340088
60.0,5.625,4.331554889678955,11.434778213500977,8.893332481384277,140.54779052734375,7.991835117340088
61.0,5.625,4.287837028503418,11.353254318237305,8.894872665405273,140.51756286621094,7.991835117340088
62.0,5.625,4.2462263107299805,11.273300170898438,8.896339416503906,140.4879608154297,7.991835117340088
63.0,5.625,4.206639289855957,11.194828987121582,8.897734642028809,140.45895385742188,7.991835117340088
64.0,5.625,4.166996002197266,11.116290092468262,8.899131774902344,140.43186950683594,7.991835117340088
65.0,5.625,4.121315002441406,11.033416748046875,8.900742530822754,140.4108428955078,7.991835117340088
66.0,5.625,4.077794551849365,10.952285766601562,8.902276039123535,140.39031982421875,7.991835117340088
67.0,5.625,4.035275936126709,10.872035026550293,8.90377426147461,140.3710174560547,7.991835117340088
68.0,5.625,3.9838945865631104,10.785958290100098,8.905585289001465,140.360107421875,7.991835117340088
69.0,5.625,3.934917449951172,10.701985359191895,8.90731143951416,140.3495330810547,7.991835117340088
70.0,5.625,3.888258695602417,10.619988441467285,8.908955574035645,140.3392333984375,7.991835117340088
71.0,5.625,3.846514940261841,10.54160213470459,8.91042709350586,140.32713317871094,7.991835117340088
72.0,5.625,3.834366798400879,10.482196807861328,8.910855293273926,140.29388427734375,7.991835117340088
73.0,5.625,3.823418140411377,10.423123359680176,8.91124153137207,140.2608642578125,7.991835117340088
74.0,5.625,3.8136467933654785,10.364343643188477,8.911585807800293,140.22805786132812,7.991835117340088
75.0,5.625,3.8050482273101807,10.305825233459473,8.91188907623291,140.1954345703125,7.991835117340088
76.0,5.625,3.7976036071777344,10.247529029846191,8.912151336669922,140.16297912597656,7.991835117340088
77.0,5.625,3.7913002967834473,10.189422607421875,8.912373542785645,140.13067626953125,7.991835117340088
78.0,5.625,3.786123752593994,10.1314697265625,8.912555694580078,140.0985107421875,7.991835117340088
79.0,5.625,3.7820897102355957,10.073637962341309,8.912697792053223,140.06643676757812,7.991835117340088
80.0,5.625,3.779036521911621,10.015824317932129,8.912805557250977,140.03457641601562,7.991835117340088
81.0,5.625,3.7748405933380127,9.956937789916992,8.91295337677002,140.00474548339844,7.991835117340088
82.0,5.625,3.74809193611145,9.886678695678711,8.913895606994629,139.99569702148438,7.991835117340088
83.0,5.625,3.7238099575042725,9.817828178405762,8.914752006530762,139.9859161376953,7.991835117340088
84.0,5.625,3.7008988857269287,9.749825477600098,8.915558815002441,139.976318359375,7.991835117340088
85.0,5.625,3.679353952407837,9.6826171875,8.916318893432617,139.96685791015625,7.991835117340088
86.0,5.625,3.6591310501098633,9.616147994995117,8.917031288146973,139.95753479003906,7.991835117340088
87.0,5.625,3.640177011489868,9.550370216369629,8.917699813842773,139.9483642578125,7.991835117340088
88.0,5.625,3.6224822998046875,9.485235214233398,8.918323516845703,139.93931579589844,7.991835117340088
89.0,5.625,3.6060116291046143,9.420697212219238,8.918903350830078,139.93038940429688,7.991835117340088
90.0,5.625,3.59295654296875,9.357503890991211,8.919363975524902,139.9195098876953,7.991835117340088
91.0,5.625,3.5865566730499268,9.296618461608887,8.919589042663574,139.903564453125,7.991835117340088
92.0,5.625,3.5812265872955322,9.235918045043945,8.919776916503906,139.88771057128906,7.991835117340088
93.0,5.625,3.5675885677337646,9.172471046447754,8.920257568359375,139.88084411621094,7.991835117340088
94.0,5.625,3.551591157913208,9.10844612121582,8.920822143554688,139.87741088867188,7.991835117340088
95.0,5.625,3.536746025085449,9.044960975646973,8.921344757080078,139.8740692138672,7.991835117340088
96.0,5.625,3.5230419635772705,8.981971740722656,8.921828269958496,139.8708038330078,7.991835117340088
97.0,5.625,3.5104708671569824,8.919439315795898,8.922270774841309,139.8675994873047,7.991835117340088
98.0,5.625,3.498995065689087,8.857321739196777,8.922676086425781,139.86447143554688,7.991835117340088
99.0,5.625,3.488596200942993,8.79557991027832,8.923042297363281,139.86141967773438,7.991835117340088
100.0,5.625,3.4939377307891846,8.736973762512207,8.922853469848633,139.8440399169922,7.991835117340088
101.0,5.625,3.5020716190338135,8.678466796875,8.922566413879395,139.82492065429688,7.991835117340088
102.0,5.625,3.5112807750701904,8.619661331176758,8.922242164611816,139.8057403564453,7.991835117340088
103.0,5.625,3.521552324295044,8.560521125793457,8.921880722045898,139.78651428222656,7.991835117340088
104.0,5.625,3.5307672023773193,8.500747680664062,8.921555519104004,139.76934814453125,7.991835117340088
105.0,5.625,3.5378382205963135,8.440299987792969,8.921306610107422,139.75534057617188,7.991835117340088
106.0,5.625,3.5459742546081543,8.379586219787598,8.921019554138184,139.74131774902344,7.991835117340088
107.0,5.625,3.5551788806915283,8.318571090698242,8.920695304870605,139.72727966308594,7.991835117340088
108.0,5.625,3.5654587745666504,8.257216453552246,8.920332908630371,139.71322631835938,7.991835117340088
109.0,5.625,3.5771868228912354,8.195496559143066,8.919919967651367,139.69879150390625,7.991835117340088
110.0,5.625,3.592463493347168,8.133393287658691,8.919381141662598,139.681884765625,7.991835117340088
111.0,5.625,3.6089468002319336,8.0707368850708,8.918800354003906,139.66485595703125,7.991835117340088
112.0,5.625,3.6266214847564697,8.007485389709473,8.918177604675293,139.64773559570312,7.991835117340088
113.0,5.625,3.6455342769622803,7.943593502044678,8.917510986328125,139.6304931640625,7.991835117340088
114.0,5.625,3.6656882762908936,7.879015922546387,8.916799545288086,139.61314392089844,7.991835117340088
115.0,5.625,3.6871652603149414,7.81370210647583,8.916043281555176,139.5956268310547,7.991835117340088
116.0,5.625,3.709972620010376,7.747605323791504,8.915239334106445,139.5779571533203,7.991835117340088
117.0,5.625,3.742563247680664,7.6797919273376465,8.914091110229492,139.5517578125,7.991835117340088
118.0,5.625,3.7769393920898438,7.610747814178467,8.91287899017334,139.52503967285156,7.991835117340088
119.0,5.625,3.80324125289917,7.5417799949646,8.911952018737793,139.50759887695312,7.991835117340088
120.0,5.625,3.831019639968872,7.471830368041992,8.91097354888916,139.48997497558594,7.991835117340088
121.0,5.625,3.860339641571045,7.400838851928711,8.909939765930176,139.47213745117188,7.991835117340088
122.0,5.625,3.8912534713745117,7.328740119934082,8.908849716186523,139.45407104492188,7.991835117340088
123.0,5.625,3.925330400466919,7.255154132843018,8.907649040222168,139.4342803955078,7.991835117340088
124.0,5.625,3.961238145828247,7.180240154266357,8.906383514404297,139.41412353515625,7.991835117340088
125.0,5.625,3.998993396759033,7.103932857513428,8.90505313873291,139.3936309814453,7.991835117340088
126.0,5.625,4.039583683013916,7.025903701782227,8.9036226272583,139.3719024658203,7.991835117340088
127.0,5.625,4.096243858337402,6.942406177520752,8.901625633239746,139.33628845214844,7.991835117340088
128.0,5.625,4.149651050567627,6.858301162719727,8.89974308013916,139.30552673339844,7.991835117340088
129.0,5.625,4.197389602661133,6.774532318115234,8.89806079864502,139.2819061279297,7.991835117340088
130.0,5.625,4.247459411621094,6.688815593719482,8.896296501159668,139.2578125,7.991835117340088
131.0,5.625,4.299973011016846,6.601030349731445,8.894445419311523,139.23321533203125,7.991835117340088
132.0,5.625,4.3550639152526855,6.511053085327148,8.89250373840332,139.20806884765625,7.991835117340088
133.0,5.625,4.406947135925293,6.420957565307617,8.890674591064453,139.1878204345703,7.991835117340088
134.0,5.625,4.446257591247559,6.334593296051025,8.889289855957031,139.18106079101562,7.991835117340088
135.0,5.625,4.487555027008057,6.246682643890381,8.887833595275879,139.1742706298828,7.991835117340088
136.0,5.625,4.531344890594482,6.156967639923096,8.886290550231934,139.16705322265625,7.991835117340088
137.0,5.625,4.590430736541748,6.059744358062744,8.884207725524902,139.1479949951172,7.991835117340088
138.0,5.625,4.652434825897217,5.959961414337158,8.882022857666016,139.1284942626953,7.991835117340088
139.0,5.625,4.718935489654541,5.856785774230957,8.879679679870605,139.10726928710938,7.991835117340088
140.0,5.625,4.86778450012207,5.712344646453857,8.874433517456055,139.01641845703125,7.991835117340088
141.0,5.625,5.027772903442383,5.558515548706055,8.868794441223145,138.91973876953125,7.991835117340088
142.0,5.625,5.2158074378967285,5.386186599731445,8.862167358398438,138.8031463623047,7.991835117340088
143.0,5.625,5.389397621154785,5.216698169708252,8.856048583984375,138.7035369873047,7.991835117340088
144.0,5.625,5.503742218017578,5.075184345245361,8.852019309997559,138.65818786621094,7.991835117340088
145.0,5.625,5.577212333679199,4.954076766967773,8.8494291305542,138.65028381347656,7.991835117340088
146.0,5.625,5.648333549499512,4.83314323425293,8.846922874450684,138.6471405029297,7.991835117340088
147.0,5.625,5.7228546142578125,4.709152698516846,8.8442964553833,138.6440887451172,7.991835117340088
148.0,5.625,5.93963623046875,4.498549938201904,8.836655616760254,138.53041076660156,7.991835117340088
149.0,5.625,6.207136154174805,4.251792907714844,8.827228546142578,138.38278198242188,7.991835117340088
150.0,5.625,6.456722259521484,4.010107040405273,8.818431854248047,138.2563018798828,7.991835117340088
151.0,5.625,6.670434951782227,3.785936117172241,8.81089973449707,138.16429138183594,7.991835117340088
152.0,5.625,6.900556564331055,3.546598434448242,8.802788734436035,138.06625366210938,7.991835117340088
153.0,5.625,7.115347862243652,3.312833786010742,8.795219421386719,137.9864501953125,7.991835117340088
154.0,5.625,7.373380661010742,3.045471668243408,8.786124229431152,137.8816680908203,7.991835117340088
155.0,5.625,7.735517978668213,2.7008039951324463,8.773361206054688,137.70980834960938,7.991835117340088
156.0,5.625,8.084205627441406,2.358186960220337,8.761072158813477,137.55792236328125,7.991835117340088
157.0,5.625,8.729238510131836,1.7956925630569458,8.738338470458984,137.2106170654297,7.991835117340088
158.0,5.625,8.964681625366211,1.5188041925430298,8.730039596557617,137.16055297851562,7.991835117340088
159.0,5.625,9.225687026977539,1.2193294763565063,8.720840454101562,137.10125732421875,7.991835117340088
276.0,5.625,29.61591148376465,0.40586796402931213,8.002197265625,171.8594970703125,7.991835117340088
277.0,5.625,29.615930557250977,0.9059619307518005,8.002197265625,171.98892211914062,7.991835117340088
278.0,5.625,29.61591911315918,1.4082491397857666,8.002197265625,172.1095733642578,7.991835117340088
279.0,5.625,29.615921020507812,1.9125558137893677,8.002197265625,172.22145080566406,7.991835117340088
280.0,5.625,29.615922927856445,2.4187333583831787,8.002197265625,172.3245086669922,7.991835117340088
281.0,5.625,29.615936279296875,2.9266409873962402,8.002197265625,172.41873168945312,7.991835117340088
282.0,5.625,29.615938186645508,3.436103582382202,8.002197265625,172.50405883789062,7.991835117340088
283.0,5.625,29.61592674255371,3.9469995498657227,8.002197265625,172.58047485351562,7.991835117340088
284.0,5.625,29.61591911315918,4.459136962890625,8.002197265625,172.64796447753906,7.991835117340088
285.0,5.625,29.615934371948242,4.9723711013793945,8.002197265625,172.70652770996094,7.991835117340088
286.0,5.625,29.61591339111328,5.4865498542785645,8.002197265625,172.75608825683594,7.991835117340088
287.0,5.625,29.61593246459961,6.001519680023193,8.002197265625,172.7967071533203,7.991835117340088
288.0,5.625,29.61594009399414,6.517131805419922,8.002197265625,172.8283233642578,7.991835117340088
289.0,5.625,29.61593246459961,7.033195495605469,8.002197265625,172.85092163085938,7.991835117340088
290.0,5.625,29.615903854370117,7.549583911895752,8.002197265625,172.86448669433594,7.991835117340088
291.0,5.625,29.61591911315918,8.066132545471191,8.002197265625,172.86907958984375,7.991835117340088
292.0,5.625,29.615930557250977,8.58267593383789,8.002197265625,172.86465454101562,7.991835117340088
293.0,5.625,29.615938186645508,9.099079132080078,8.002197265625,172.85121154785156,7.991835117340088
294.0,5.625,29.615938186645508,9.615156173706055,8.002197265625,172.82875061035156,7.991835117340088
295.0,5.625,29.615922927856445,10.130760192871094,8.002197265625,172.79727172851562,7.991835117340088
296.0,5.625,29.615930557250977,10.64573860168457,8.002197265625,172.75682067871094,7.991835117340088
297.0,5.625,29.615915298461914,11.159933090209961,8.002197265625,172.70736694335938,7.991835117340088
298.0,5.625,29.615928649902344,11.673198699951172,8.002197265625,172.6489715576172,7.991835117340088
299.0,5.625,29.615915298461914,12.185354232788086,8.002197265625,172.58160400390625,7.991835117340088
300.0,5.625,29.61593246459961,12.69625473022461,8.002197265625,172.50534057617188,7.991835117340088
301.0,5.625,29.615928649902344,13.2057466506958,8.002197265625,172.42015075683594,7.991835117340088
302.0,5.625,29.61592674255371,13.713687896728516,8.002197265625,172.32608032226562,7.991835117340088
303.0,5.625,29.615924835205078,14.21989631652832,8.002197265625,172.22315979003906,7.991835117340088
304.0,5.625,29.615921020507812,14.72423267364502,8.002197265625,172.11141967773438,7.991835117340088
305.0,5.625,29.61592674255371,15.226543426513672,8.002197265625,171.99090576171875,7.991835117340088
306.0,5.625,29.615921020507812,15.72667121887207,8.002197265625,171.86163330078125,7.991835117340088
307.0,5.625,29.61593246459961,16.22447967529297,8.002197265625,171.72366333007812,7.991835117340088
308.0,5.625,29.615922927856445,16.71979331970215,8.002197265625,171.57701110839844,7.991835117340088
309.0,5.625,29.615930557250977,17.21247100830078,8.002197265625,171.4217529296875,7.991835117340088
310.0,5.625,29.615922927856445,17.702363967895508,8.002197265625,171.25790405273438,7.991835117340088
311.0,5.625,29.615922927856445,18.189321517944336,8.002197265625,171.08554077148438,7.991835117340088
312.0,5.625,29.615921020507812,18.6732120513916,8.002197265625,170.90469360351562,7.991835117340088
313.0,5.625,29.615934371948242,19.153860092163086,8.002197265625,170.7154541015625,7.991835117340088
314.0,5.625,29.615917205810547,19.631132125854492,8.002197265625,170.517822265625,7.991835117340088
315.0,5.625,29.615928649902344,20.104881286621094,8.002197265625,170.31192016601562,7.991835117340088
316.0,5.625,29.615924835205078,20.574966430664062,8.002197265625,170.09776306152344,7.991835117340088
317.0,5.625,29.61593246459961,21.0412540435791,8.002197265625,169.8754425048828,7.991835117340088
318.0,5.625,29.615934371948242,21.503578186035156,8.002197265625,169.64501953125,7.991835117340088
319.0,5.625,29.615928649902344,21.961809158325195,8.002197265625,169.40655517578125,7.991835117340088
320.0,5.625,29.615921020507812,22.415807723999023,8.002197265625,169.16012573242188,7.991835117340088
321.0,5.625,29.615924835205078,22.86543846130371,8.002197265625,168.90582275390625,7.991835117340088
322.0,5.625,29.615928649902344,23.31057357788086,8.002197265625,168.64370727539062,7.991835117340088
323.0,5.625,29.61593246459961,23.751054763793945,8.002197265625,168.37387084960938,7.991835117340088
324.0,5.625,29.615917205810547,24.1867618560791,8.002197265625,168.0963592529297,7.991835117340088
325.0,5.625,29.61591911315918,24.617557525634766,8.002197265625,167.81130981445312,7.991835117340088
326.0,5.625,29.615915298461914,25.043306350708008,8.002197265625,167.51878356933594,7.991835117340088
327.0,5.625,29.615928649902344,25.463909149169922,8.002197265625,167.2188720703125,7.991835117340088
328.0,5.625,29.615928649902344,25.879196166992188,8.002197265625,166.9116668701172,7.991835117340088
329.0,5.625,29.615928649902344,26.2890567779541,8.002197265625,166.59725952148438,7.991835117340088
330.0,5.625,29.615934371948242,26.69336700439453,8.002197265625,166.2757568359375,7.991835117340088
331.0,5.625,29.615928649902344,27.09202003479004,8.002197265625,165.9472198486328,7.991835117340088
332.0,5.625,29.615924835205078,27.48486328125,8.002197265625,165.61178588867188,7.991835117340088
333.0,5.625,29.61593246459961,27.871797561645508,8.002197265625,165.26956176757812,7.991835117340088
334.0,5.625,29.615924835205078,28.252695083618164,8.002197265625,164.92062377929688,7.991835117340088
335.0,5.625,29.615924835205078,28.6274471282959,8.002197265625,164.56509399414062,7.991835117340088
336.0,5.625,29.615921020507812,28.995948791503906,8.002197265625,164.20306396484375,7.991835117340088
337.0,5.625,29.615917205810547,29.358064651489258,8.002197265625,163.8346710205078,7.991835117340088
338.0,5.625,29.615922927856445,29.713701248168945,8.002197265625,163.46002197265625,7.991835117340088
339.0,5.625,29.615924835205078,30.062734603881836,8.002197265625,163.0792236328125,7.991835117340088
340.0,5.625,29.615934371948242,30.40507698059082,8.002197265625,162.69239807128906,7.991835117340088
341.0,5.625,29.615924835205078,30.74062156677246,8.002197265625,162.29962158203125,7.991835117340088
342.0,5.625,29.61591911315918,31.069252014160156,8.002197265625,161.90106201171875,7.991835117340088
343.0,5.625,29.615917205810547,31.390872955322266,8.002197265625,161.49684143066406,7.991835117340088
344.0,5.625,29.615917205810547,31.70539665222168,8.002197265625,161.08706665039062,7.991835117340088
345.0,5.625,29.615938186645508,32.01272201538086,8.002197265625,160.67189025878906,7.991835117340088
346.0,5.625,29.615936279296875,32.31275939941406,8.002197265625,160.25137329101562,7.991835117340088
347.0,5.625,29.615924835205078,32.605403900146484,8.002197265625,159.82568359375,7.991835117340088
348.0,5.625,29.615928649902344,32.89057540893555,8.002197265625,159.3949737548828,7.991835117340088
349.0,5.625,29.61593246459961,33.16818618774414,8.002197265625,158.9593505859375,7.991835117340088
350.0,5.625,29.61593246459961,33.438148498535156,8.002197265625,158.51895141601562,7.991835117340088
351.0,5.625,29.61593246459961,33.70039749145508,8.002197265625,158.07388305664062,7.991835117340088
352.0,5.625,29.61593246459961,33.9548225402832,8.002197265625,157.62432861328125,7.991835117340088
353.0,5.625,29.615922927856445,34.20137023925781,8.002197265625,157.17037963867188,7.991835117340088
354.0,5.625,29.615921020507812,34.43996047973633,8.002197265625,156.7122039794922,7.991835117340088
355.0,5.625,29.61592674255371,34.67051315307617,8.002197265625,156.2499542236328,7.991835117340088
356.0,5.625,29.615924835205078,34.892967224121094,8.002197265625,155.7837371826172,7.991835117340088
357.0,5.625,29.615924835205078,35.10725021362305,8.002197265625,155.31370544433594,7.991835117340088
358.0,5.625,29.615924835205078,35.313297271728516,8.002197265625,154.8400115966797,7.991835117340088
359.0,5.625,29.615924835205078,35.511043548583984,8.002197265625,154.36279296875,7.991835117340088
8.0,0.0,49.81523132324219,56.588985443115234,9.048101425170898,154.5626220703125,7.991835117340088
9.0,0.0,47.912906646728516,54.91859436035156,9.048020362854004,153.3153533935547,7.991835117340088
10.0,0.0,46.553592681884766,53.752864837646484,9.04796314239502,152.2344970703125,7.991835117340088
11.0,0.0,45.4532356262207,52.819026947021484,9.047916412353516,151.24290466308594,7.991835117340088
12.0,0.0,44.602046966552734,52.11085891723633,9.047881126403809,150.32606506347656,7.991835117340088
13.0,0.0,43.65519332885742,51.28986358642578,9.04784107208252,149.4229736328125,7.991835117340088
14.0,0.0,42.802772521972656,50.54475402832031,9.047804832458496,148.5623779296875,7.991835117340088
15.0,0.0,42.03742218017578,49.869606018066406,9.047772407531738,147.73895263671875,7.991835117340088
16.0,0.0,41.20686340332031,49.11393737792969,9.047737121582031,146.9349365234375,7.991835117340088
17.0,0.0,40.4196891784668,48.38645935058594,9.047703742980957,146.16177368164062,7.991835117340088
18.0,0.0,39.54899597167969,47.56134033203125,9.047667503356934,145.41062927246094,7.991835117340088
19.0,0.0,38.57830810546875,46.622623443603516,9.047626495361328,144.68551635742188,7.991835117340088
20.0,0.0,37.57342529296875,45.6367301940918,9.04758358001709,143.9931640625,7.991835117340088
21.0,0.0,36.302978515625,44.3731575012207,9.047530174255371,143.335205078125,7.991835117340088
22.0,0.0,34.76973342895508,42.8356819152832,9.047465324401855,142.72569274902344,7.991835117340088
23.0,0.0,32.66027069091797,40.71255874633789,9.047375679016113,142.18896484375,7.991835117340088
24.0,0.0,29.802587509155273,37.83466720581055,9.047255516052246,141.7639923095703,7.991835117340088
25.0,0.0,21.243825912475586,29.26487922668457,9.046894073486328,141.82681274414062,7.991835117340088
26.0,0.0,16.408000946044922,24.41828155517578,9.0466890335083,141.87017822265625,7.991835117340088
27.0,0.0,14.770447731018066,22.762454986572266,9.04662036895752,141.75338745117188,7.991835117340088
28.0,0.0,13.415641784667969,21.38872528076172,9.046563148498535,141.65994262695312,7.991835117340088
29.0,0.0,11.853402137756348,19.8111572265625,9.046496391296387,141.64247131347656,7.991835117340088
30.0,0.0,11.038555145263672,18.975900650024414,9.046462059020996,141.56387329101562,7.991835117340088
31.0,0.0,10.47026252746582,18.38460350036621,9.046438217163086,141.47149658203125,7.991835117340088
32.0,0.0,9.986735343933105,17.876813888549805,9.046418190002441,141.38319396972656,7.991835117340088
33.0,0.0,9.541985511779785,17.407169342041016,9.046399116516113,141.3040313720703,7.991835117340088
34.0,0.0,9.276212692260742,17.11234474182129,9.046387672424316,141.20071411132812,7.991835117340088
35.0,0.0,8.549150466918945,16.369054794311523,9.046357154846191,141.21788024902344,7.991835117340088
36.0,0.0,8.271810531616211,16.063934326171875,9.046345710754395,141.14466857910156,7.991835117340088
37.0,0.0,7.992146968841553,15.756634712219238,9.046333312988281,141.0821075439453,7.991835117340088
38.0,0.0,7.554763317108154,15.29875659942627,9.04631519317627,141.075439453125,7.991835117340088
39.0,0.0,7.353643417358398,15.067941665649414,9.046306610107422,141.0114288330078,7.991835117340088
40.0,0.0,7.072640419006348,14.761578559875488,9.046294212341309,140.9806671142578,7.991835117340088
41.0,0.0,6.7449541091918945,14.412456512451172,9.046280860900879,140.97576904296875,7.991835117340088
42.0,0.0,6.597873210906982,14.234016418457031,9.046274185180664,140.9178924560547,7.991835117340088
43.0,0.0,6.458989143371582,14.063141822814941,9.046268463134766,140.86248779296875,7.991835117340088
44.0,0.0,6.2977213859558105,13.871625900268555,9.04626178741455,140.82101440429688,7.991835117340088
45.0,0.0,6.146025657653809,13.689288139343262,9.046255111694336,140.78160095214844,7.991835117340088
46.0,0.0,5.961832046508789,13.477901458740234,9.046247482299805,140.76145935058594,7.991835117340088
47.0,0.0,5.7636284828186035,13.254976272583008,9.046238899230957,140.75404357910156,7.991835117340088
48.0,0.0,5.579828262329102,13.046338081359863,9.046231269836426,140.74710083007812,7.991835117340088
49.0,0.0,5.435268878936768,12.873759269714355,9.046225547790527,140.728271484375,7.991835117340088
50.0,0.0,5.353290557861328,12.756874084472656,9.046221733093262,140.6844482421875,7.991835117340088
51.0,0.0,5.275334358215332,12.643427848815918,9.046218872070312,140.64190673828125,7.991835117340088
52.0,0.0,5.203080654144287,12.534835815429688,9.046216011047363,140.59959411621094,7.991835117340088
53.0,0.0,5.135581970214844,12.430220603942871,9.046213150024414,140.55775451660156,7.991835117340088
54.0,0.0,5.071331024169922,12.328252792358398,9.046210289001465,140.51698303222656,7.991835117340088
55.0,0.0,4.955940246582031,12.18375301361084,9.046205520629883,140.5074462890625,7.991835117340088
56.0,0.0,4.839343547821045,12.039252281188965,9.046199798583984,140.50277709960938,7.991835117340088
57.0,0.0,4.729506492614746,11.901354789733887,9.046195983886719,140.4983367919922,7.991835117340088
58.0,0.0,4.625921249389648,11.769537925720215,9.046191215515137,140.4940948486328,7.991835117340088
59.0,0.0,4.551209926605225,11.661543846130371,9.046188354492188,140.47584533691406,7.991835117340088
60.0,0.0,4.495072841644287,11.568522453308105,9.046185493469238,140.4488525390625,7.991835117340088
61.0,0.0,4.445374011993408,11.480596542358398,9.046183586120605,140.42010498046875,7.991835117340088
62.0,0.0,4.400521755218506,11.396405220031738,9.046181678771973,140.390380859375,7.991835117340088
63.0,0.0,4.35787296295166,11.313870429992676,9.04617977142334,140.3612518310547,7.991835117340088
64.0,0.0,4.317336082458496,11.232895851135254,9.046177864074707,140.3326873779297,7.991835117340088
65.0,0.0,4.27884578704834,11.153388023376465,9.04617691040039,140.30462646484375,7.991835117340088
66.0,0.0,4.234557151794434,11.069766998291016,9.046175003051758,140.28253173828125,7.991835117340088
67.0,0.0,4.189748764038086,10.985962867736816,9.046173095703125,140.2628173828125,7.991835117340088
68.0,0.0,4.147135257720947,10.903887748718262,9.046171188354492,140.24349975585938,7.991835117340088
69.0,0.0,4.106609344482422,10.823443412780762,9.04616928100586,140.22457885742188,7.991835117340088
70.0,0.0,4.06810188293457,10.74453067779541,9.046167373657227,140.2060089111328,7.991835117340088
71.0,0.0,4.025607585906982,10.663249015808105,9.046165466308594,140.1923065185547,7.991835117340088
72.0,0.0,3.979027271270752,10.579736709594727,9.046163558959961,140.1836700439453,7.991835117340088
73.0,0.0,3.9540843963623047,10.510074615478516,9.046162605285645,140.15997314453125,7.991835117340088
74.0,0.0,3.9435291290283203,10.449027061462402,9.046162605285645,140.12628173828125,7.991835117340088
75.0,0.0,3.934213161468506,10.388284683227539,9.046161651611328,140.0927734375,7.991835117340088
76.0,0.0,3.926131010055542,10.327811241149902,9.046161651611328,140.05941772460938,7.991835117340088
77.0,0.0,3.918903350830078,10.267352104187012,9.046161651611328,140.0264892578125,7.991835117340088
78.0,0.0,3.9122836589813232,10.206771850585938,9.046160697937012,139.9941864013672,7.991835117340088
79.0,0.0,3.906893253326416,10.146376609802246,9.046160697937012,139.9619598388672,7.991835117340088
80.0,0.0,3.9026806354522705,10.086129188537598,9.046160697937012,139.92984008789062,7.991835117340088
81.0,0.0,3.8996758460998535,10.025993347167969,9.046160697937012,139.89776611328125,7.991835117340088
82.0,0.0,3.8978700637817383,9.96593189239502,9.046160697937012,139.86572265625,7.991835117340088
83.0,0.0,3.871574878692627,9.893819808959961,9.046159744262695,139.85635375976562,7.991835117340088
84.0,0.0,3.8445024490356445,9.821612358093262,9.046157836914062,139.84915161132812,7.991835117340088
85.0,0.0,3.8194386959075928,9.750587463378906,9.046156883239746,139.84161376953125,7.991835117340088
86.0,0.0,3.7975358963012695,9.681172370910645,9.04615592956543,139.8326416015625,7.991835117340088
87.0,0.0,3.7770066261291504,9.612529754638672,9.046154975891113,139.82379150390625,7.991835117340088
88.0,0.0,3.7578368186950684,9.544602394104004,9.046154975891113,139.81503295898438,7.991835117340088
89.0,0.0,3.7400033473968506,9.47734260559082,9.046154022216797,139.8063507080078,7.991835117340088
90.0,0.0,3.7234561443328857,9.410697937011719,9.04615306854248,139.79776000976562,7.991835117340088
91.0,0.0,3.712008476257324,9.345931053161621,9.04615306854248,139.78564453125,7.991835117340088
92.0,0.0,3.706191062927246,9.282997131347656,9.046152114868164,139.7694091796875,7.991835117340088
93.0,0.0,3.7015323638916016,9.22024154663086,9.046152114868164,139.75320434570312,7.991835117340088
94.0,0.0,3.697985887527466,9.157623291015625,9.046152114868164,139.737060546875,7.991835117340088
95.0,0.0,3.695596218109131,9.095107078552246,9.046152114868164,139.72091674804688,7.991835117340088
96.0,0.0,3.691901683807373,9.032022476196289,9.046152114868164,139.70713806152344,7.991835117340088
97.0,0.0,3.6779861450195312,8.966276168823242,9.046151161193848,139.7043914794922,7.991835117340088
98.0,0.0,3.6652770042419434,8.901004791259766,9.046150207519531,139.70167541503906,7.991835117340088
99.0,0.0,3.6537668704986572,8.836162567138672,9.046150207519531,139.698974609375,7.991835117340088
100.0,0.0,3.6482720375061035,8.772638320922852,9.046150207519531,139.69154357910156,7.991835117340088
101.0,0.0,3.6570498943328857,8.711589813232422,9.046150207519531,139.6711883544922,7.991835117340088
102.0,0.0,3.6669921875,8.650228500366211,9.046151161193848,139.65072631835938,7.991835117340088
103.0,0.0,3.678101062774658,8.588513374328613,9.046151161193848,139.63015747070312,7.991835117340088
104.0,0.0,3.6903960704803467,8.526405334472656,9.046152114868164,139.60946655273438,7.991835117340088
105.0,0.0,3.703927755355835,8.463860511779785,9.046152114868164,139.58860778808594,7.991835117340088
106.0,0.0,3.718688726425171,8.400835037231445,9.04615306854248,139.56759643554688,7.991835117340088
107.0,0.0,3.734703302383423,8.337287902832031,9.046154022216797,139.54641723632812,7.991835117340088
108.0,0.0,3.7517380714416504,8.27315616607666,9.046154022216797,139.5253143310547,7.991835117340088
109.0,0.0,3.7642478942871094,8.208202362060547,9.046154975891113,139.5098419189453,7.991835117340088
110.0,0.0,3.780848741531372,8.14284896850586,9.04615592956543,139.4914093017578,7.991835117340088
111.0,0.0,3.799001932144165,8.076897621154785,9.04615592956543,139.47256469726562,7.991835117340088
112.0,0.0,3.8184943199157715,8.01028823852539,9.046156883239746,139.4535369873047,7.991835117340088
113.0,0.0,3.8369932174682617,7.943050384521484,9.046157836914062,139.43667602539062,7.991835117340088
114.0,0.0,3.8568053245544434,7.875140190124512,9.046158790588379,139.41969299316406,7.991835117340088
115.0,0.0,3.878012180328369,7.806502819061279,9.046159744262695,139.40252685546875,7.991835117340088
116.0,0.0,3.9006361961364746,7.737086772918701,9.046160697937012,139.3851776123047,7.991835117340088
117.0,0.0,3.9247326850891113,7.666833877563477,9.046161651611328,139.36761474609375,7.991835117340088
118.0,0.0,3.951282501220703,7.595573425292969,9.046162605285645,139.34889221191406,7.991835117340088
119.0,0.0,3.9816157817840576,7.523017406463623,9.046163558959961,139.32772827148438,7.991835117340088
120.0,0.0,4.013637065887451,7.449314117431641,9.046165466308594,139.30624389648438,7.991835117340088
121.0,0.0,4.047446250915527,7.374394416809082,9.04616641998291,139.2843780517578,7.991835117340088
122.0,0.0,4.083072662353516,7.298177719116211,9.046168327331543,139.26214599609375,7.991835117340088
123.0,0.0,4.1205925941467285,7.220584392547607,9.046170234680176,139.23951721191406,7.991835117340088
124.0,0.0,4.160088539123535,7.141526699066162,9.046171188354492,139.21646118164062,7.991835117340088
125.0,0.0,4.2016448974609375,7.060913562774658,9.046173095703125,139.1929473876953,7.991835117340088
126.0,0.0,4.2556939125061035,6.975992679595947,9.046175956726074,139.15895080566406,7.991835117340088
127.0,0.0,4.318532466888428,6.887167930603027,9.046177864074707,139.1182403564453,7.991835117340088
128.0,0.0,4.384612560272217,6.795653343200684,9.046180725097656,139.0762939453125,7.991835117340088
129.0,0.0,4.4541192054748535,6.701265811920166,9.046183586120605,139.0330352783203,7.991835117340088
130.0,0.0,4.527278423309326,6.6038055419921875,9.046187400817871,138.9883575439453,7.991835117340088
131.0,0.0,4.598843574523926,6.5049147605896,9.04619026184082,138.9473114013672,7.991835117340088
132.0,0.0,4.6528825759887695,6.410408973693848,9.046192169189453,138.9248046875,7.991835117340088
133.0,0.0,4.695193767547607,6.319021701812744,9.046194076538086,138.91517639160156,7.991835117340088
134.0,0.0,4.7397260665893555,6.225929260253906,9.046195983886719,138.90538024902344,7.991835117340088
135.0,0.0,4.786591529846191,6.131022930145264,9.046197891235352,138.8953857421875,7.991835117340088
136.0,0.0,4.835890769958496,6.034191131591797,9.046199798583984,138.8851776123047,7.991835117340088
137.0,0.0,4.887704372406006,5.935314655303955,9.046202659606934,138.87477111816406,7.991835117340088
138.0,0.0,4.9742960929870605,5.8197245597839355,9.046205520629883,138.83547973632812,7.991835117340088
139.0,0.0,5.17030143737793,5.6509294509887695,9.04621410369873,138.70220947265625,7.991835117340088
140.0,0.0,5.384099960327148,5.468231678009033,9.046223640441895,138.55795288085938,7.991835117340088
141.0,0.0,5.61582612991333,5.270853519439697,9.046233177185059,138.4031982421875,7.991835117340088
142.0,0.0,5.73655891418457,5.124316692352295,9.04623794555664,138.3491973876953,7.991835117340088
143.0,0.0,5.864413738250732,4.9712934494018555,9.046243667602539,138.29281616210938,7.991835117340088
144.0,0.0,6.014745712280273,4.803220748901367,9.046250343322754,138.221435546875,7.991835117340088
145.0,0.0,6.166709899902344,4.630821228027344,9.046256065368652,138.15309143066406,7.991835117340088
146.0,0.0,6.320401668548584,4.454083442687988,9.046262741088867,138.0878448486328,7.991835117340088
147.0,0.0,6.511513710021973,4.252108097076416,9.046271324157715,137.99693298339844,7.991835117340088
148.0,0.0,6.75887393951416,4.012114524841309,9.046281814575195,137.86656188964844,7.991835117340088
149.0,0.0,7.150331497192383,3.6779329776763916,9.046298027038574,137.6293182373047,7.991835117340088
150.0,0.0,7.514796733856201,3.3512654304504395,9.046313285827637,137.42318725585938,7.991835117340088
151.0,0.0,7.808363914489746,3.0616092681884766,9.04632568359375,137.28121948242188,7.991835117340088
152.0,0.0,8.048604965209961,2.800530195236206,9.04633617401123,137.18795776367188,7.991835117340088
153.0,0.0,8.337448120117188,2.502267360687256,9.046348571777344,137.06585693359375,7.991835117340088
154.0,0.0,9.9664306640625,1.2859342098236084,9.046417236328125,135.97067260742188,7.991835117340088
11.0,-5.625,48.69697952270508,55.99635314941406,10.766392707824707,151.72869873046875,7.991835117340088
12.0,-5.625,47.3568115234375,54.813838958740234,10.719047546386719,150.68130493164062,7.991835117340088
13.0,-5.625,46.342010498046875,53.931758880615234,10.683195114135742,149.7230987548828,7.991835117340088
14.0,-5.625,45.44080352783203,53.14344787597656,10.65135669708252,148.8118438720703,7.991835117340088
15.0,-5.625,44.37154006958008,52.17054748535156,10.613581657409668,147.9125213623047,7.991835117340088
16.0,-5.625,43.571372985839844,51.448211669921875,10.585311889648438,147.07237243652344,7.991835117340088
17.0,-5.625,42.80697250366211,50.74588394165039,10.558307647705078,146.2613525390625,7.991835117340088
18.0,-5.625,42.11808776855469,50.10405731201172,10.53396987915039,145.47998046875,7.991835117340088
19.0,-5.625,40.972293853759766,48.991817474365234,10.493490219116211,144.7059326171875,7.991835117340088
20.0,-5.625,40.04266357421875,48.08171844482422,10.460647583007812,143.97520446777344,7.991835117340088
21.0,-5.625,39.12841796875,47.17422866821289,10.428348541259766,143.2766876220703,7.991835117340088
22.0,-5.625,37.804691314697266,45.84565734863281,10.381583213806152,142.6171417236328,7.991835117340088
23.0,-5.625,36.53742599487305,44.562774658203125,10.336812973022461,142.0019989013672,7.991835117340088
24.0,-5.625,34.51704406738281,42.51869201660156,10.265435218811035,141.47071838378906,7.991835117340088
25.0,-5.625,31.972862243652344,39.945594787597656,10.175553321838379,141.04681396484375,7.991835117340088
26.0,-5.625,24.080692291259766,32.044593811035156,9.896733283996582,141.17724609375,7.991835117340088
27.0,-5.625,18.325782775878906,26.284500122070312,9.69342041015625,141.3595733642578,7.991835117340088
28.0,-5.625,15.430258750915527,23.37616729736328,9.59112548828125,141.39427185058594,7.991835117340088
29.0,-5.625,13.826409339904785,21.75379180908203,9.534463882446289,141.35028076171875,7.991835117340088
30.0,-5.625,12.386576652526855,20.29693031311035,9.483596801757812,141.33668518066406,7.991835117340088
31.0,-5.625,11.628539085388184,19.515228271484375,9.456815719604492,141.2550506591797,7.991835117340088
32.0,-5.625,10.728503227233887,18.595321655273438,9.425019264221191,141.2271270751953,7.991835117340088
33.0,-5.625,10.242753982543945,18.083189010620117,9.407857894897461,141.14462280273438,7.991835117340088
34.0,-5.625,9.802157402038574,17.615493774414062,9.392292976379395,141.06918334960938,7.991835117340088
35.0,-5.625,9.448636054992676,17.232784271240234,9.379802703857422,140.9883575439453,7.991835117340088
36.0,-5.625,9.056638717651367,16.813121795654297,9.365954399108887,140.9301300048828,7.991835117340088
37.0,-5.625,8.446477890014648,16.184751510620117,9.344398498535156,140.9459228515625,7.991835117340088
38.0,-5.625,8.16658878326416,15.875423431396484,9.33450984954834,140.8863983154297,7.991835117340088
39.0,-5.625,7.831709384918213,15.514301300048828,9.32267951965332,140.85391235351562,7.991835117340088
40.0,-5.625,7.505325794219971,15.162551879882812,9.311148643493652,140.8305206298828,7.991835117340088
41.0,-5.625,7.347133636474609,14.970304489135742,9.305560111999512,140.76116943359375,7.991835117340088
42.0,-5.625,7.197715759277344,14.786028861999512,9.300281524658203,140.6946258544922,7.991835117340088
43.0,-5.625,6.975105285644531,14.533746719360352,9.2924165725708,140.66111755371094,7.991835117340088
44.0,-5.625,6.6494317054748535,14.187589645385742,9.280911445617676,140.67584228515625,7.991835117340088
45.0,-5.625,6.462894439697266,13.971043586730957,9.274320602416992,140.64527893066406,7.991835117340088
46.0,-5.625,6.30409049987793,13.780462265014648,9.268710136413574,140.6097412109375,7.991835117340088
47.0,-5.625,6.153155326843262,13.597555160522461,9.263378143310547,140.57659912109375,7.991835117340088
48.0,-5.625,6.020626068115234,13.43166446685791,9.258696556091309,140.54066467285156,7.991835117340088
49.0,-5.625,5.860088348388672,13.241518020629883,9.25302505493164,140.52281188964844,7.991835117340088
50.0,-5.625,5.674727916717529,13.030728340148926,9.246476173400879,140.52276611328125,7.991835117340088
51.0,-5.625,5.525415420532227,12.85275936126709,9.241201400756836,140.51119995117188,7.991835117340088
52.0,-5.625,5.438694477081299,12.729560852050781,9.238137245178223,140.4727783203125,7.991835117340088
53.0,-5.625,5.365187644958496,12.617707252502441,9.235540390014648,140.43081665039062,7.991835117340088
54.0,-5.625,5.295310974121094,12.508862495422363,9.233071327209473,140.38990783691406,7.991835117340088
55.0,-5.625,5.2288713455200195,12.402844429016113,9.230724334716797,140.35000610351562,7.991835117340088
56.0,-5.625,5.161804676055908,12.29629135131836,9.228355407714844,140.3132781982422,7.991835117340088
57.0,-5.625,5.028438568115234,12.136178016662598,9.22364330291748,140.31829833984375,7.991835117340088
58.0,-5.625,4.904355525970459,11.98497200012207,9.219260215759277,140.32240295410156,7.991835117340088
59.0,-5.625,4.7947893142700195,11.846609115600586,9.215389251708984,140.32192993164062,7.991835117340088
60.0,-5.625,4.692883014678955,11.71540355682373,9.21178913116455,140.320556640625,7.991835117340088
61.0,-5.625,4.634853363037109,11.618917465209961,9.209738731384277,140.29466247558594,7.991835117340088
62.0,-5.625,4.579682350158691,11.52480411529541,9.207789421081543,140.26934814453125,7.991835117340088
63.0,-5.625,4.5272321701049805,11.43292236328125,9.205936431884766,140.2445831298828,7.991835117340088
64.0,-5.625,4.4773712158203125,11.343135833740234,9.204174995422363,140.2203369140625,7.991835117340088
65.0,-5.625,4.4333648681640625,11.257747650146484,9.202620506286621,140.19422912597656,7.991835117340088
66.0,-5.625,4.394318103790283,11.175957679748535,9.201240539550781,140.16665649414062,7.991835117340088
67.0,-5.625,4.352154731750488,11.092021942138672,9.199751853942871,140.1432342529297,7.991835117340088
68.0,-5.625,4.306344985961914,11.005736351013184,9.198132514953613,140.12445068359375,7.991835117340088
69.0,-5.625,4.262819766998291,10.921253204345703,9.196595191955566,140.10601806640625,7.991835117340088
70.0,-5.625,4.221482276916504,10.838469505310059,9.195135116577148,140.08792114257812,7.991835117340088
71.0,-5.625,4.182248115539551,10.757281303405762,9.19374942779541,140.07012939453125,7.991835117340088
72.0,-5.625,4.145043849945068,10.677595138549805,9.192434310913086,140.0526123046875,7.991835117340088
73.0,-5.625,4.11064338684082,10.599846839904785,9.191219329833984,140.03468322753906,7.991835117340088
74.0,-5.625,4.085541248321533,10.527871131896973,9.190332412719727,140.0110626220703,7.991835117340088
75.0,-5.625,4.0740580558776855,10.463847160339355,9.189927101135254,139.9779510498047,7.991835117340088
76.0,-5.625,4.0644755363464355,10.40050220489502,9.189587593078613,139.94451904296875,7.991835117340088
77.0,-5.625,4.0562052726745605,10.3374605178833,9.189295768737793,139.9112091064453,7.991835117340088
78.0,-5.625,4.0492401123046875,10.274679183959961,9.18904972076416,139.87799072265625,7.991835117340088
79.0,-5.625,4.043576717376709,10.212116241455078,9.188849449157715,139.84483337402344,7.991835117340088
80.0,-5.625,4.039187431335449,10.149730682373047,9.188694953918457,139.81173706054688,7.991835117340088
81.0,-5.625,4.036099433898926,10.087481498718262,9.18858528137207,139.7786407470703,7.991835117340088
82.0,-5.625,4.034276008605957,10.02532958984375,9.188520431518555,139.7455596923828,7.991835117340088
83.0,-5.625,4.033709526062012,9.963234901428223,9.188501358032227,139.7124786376953,7.991835117340088
84.0,-5.625,4.00559139251709,9.888067245483398,9.187507629394531,139.70501708984375,7.991835117340088
85.0,-5.625,3.978013277053833,9.813467025756836,9.18653392791748,139.6986083984375,7.991835117340088
86.0,-5.625,3.9520792961120605,9.739883422851562,9.185617446899414,139.6922149658203,7.991835117340088
87.0,-5.625,3.927696466445923,9.667251586914062,9.1847562789917,139.68588256835938,7.991835117340088
88.0,-5.625,3.9050705432891846,9.595585823059082,9.183956146240234,139.6793670654297,7.991835117340088
89.0,-5.625,3.8859384059906006,9.525496482849121,9.183280944824219,139.6710205078125,7.991835117340088
90.0,-5.625,3.868201732635498,9.456085205078125,9.18265438079834,139.6627197265625,7.991835117340088
91.0,-5.625,3.851853370666504,9.387298583984375,9.182076454162598,139.65443420410156,7.991835117340088
92.0,-5.625,3.844113826751709,9.321453094482422,9.181802749633789,139.63931274414062,7.991835117340088
93.0,-5.625,3.8392038345336914,9.256355285644531,9.181629180908203,139.62269592285156,7.991835117340088
94.0,-5.625,3.835512638092041,9.191415786743164,9.181499481201172,139.6060791015625,7.991835117340088
95.0,-5.625,3.8330533504486084,9.126592636108398,9.181412696838379,139.5894317626953,7.991835117340088
96.0,-5.625,3.8317971229553223,9.061843872070312,9.181367874145508,139.57276916503906,7.991835117340088
97.0,-5.625,3.831761360168457,8.997130393981934,9.181365966796875,139.55606079101562,7.991835117340088
98.0,-5.625,3.832920551300049,8.93240737915039,9.181407928466797,139.53932189941406,7.991835117340088
99.0,-5.625,3.8352954387664795,8.867633819580078,9.18149185180664,139.52252197265625,7.991835117340088
100.0,-5.625,3.826870918273926,8.800474166870117,9.181193351745605,139.51744079589844,7.991835117340088
101.0,-5.625,3.833278179168701,8.735958099365234,9.18142032623291,139.49896240234375,7.991835117340088
102.0,-5.625,3.844303846359253,8.67173957824707,9.181809425354004,139.47703552246094,7.991835117340088
103.0,-5.625,3.856621742248535,8.607139587402344,9.182245254516602,139.45492553710938,7.991835117340088
104.0,-5.625,3.8686516284942627,8.541916847229004,9.182670593261719,139.4342041015625,7.991835117340088
105.0,-5.625,3.8818676471710205,8.476255416870117,9.183136940002441,139.41342163085938,7.991835117340088
106.0,-5.625,3.8964145183563232,8.410128593444824,9.183650970458984,139.39244079589844,7.991835117340088
107.0,-5.625,3.9123318195343018,8.343486785888672,9.184212684631348,139.37123107910156,7.991835117340088
108.0,-5.625,3.9296152591705322,8.27628231048584,9.184823989868164,139.3498077392578,7.991835117340088
109.0,-5.625,3.9483072757720947,8.20846176147461,9.185483932495117,139.32814025878906,7.991835117340088
110.0,-5.625,3.968468427658081,8.139972686767578,9.186196327209473,139.30618286132812,7.991835117340088
111.0,-5.625,3.9901158809661865,8.070758819580078,9.18696117401123,139.283935546875,7.991835117340088
112.0,-5.625,4.012338161468506,8.000781059265137,9.187746047973633,139.2623291015625,7.991835117340088
113.0,-5.625,4.0328168869018555,7.930108547210693,9.188469886779785,139.2436981201172,7.991835117340088
114.0,-5.625,4.054810047149658,7.858687400817871,9.18924617767334,139.2248077392578,7.991835117340088
115.0,-5.625,4.078355312347412,7.786454677581787,9.190078735351562,139.2056427001953,7.991835117340088
116.0,-5.625,4.1034932136535645,7.713351249694824,9.190966606140137,139.18618774414062,7.991835117340088
117.0,-5.625,4.130282402038574,7.639311790466309,9.191912651062012,139.16641235351562,7.991835117340088
118.0,-5.625,4.161183834075928,7.563972473144531,9.193004608154297,139.14390563964844,7.991835117340088
119.0,-5.625,4.194937705993652,7.487321853637695,9.194197654724121,139.11996459960938,7.991835117340088
120.0,-5.625,4.23063325881958,7.409380912780762,9.19545841217041,139.0955352783203,7.991835117340088
121.0,-5.625,4.268299579620361,7.3300676345825195,9.196788787841797,139.0706329345703,7.991835117340088
122.0,-5.625,4.308032512664795,7.2492899894714355,9.198192596435547,139.0452117919922,7.991835117340088
123.0,-5.625,4.349944591522217,7.166954040527344,9.19967269897461,139.0192108154297,7.991835117340088
124.0,-5.625,4.394093990325928,7.0829596519470215,9.20123291015625,138.9926300048828,7.991835117340088
125.0,-5.625,4.447577476501465,6.995507717132568,9.20312213897705,138.95864868164062,7.991835117340088
126.0,-5.625,4.514885902404785,6.9029974937438965,9.205500602722168,138.9130859375,7.991835117340088
127.0,-5.625,4.585716724395752,6.807607650756836,9.208003044128418,138.86607360839844,7.991835117340088
128.0,-5.625,4.657912731170654,6.709830284118652,9.210553169250488,138.8197784423828,7.991835117340088
129.0,-5.625,4.733949184417725,6.60886812210083,9.213239669799805,138.7719268798828,7.991835117340088
130.0,-5.625,4.8140950202941895,6.50449275970459,9.216071128845215,138.72238159179688,7.991835117340088
131.0,-5.625,4.898617744445801,6.396457672119141,9.219057083129883,138.6710205078125,7.991835117340088
132.0,-5.625,4.987800121307373,6.284493446350098,9.222208023071289,138.6177215576172,7.991835117340088
133.0,-5.625,5.081955909729004,6.168304920196533,9.225534439086914,138.56234741210938,7.991835117340088
134.0,-5.625,5.1566643714904785,6.057243824005127,9.228174209594727,138.52752685546875,7.991835117340088
135.0,-5.625,5.214999675750732,5.951056480407715,9.230234146118164,138.51011657714844,7.991835117340088
136.0,-5.625,5.296945571899414,5.833675384521484,9.233129501342773,138.47360229492188,7.991835117340088
137.0,-5.625,5.501920223236084,5.660508155822754,9.240370750427246,138.32923889160156,7.991835117340088
138.0,-5.625,5.702559947967529,5.483612060546875,9.247459411621094,138.19337463378906,7.991835117340088
139.0,-5.625,5.909161567687988,5.298465728759766,9.254758834838867,138.05697631835938,7.991835117340088
140.0,-5.625,6.082466125488281,5.123936653137207,9.260880470275879,137.95465087890625,7.991835117340088
141.0,-5.625,6.260414123535156,4.942690849304199,9.267168045043945,137.8528594970703,7.991835117340088
142.0,-5.625,6.451353073120117,4.750341415405273,9.273913383483887,137.74468994140625,7.991835117340088
143.0,-5.625,6.637467384338379,4.555849075317383,9.280488014221191,137.64572143554688,7.991835117340088
144.0,-5.625,6.855820655822754,4.339371681213379,9.288202285766602,137.52488708496094,7.991835117340088
145.0,-5.625,7.091732025146484,4.107834339141846,9.296537399291992,137.39540100097656,7.991835117340088
146.0,-5.625,7.401853561401367,3.8281500339508057,9.307493209838867,137.2115478515625,7.991835117340088
147.0,-5.625,7.699886322021484,3.547999382019043,9.318021774291992,137.04551696777344,7.991835117340088
148.0,-5.625,8.857610702514648,2.743844509124756,9.358922958374023,136.20127868652344,7.991835117340088
13.0,-11.25,49.37488555908203,56.87556457519531,12.515804290771484,149.89573669433594,7.991835117340088
14.0,-11.25,48.089134216308594,55.709999084472656,12.425447463989258,148.89266967773438,7.991835117340088
15.0,-11.25,46.963294982910156,54.68340301513672,12.346330642700195,147.94827270507812,7.991835117340088
16.0,-11.25,46.05854415893555,53.85847854614258,12.282747268676758,147.05963134765625,7.991835117340088
17.0,-11.25,45.098785400390625,52.962257385253906,12.215301513671875,146.1976776123047,7.991835117340088
18.0,-11.25,44.24196243286133,52.15275573730469,12.155089378356934,145.373046875,7.991835117340088
19.0,-11.25,43.562957763671875,51.505699157714844,12.107372283935547,144.58294677734375,7.991835117340088
20.0,-11.25,42.59649658203125,50.55797576904297,12.039453506469727,143.8124237060547,7.991835117340088
21.0,-11.25,41.65089416503906,49.61769104003906,11.973001480102539,143.0752716064453,7.991835117340088
22.0,-11.25,40.479698181152344,48.43992614746094,11.89069652557373,142.37611389160156,7.991835117340088
23.0,-11.25,39.265438079833984,47.20784378051758,11.805364608764648,141.71969604492188,7.991835117340088
24.0,-11.25,38.00982666015625,45.9243278503418,11.717126846313477,141.10833740234375,7.991835117340088
25.0,-11.25,36.23287582397461,44.11317443847656,11.592252731323242,140.5800323486328,7.991835117340088
26.0,-11.25,33.38517379760742,41.23206329345703,11.392130851745605,140.2123565673828,7.991835117340088
27.0,-11.25,26.99646759033203,34.838836669921875,10.94316577911377,140.33013916015625,7.991835117340088
28.0,-11.25,18.5161190032959,26.392065048217773,10.347211837768555,140.9340057373047,7.991835117340088
29.0,-11.25,15.639687538146973,23.509000778198242,10.145071029663086,141.02735900878906,7.991835117340088
30.0,-11.25,14.123196601867676,21.974498748779297,10.03849983215332,141.001953125,7.991835117340088
31.0,-11.25,12.646077156066895,20.482913970947266,9.93469524383545,141.02235412597656,7.991835117340088
32.0,-11.25,11.695518493652344,19.51184844970703,9.867895126342773,140.99139404296875,7.991835117340088
33.0,-11.25,10.875014305114746,18.6705322265625,9.810234069824219,140.96600341796875,7.991835117340088
34.0,-11.25,10.412354469299316,18.179489135742188,9.777721405029297,140.88729858398438,7.991835117340088
35.0,-11.25,9.962394714355469,17.70134162902832,9.746100425720215,140.82186889648438,7.991835117340088
36.0,-11.25,9.586644172668457,17.295536041259766,9.719695091247559,140.7528839111328,7.991835117340088
37.0,-11.25,9.217041015625,16.896249771118164,9.693720817565918,140.695556640625,7.991835117340088
38.0,-11.25,8.67227554321289,16.331029891967773,9.655437469482422,140.7032470703125,7.991835117340088
39.0,-11.25,8.308130264282227,15.940019607543945,9.629847526550293,140.67335510253906,7.991835117340088
40.0,-11.25,7.9673614501953125,15.572595596313477,9.605899810791016,140.64859008789062,7.991835117340088
41.0,-11.25,7.642744064331055,15.221912384033203,9.583087921142578,140.63023376464844,7.991835117340088
42.0,-11.25,7.4845662117004395,15.027688026428223,9.571971893310547,140.5630645751953,7.991835117340088
43.0,-11.25,7.33537483215332,14.841639518737793,9.561487197875977,140.4984588623047,7.991835117340088
44.0,-11.25,7.194353103637695,14.662981986999512,9.5515775680542,140.436279296875,7.991835117340088
45.0,-11.25,6.96204948425293,14.401246070861816,9.535252571105957,140.41690063476562,7.991835117340088
46.0,-11.25,6.65437126159668,14.072916030883789,9.513629913330078,140.4378662109375,7.991835117340088
47.0,-11.25,6.43418025970459,13.825587272644043,9.498156547546387,140.43075561523438,7.991835117340088
48.0,-11.25,6.279931545257568,13.63836669921875,9.487316131591797,140.4012451171875,7.991835117340088
49.0,-11.25,6.137912273406982,13.462650299072266,9.477335929870605,140.37159729003906,7.991835117340088
50.0,-11.25,6.031639575958252,13.318750381469727,9.469867706298828,140.32977294921875,7.991835117340088
51.0,-11.25,5.930914402008057,13.179827690124512,9.462789535522461,140.2892608642578,7.991835117340088
52.0,-11.25,5.781946182250977,12.999991416931152,9.452320098876953,140.27767944335938,7.991835117340088
53.0,-11.25,5.6446123123168945,12.831155776977539,9.442669868469238,140.26524353027344,7.991835117340088
54.0,-11.25,5.557137966156006,12.705010414123535,9.436522483825684,140.23048400878906,7.991835117340088
55.0,-11.25,5.474169731140137,12.582830429077148,9.430691719055176,140.1966552734375,7.991835117340088
56.0,-11.25,5.395430088043213,12.464354515075684,9.425158500671387,140.16372680664062,7.991835117340088
57.0,-11.25,5.326423168182373,12.353947639465332,9.420309066772461,140.12823486328125,7.991835117340088
58.0,-11.25,5.223269939422607,12.216556549072266,9.413060188293457,140.11627197265625,7.991835117340088
59.0,-11.25,5.090866565704346,12.057162284851074,9.403755187988281,140.12619018554688,7.991835117340088
60.0,-11.25,4.966686248779297,11.905762672424316,9.395028114318848,140.135498046875,7.991835117340088
61.0,-11.25,4.85341739654541,11.764238357543945,9.387068748474121,140.14207458496094,7.991835117340088
62.0,-11.25,4.7790703773498535,11.653315544128418,9.381843566894531,140.1269989013672,7.991835117340088
63.0,-11.25,4.7225165367126465,11.556144714355469,9.377869606018066,140.10289001464844,7.991835117340088
64.0,-11.25,4.668815612792969,11.461309432983398,9.374095916748047,140.07925415039062,7.991835117340088
65.0,-11.25,4.617844581604004,11.368666648864746,9.370512962341309,140.05604553222656,7.991835117340088
66.0,-11.25,4.570188522338867,11.278593063354492,9.367164611816406,140.03274536132812,7.991835117340088
67.0,-11.25,4.527066707611084,11.191847801208496,9.364134788513184,140.00833129882812,7.991835117340088
68.0,-11.25,4.485133171081543,11.106040000915527,9.361187934875488,139.98507690429688,7.991835117340088
69.0,-11.25,4.443020343780518,11.020255088806152,9.358227729797363,139.9639434814453,7.991835117340088
70.0,-11.25,4.403134822845459,10.93612289428711,9.355424880981445,139.943115234375,7.991835117340088
71.0,-11.25,4.365407943725586,10.853540420532227,9.352773666381836,139.92254638671875,7.991835117340088
72.0,-11.25,4.329743385314941,10.77241325378418,9.35026741027832,139.90223693847656,7.991835117340088
73.0,-11.25,4.29608678817749,10.692649841308594,9.347902297973633,139.88214111328125,7.991835117340088
74.0,-11.25,4.264340400695801,10.61416244506836,9.345671653747559,139.86227416992188,7.991835117340088
75.0,-11.25,4.236569404602051,10.538094520568848,9.343719482421875,139.84088134765625,7.991835117340088
76.0,-11.25,4.224428176879883,10.470947265625,9.342866897583008,139.80828857421875,7.991835117340088
77.0,-11.25,4.213751316070557,10.404219627380371,9.34211540222168,139.77577209472656,7.991835117340088
78.0,-11.25,4.204488754272461,10.33786392211914,9.34146499633789,139.74334716796875,7.991835117340088
79.0,-11.25,4.196655750274658,10.271830558776855,9.340914726257324,139.71095275878906,7.991835117340088
80.0,-11.25,4.190221786499023,10.206073760986328,9.340462684631348,139.6785888671875,7.991835117340088
81.0,-11.25,4.1860151290893555,10.140968322753906,9.340167999267578,139.6455078125,7.991835117340088
82.0,-11.25,4.184439659118652,10.076611518859863,9.340056419372559,139.61129760742188,7.991835117340088
83.0,-11.25,4.184226989746094,10.01232624053955,9.340041160583496,139.5770263671875,7.991835117340088
84.0,-11.25,4.178894996643066,9.945160865783691,9.339667320251465,139.54844665527344,7.991835117340088
85.0,-11.25,4.1493425369262695,9.867097854614258,9.337590217590332,139.5428466796875,7.991835117340088
86.0,-11.25,4.121554851531982,9.790151596069336,9.335637092590332,139.5372314453125,7.991835117340088
87.0,-11.25,4.095474720001221,9.714250564575195,9.3338041305542,139.53160095214844,7.991835117340088
88.0,-11.25,4.071061134338379,9.639318466186523,9.332088470458984,139.52593994140625,7.991835117340088
89.0,-11.25,4.048267841339111,9.565292358398438,9.330487251281738,139.52024841308594,7.991835117340088
90.0,-11.25,4.027061462402344,9.492105484008789,9.328996658325195,139.51451110839844,7.991835117340088
91.0,-11.25,4.007774829864502,9.419822692871094,9.327640533447266,139.5083770751953,7.991835117340088
92.0,-11.25,3.995450973510742,9.349996566772461,9.326775550842285,139.49703979492188,7.991835117340088
93.0,-11.25,3.9905202388763428,9.282430648803711,9.32642936706543,139.47996520996094,7.991835117340088
94.0,-11.25,3.9869160652160645,9.215036392211914,9.326175689697266,139.46282958984375,7.991835117340088
95.0,-11.25,3.987339496612549,9.148505210876465,9.326205253601074,139.44302368164062,7.991835117340088
96.0,-11.25,3.9926369190216064,9.082867622375488,9.326577186584473,139.419677734375,7.991835117340088
97.0,-11.25,3.9993011951446533,9.017065048217773,9.327045440673828,139.39613342285156,7.991835117340088
98.0,-11.25,4.007326602935791,8.951050758361816,9.32761001586914,139.3723907470703,7.991835117340088
99.0,-11.25,4.0167388916015625,8.884775161743164,9.32827091217041,139.34841918945312,7.991835117340088
100.0,-11.25,4.027551651000977,8.818190574645996,9.329030990600586,139.32420349121094,7.991835117340088
101.0,-11.25,4.034440994262695,8.750347137451172,9.329514503479004,139.3049774169922,7.991835117340088
102.0,-11.25,4.03856897354126,8.681642532348633,9.329805374145508,139.28964233398438,7.991835117340088
103.0,-11.25,4.044071197509766,8.612793922424316,9.330192565917969,139.27413940429688,7.991835117340088
104.0,-11.25,4.057168960571289,8.544478416442871,9.3311128616333,139.25230407714844,7.991835117340088
105.0,-11.25,4.072061061859131,8.47574234008789,9.332159042358398,139.2298583984375,7.991835117340088
106.0,-11.25,4.088415622711182,8.406487464904785,9.333308219909668,139.20713806152344,7.991835117340088
107.0,-11.25,4.106274127960205,8.336661338806152,9.334563255310059,139.18411254882812,7.991835117340088
108.0,-11.25,4.125678062438965,8.266206741333008,9.33592700958252,139.16075134277344,7.991835117340088
109.0,-11.25,4.146657466888428,8.195064544677734,9.337400436401367,139.1370391845703,7.991835117340088
110.0,-11.25,4.169229030609131,8.123174667358398,9.338987350463867,139.11297607421875,7.991835117340088
111.0,-11.25,4.193473815917969,8.05047607421875,9.340690612792969,139.0885009765625,7.991835117340088
112.0,-11.25,4.219398498535156,7.976900100708008,9.342513084411621,139.06362915039062,7.991835117340088
113.0,-11.25,4.247087478637695,7.902381420135498,9.34445858001709,139.03829956054688,7.991835117340088
114.0,-11.25,4.2765703201293945,7.826848983764648,9.34653091430664,139.01251220703125,7.991835117340088
115.0,-11.25,4.307921886444092,7.75022554397583,9.348733901977539,138.98622131347656,7.991835117340088
116.0,-11.25,4.33768892288208,7.67275857925415,9.350825309753418,138.962890625,7.991835117340088
117.0,-11.25,4.369076251983643,7.594201564788818,9.353031158447266,138.93936157226562,7.991835117340088
118.0,-11.25,4.40515661239624,7.514110565185547,9.355567932128906,138.91262817382812,7.991835117340088
119.0,-11.25,4.443360805511475,7.432640552520752,9.35825252532959,138.88528442382812,7.991835117340088
120.0,-11.25,4.487905502319336,7.349029064178467,9.361381530761719,138.8532257080078,7.991835117340088
121.0,-11.25,4.542766094207764,7.262270450592041,9.36523723602295,138.81263732910156,7.991835117340088
122.0,-11.25,4.6006269454956055,7.173292636871338,9.369303703308105,138.77081298828125,7.991835117340088
123.0,-11.25,4.6616597175598145,7.0819411277771,9.3735933303833,138.7276611328125,7.991835117340088
124.0,-11.25,4.716976165771484,6.9901251792907715,9.377480506896973,138.69189453125,7.991835117340088
125.0,-11.25,4.764329433441162,6.898719310760498,9.380807876586914,138.66566467285156,7.991835117340088
126.0,-11.25,4.81435489654541,6.805371284484863,9.384323120117188,138.638671875,7.991835117340088
127.0,-11.25,4.8916215896606445,6.703114032745361,9.389752388000488,138.58746337890625,7.991835117340088
128.0,-11.25,4.97415828704834,6.597126483917236,9.395553588867188,138.53341674804688,7.991835117340088
129.0,-11.25,5.061309337615967,6.487406253814697,9.401678085327148,138.477294921875,7.991835117340088
130.0,-11.25,5.153355598449707,6.37367057800293,9.408146858215332,138.41897583007812,7.991835117340088
131.0,-11.25,5.2506537437438965,6.255614757537842,9.414983749389648,138.3582763671875,7.991835117340088
132.0,-11.25,5.353567600250244,6.132899761199951,9.422216415405273,138.29502868652344,7.991835117340088
133.0,-11.25,5.518740177154541,5.983901023864746,9.433823585510254,138.1771240234375,7.991835117340088
134.0,-11.25,5.708232879638672,5.8206305503845215,9.44714069366455,138.04066467285156,7.991835117340088
135.0,-11.25,5.897293567657471,5.652159690856934,9.460426330566406,137.90879821777344,7.991835117340088
136.0,-11.25,6.1017537117004395,5.471868515014648,9.474794387817383,137.7673797607422,7.991835117340088
137.0,-11.25,6.348655700683594,5.267192363739014,9.492145538330078,137.59271240234375,7.991835117340088
138.0,-11.25,6.577054023742676,5.064116954803467,9.508196830749512,137.4399871826172,7.991835117340088
139.0,-11.25,6.826577186584473,4.844904899597168,9.525732040405273,137.2741241455078,7.991835117340088
140.0,-11.25,7.1065287590026855,4.604189395904541,9.545405387878418,137.0877227783203,7.991835117340088
141.0,-11.25,7.413595676422119,4.342386722564697,9.566984176635742,136.88461303710938,7.991835117340088
142.0,-11.25,7.738711357116699,4.063145637512207,9.589831352233887,136.67344665527344,7.991835117340088
143.0,-11.25,8.036203384399414,3.7901551723480225,9.610737800598145,136.49346923828125,7.991835117340088
144.0,-11.25,8.707447052001953,3.3051817417144775,9.657909393310547,136.00936889648438,7.991835117340088
15.0,-16.875,49.87016677856445,57.45774459838867,14.259628295898438,147.82403564453125,7.991835117340088
16.0,-16.875,48.84995651245117,56.51787185668945,14.152969360351562,146.88592529296875,7.991835117340088
17.0,-16.875,47.71220016479492,55.44388961791992,14.034025192260742,145.97537231445312,7.991835117340088
18.0,-16.875,46.71708297729492,54.49496841430664,13.9299898147583,145.10903930664062,7.991835117340088
19.0,-16.875,45.91710662841797,53.72456741333008,13.846358299255371,144.28094482421875,7.991835117340088
20.0,-16.875,45.08264923095703,52.905357360839844,13.759119987487793,143.48016357421875,7.991835117340088
21.0,-16.875,44.072601318359375,51.89773941040039,13.653526306152344,142.7104949951172,7.991835117340088
22.0,-16.875,43.193729400634766,51.00761413574219,13.561643600463867,141.97213745117188,7.991835117340088
23.0,-16.875,42.22318649291992,50.01427459716797,13.460180282592773,141.2689971923828,7.991835117340088
24.0,-16.875,40.91788101196289,48.67753219604492,13.323719024658203,140.62181091308594,7.991835117340088
25.0,-16.875,39.4818229675293,47.20178985595703,13.173587799072266,140.0313720703125,7.991835117340088
26.0,-16.875,37.58646011352539,45.26373291015625,12.97543716430664,139.5372314453125,7.991835117340088
27.0,-16.875,34.36597442626953,42.01214599609375,12.638754844665527,139.26422119140625,7.991835117340088
28.0,-16.875,24.609952926635742,32.32272720336914,11.618821144104004,139.97808837890625,7.991835117340088
29.0,-16.875,18.057985305786133,25.821043014526367,10.93385124206543,140.54470825195312,7.991835117340088
30.0,-16.875,15.6163911819458,23.377485275268555,10.678596496582031,140.64584350585938,7.991835117340088
31.0,-16.875,14.081122398376465,21.82918930053711,10.518094062805176,140.66346740722656,7.991835117340088
32.0,-16.875,12.893529891967773,20.625171661376953,10.393938064575195,140.66392517089844,7.991835117340088
33.0,-16.875,11.62271499633789,19.344980239868164,10.26108169555664,140.72377014160156,7.991835117340088
34.0,-16.875,10.924851417541504,18.624603271484375,10.188124656677246,140.69216918945312,7.991835117340088
35.0,-16.875,10.508790969848633,18.17780113220215,10.144627571105957,140.61358642578125,7.991835117340088
36.0,-16.875,10.06037712097168,17.700626373291016,10.097748756408691,140.5585174560547,7.991835117340088
37.0,-16.875,9.701364517211914,17.30988311767578,10.060215950012207,140.49365234375,7.991835117340088
38.0,-16.875,9.338766098022461,16.91651725769043,10.022308349609375,140.44265747070312,7.991835117340088
39.0,-16.875,8.823993682861328,16.380970001220703,9.96849250793457,140.453125,7.991835117340088
40.0,-16.875,8.588592529296875,16.110153198242188,9.94388198852539,140.38755798339844,7.991835117340088
41.0,-16.875,8.24844741821289,15.74222469329834,9.90832233428955,140.36744689941406,7.991835117340088
42.0,-16.875,7.91447639465332,15.381839752197266,9.873407363891602,140.3569793701172,7.991835117340088
43.0,-16.875,7.655717849731445,15.092513084411621,9.846355438232422,140.3292694091797,7.991835117340088
44.0,-16.875,7.46251106262207,14.86419677734375,9.826157569885254,140.2845001220703,7.991835117340088
45.0,-16.875,7.320638656616211,14.682879447937012,9.811326026916504,140.2254180908203,7.991835117340088
46.0,-16.875,7.106736183166504,14.437074661254883,9.788963317871094,140.2028350830078,7.991835117340088
47.0,-16.875,6.879254341125488,14.180495262145996,9.765181541442871,140.19395446777344,7.991835117340088
48.0,-16.875,6.614039897918701,13.892390251159668,9.737454414367676,140.2105255126953,7.991835117340088
49.0,-16.875,6.390653610229492,13.643277168273926,9.71410083770752,140.2161865234375,7.991835117340088
50.0,-16.875,6.246678352355957,13.464767456054688,9.69904899597168,140.19039916992188,7.991835117340088
51.0,-16.875,6.139976501464844,13.318960189819336,9.687893867492676,140.1509552001953,7.991835117340088
52.0,-16.875,6.038891792297363,13.17819595336914,9.677326202392578,140.11270141601562,7.991835117340088
53.0,-16.875,5.9430766105651855,13.042129516601562,9.667308807373047,140.0755615234375,7.991835117340088
54.0,-16.875,5.852211952209473,12.910442352294922,9.65781021118164,140.03945922851562,7.991835117340088
55.0,-16.875,5.747635841369629,12.767829895019531,9.64687728881836,140.01473999023438,7.991835117340088
56.0,-16.875,5.645847320556641,12.628100395202637,9.636235237121582,139.99237060546875,7.991835117340088
57.0,-16.875,5.549459934234619,12.493352890014648,9.626158714294434,139.9706573486328,7.991835117340088
58.0,-16.875,5.458133697509766,12.363242149353027,9.616612434387207,139.94955444335938,7.991835117340088
59.0,-16.875,5.3835062980651855,12.246711730957031,9.608809471130371,139.92156982421875,7.991835117340088
60.0,-16.875,5.308483123779297,12.130228996276855,9.60096549987793,139.89688110351562,7.991835117340088
61.0,-16.875,5.173276424407959,11.968830108642578,9.586832046508789,139.91429138183594,7.991835117340088
62.0,-16.875,5.0466718673706055,11.815678596496582,9.57359504699707,139.93057250976562,7.991835117340088
63.0,-16.875,4.945572853088379,11.68294906616211,9.563026428222656,139.93394470214844,7.991835117340088
64.0,-16.875,4.884761810302734,11.58044719696045,9.556668281555176,139.9132080078125,7.991835117340088
65.0,-16.875,4.833071708679199,11.484785079956055,9.551265716552734,139.88864135742188,7.991835117340088
66.0,-16.875,4.78412389755249,11.39124870300293,9.546148300170898,139.8644256591797,7.991835117340088
67.0,-16.875,4.737798690795898,11.299700736999512,9.541304588317871,139.8405303955078,7.991835117340088
68.0,-16.875,4.6939802169799805,11.210020065307617,9.536724090576172,139.8169403076172,7.991835117340088
69.0,-16.875,4.652100563049316,11.121779441833496,9.53234577178955,139.79397583007812,7.991835117340088
70.0,-16.875,4.60927677154541,11.033090591430664,9.527868270874023,139.77374267578125,7.991835117340088
71.0,-16.875,4.5687971115112305,10.946118354797363,9.523636817932129,139.7537384033203,7.991835117340088
72.0,-16.875,4.530603408813477,10.860755920410156,9.51964282989502,139.73390197753906,7.991835117340088
73.0,-16.875,4.494584083557129,10.776900291442871,9.515877723693848,139.71424865722656,7.991835117340088
74.0,-16.875,4.46066951751709,10.694454193115234,9.51233196258545,139.6947479248047,7.991835117340088
75.0,-16.875,4.428788185119629,10.613327026367188,9.508999824523926,139.67538452148438,7.991835117340088
76.0,-16.875,4.401815414428711,10.535073280334473,9.506179809570312,139.65371704101562,7.991835117340088
77.0,-16.875,4.390948295593262,10.465625762939453,9.505043029785156,139.6202850341797,7.991835117340088
78.0,-16.875,4.381617546081543,10.396585464477539,9.504068374633789,139.58688354492188,7.991835117340088
79.0,-16.875,4.373812675476074,10.327900886535645,9.503252983093262,139.55348205566406,7.991835117340088
80.0,-16.875,4.367537498474121,10.25951862335205,9.502595901489258,139.52003479003906,7.991835117340088
81.0,-16.875,4.3627610206604,10.191389083862305,9.502097129821777,139.48654174804688,7.991835117340088
82.0,-16.875,4.359460830688477,10.12345027923584,9.501750946044922,139.45298767089844,7.991835117340088
83.0,-16.875,4.35156774520874,10.052898406982422,9.50092601776123,139.42471313476562,7.991835117340088
84.0,-16.875,4.345149040222168,9.982638359069824,9.500255584716797,139.39642333984375,7.991835117340088
85.0,-16.875,4.332431316375732,9.909319877624512,9.498926162719727,139.3750762939453,7.991835117340088
86.0,-16.875,4.310139179229736,9.831925392150879,9.496596336364746,139.36378479003906,7.991835117340088
87.0,-16.875,4.282865524291992,9.752738952636719,9.493743896484375,139.35855102539062,7.991835117340088
88.0,-16.875,4.257395267486572,9.67459487915039,9.491082191467285,139.3532257080078,7.991835117340088
89.0,-16.875,4.233704090118408,9.597417831420898,9.488604545593262,139.3477783203125,7.991835117340088
90.0,-16.875,4.211714744567871,9.521132469177246,9.486306190490723,139.3422393798828,7.991835117340088
91.0,-16.875,4.191409587860107,9.445672035217285,9.484183311462402,139.33657836914062,7.991835117340088
92.0,-16.875,4.174221038818359,9.371430397033691,9.482386589050293,139.32940673828125,7.991835117340088
93.0,-16.875,4.184488773345947,9.305461883544922,9.48345947265625,139.29754638671875,7.991835117340088
94.0,-16.875,4.196249008178711,9.239191055297852,9.484687805175781,139.26536560058594,7.991835117340088
95.0,-16.875,4.209497928619385,9.172568321228027,9.486074447631836,139.2328643798828,7.991835117340088
96.0,-16.875,4.220381259918213,9.104580879211426,9.487212181091309,139.20375061035156,7.991835117340088
97.0,-16.875,4.228492259979248,9.03528118133545,9.488059997558594,139.178466796875,7.991835117340088
98.0,-16.875,4.238134860992432,8.965738296508789,9.489068031311035,139.1528778076172,7.991835117340088
99.0,-16.875,4.24933385848999,8.895896911621094,9.490238189697266,139.126953125,7.991835117340088
100.0,-16.875,4.262104034423828,8.825700759887695,9.491573333740234,139.10067749023438,7.991835117340088
101.0,-16.875,4.271378040313721,8.754279136657715,9.49254322052002,139.0790252685547,7.991835117340088
102.0,-16.875,4.276703357696533,8.681766510009766,9.493099212646484,139.06248474121094,7.991835117340088
103.0,-16.875,4.28356409072876,8.609077453613281,9.493816375732422,139.04568481445312,7.991835117340088
104.0,-16.875,4.291974067687988,8.53615665435791,9.494695663452148,139.0286102294922,7.991835117340088
105.0,-16.875,4.301949977874756,8.462946891784668,9.495738983154297,139.01124572753906,7.991835117340088
106.0,-16.875,4.313510417938232,8.389389991760254,9.4969482421875,138.9935760498047,7.991835117340088
107.0,-16.875,4.3266754150390625,8.315425872802734,9.498324394226074,138.9755859375,7.991835117340088
108.0,-16.875,4.3483476638793945,8.241266250610352,9.500589370727539,138.95042419433594,7.991835117340088
109.0,-16.875,4.372296333312988,8.166352272033691,9.503092765808105,138.92428588867188,7.991835117340088
110.0,-16.875,4.3980488777160645,8.090585708618164,9.50578498840332,138.8976593017578,7.991835117340088
111.0,-16.875,4.4256439208984375,8.013896942138672,9.508671760559082,138.8705291748047,7.991835117340088
112.0,-16.875,4.45413875579834,7.936239719390869,9.511650085449219,138.84385681152344,7.991835117340088
113.0,-16.875,4.4844207763671875,7.857549667358398,9.514815330505371,138.81678771972656,7.991835117340088
114.0,-16.875,4.51670503616333,7.777745723724365,9.518190383911133,138.7891387939453,7.991835117340088
115.0,-16.875,4.551041603088379,7.696741104125977,9.521780967712402,138.76089477539062,7.991835117340088
116.0,-16.875,4.588546276092529,7.614351272583008,9.525701522827148,138.73098754882812,7.991835117340088
117.0,-16.875,4.658466339111328,7.5270233154296875,9.533011436462402,138.6705780029297,7.991835117340088
118.0,-16.875,4.732249736785889,7.436933517456055,9.540724754333496,138.60804748535156,7.991835117340088
119.0,-16.875,4.810125827789307,7.343881130218506,9.548866271972656,138.5432586669922,7.991835117340088
120.0,-16.875,4.892366409301758,7.247641563415527,9.557464599609375,138.47604370117188,7.991835117340088
121.0,-16.875,4.9735493659973145,7.149038791656494,9.565951347351074,138.41180419921875,7.991835117340088
122.0,-16.875,5.043692111968994,7.050177574157715,9.573284149169922,138.36032104492188,7.991835117340088
123.0,-16.875,5.099056720733643,6.952484607696533,9.579071998596191,138.32516479492188,7.991835117340088
124.0,-16.875,5.153196334838867,6.853545665740967,9.584732055664062,138.29312133789062,7.991835117340088
125.0,-16.875,5.2198638916015625,6.749982833862305,9.59170150756836,138.25099182128906,7.991835117340088
126.0,-16.875,5.295932769775391,6.642047882080078,9.599655151367188,138.2019805908203,7.991835117340088
127.0,-16.875,5.376537799835205,6.530708312988281,9.608081817626953,138.15090942382812,7.991835117340088
128.0,-16.875,5.4825615882873535,6.409460067749023,9.619165420532227,138.078125,7.991835117340088
129.0,-16.875,5.659175872802734,6.262662410736084,9.637629508972168,137.94155883789062,7.991835117340088
130.0,-16.875,5.850289344787598,6.105740547180176,9.657608985900879,137.79501342773438,7.991835117340088
131.0,-16.875,6.038894176483154,5.944056987762451,9.677327156066895,137.6547088623047,7.991835117340088
132.0,-16.875,6.247122287750244,5.769671440124512,9.699095726013184,137.50030517578125,7.991835117340088
133.0,-16.875,6.523231029510498,5.5631842613220215,9.727961540222168,137.28807067871094,7.991835117340088
134.0,-16.875,6.811227798461914,5.343860626220703,9.75806999206543,137.07054138183594,7.991835117340088
135.0,-16.875,7.05124044418335,5.1361823081970215,9.783162117004395,136.9022674560547,7.991835117340088
136.0,-16.875,7.303833961486816,4.916396141052246,9.809569358825684,136.7281494140625,7.991835117340088
137.0,-16.875,7.565515995025635,4.685609340667725,9.836926460266113,136.5517578125,7.991835117340088
138.0,-16.875,8.014266967773438,4.361163139343262,9.883840560913086,136.21682739257812,7.991835117340088
139.0,-16.875,8.540129661560059,3.987189769744873,9.93881607055664,135.8240509033203,7.991835117340088
140.0,-16.875,9.15920639038086,3.5524802207946777,10.003536224365234,135.36181640625,7.991835117340088
18.0,-22.5,49.50963592529297,57.087894439697266,15.868749618530273,144.65826416015625,7.991835117340088
19.0,-22.5,48.65590286254883,56.25909423828125,15.751100540161133,143.79342651367188,7.991835117340088
20.0,-22.5,47.822044372558594,55.434974670410156,15.636188507080078,142.95779418945312,7.991835117340088
21.0,-22.5,46.76670455932617,54.3773193359375,15.490756034851074,142.15638732910156,7.991835117340088
22.0,-22.5,45.710906982421875,53.30598068237305,15.345260620117188,141.3917999267578,7.991835117340088
23.0,-22.5,44.79815673828125,52.36381912231445,15.219477653503418,140.65591430664062,7.991835117340088
24.0,-22.5,43.747459411621094,51.27378845214844,15.074684143066406,139.96273803710938,7.991835117340088
25.0,-22.5,42.457271575927734,49.93720626831055,14.896888732910156,139.32904052734375,7.991835117340088
26.0,-22.5,40.81212615966797,48.24266815185547,14.670174598693848,138.780029296875,7.991835117340088
27.0,-22.5,38.045989990234375,45.44110870361328,14.288984298706055,138.43150329589844,7.991835117340088
28.0,-22.5,34.068748474121094,41.453704833984375,13.740894317626953,138.35409545898438,7.991835117340088
29.0,-22.5,22.152755737304688,29.718290328979492,12.09879207611084,139.69569396972656,7.991835117340088
30.0,-22.5,17.454486846923828,25.075292587280273,11.451339721679688,140.15682983398438,7.991835117340088
31.0,-22.5,14.948339462280273,22.584901809692383,11.105975151062012,140.35028076171875,7.991835117340088
32.0,-22.5,13.891483306884766,21.5092716217041,10.960333824157715,140.3218231201172,7.991835117340088
33.0,-22.5,12.850358009338379,20.452543258666992,10.81686019897461,140.32635498046875,7.991835117340088
34.0,-22.5,12.126325607299805,19.7045955657959,10.717083930969238,140.28878784179688,7.991835117340088
35.0,-22.5,11.040576934814453,18.6138858795166,10.567460060119629,140.37139892578125,7.991835117340088
36.0,-22.5,10.628063201904297,18.1696720123291,10.510613441467285,140.3030548095703,7.991835117340088
37.0,-22.5,10.099884986877441,17.617069244384766,10.437826156616211,140.28350830078125,7.991835117340088
38.0,-22.5,9.77509880065918,17.258190155029297,10.39306926727295,140.21878051757812,7.991835117340088
39.0,-22.5,9.384841918945312,16.838876724243164,10.339288711547852,140.18714904785156,7.991835117340088
40.0,-22.5,8.905681610107422,16.338830947875977,10.2732572555542,140.19985961914062,7.991835117340088
41.0,-22.5,8.696246147155762,16.09079933166504,10.244396209716797,140.1316375732422,7.991835117340088
42.0,-22.5,8.499424934387207,15.854516983032227,10.217272758483887,140.0663604736328,7.991835117340088
43.0,-22.5,8.160755157470703,15.489495277404785,10.170601844787598,140.06410217285156,7.991835117340088
44.0,-22.5,7.866049766540527,15.166525840759277,10.129989624023438,140.05560302734375,7.991835117340088
45.0,-22.5,7.64974308013916,14.915748596191406,10.100180625915527,140.02406311035156,7.991835117340088
46.0,-22.5,7.443531036376953,14.675058364868164,10.07176399230957,139.995849609375,7.991835117340088
47.0,-22.5,7.220912456512451,14.421082496643066,10.041085243225098,139.9824676513672,7.991835117340088
48.0,-22.5,7.004060745239258,14.173747062683105,10.011201858520508,139.97422790527344,7.991835117340088
49.0,-22.5,6.824464321136475,13.960265159606934,9.986452102661133,139.95547485351562,7.991835117340088
50.0,-22.5,6.578210830688477,13.691079139709473,9.952516555786133,139.97653198242188,7.991835117340088
51.0,-22.5,6.363615989685059,13.451255798339844,9.922944068908691,139.98960876464844,7.991835117340088
52.0,-22.5,6.262124061584473,13.308262825012207,9.908957481384277,139.9500274658203,7.991835117340088
53.0,-22.5,6.171914100646973,13.174887657165527,9.896526336669922,139.9082794189453,7.991835117340088
54.0,-22.5,6.086435317993164,13.045537948608398,9.884746551513672,139.8675079345703,7.991835117340088
55.0,-22.5,6.005426406860352,12.919952392578125,9.87358283996582,139.82765197753906,7.991835117340088
56.0,-22.5,5.8448662757873535,12.731073379516602,9.851456642150879,139.83786010742188,7.991835117340088
57.0,-22.5,5.729866027832031,12.579923629760742,9.83560848236084,139.82618713378906,7.991835117340088
58.0,-22.5,5.634222984313965,12.444847106933594,9.822428703308105,139.80682373046875,7.991835117340088
59.0,-22.5,5.543637275695801,12.314367294311523,9.809946060180664,139.78793334960938,7.991835117340088
60.0,-22.5,5.478867530822754,12.20405101776123,9.801019668579102,139.75595092773438,7.991835117340088
61.0,-22.5,5.419131278991699,12.097667694091797,9.792787551879883,139.72344970703125,7.991835117340088
62.0,-22.5,5.362502098083496,11.99370288848877,9.784984588623047,139.69151306152344,7.991835117340088
63.0,-22.5,5.270792007446289,11.864605903625488,9.772346496582031,139.68597412109375,7.991835117340088
64.0,-22.5,5.147576332092285,11.714228630065918,9.755366325378418,139.70565795898438,7.991835117340088
65.0,-22.5,5.0837297439575195,11.607012748718262,9.746566772460938,139.68760681152344,7.991835117340088
66.0,-22.5,5.023304462432861,11.50263786315918,9.738239288330078,139.6697540283203,7.991835117340088
67.0,-22.5,4.9661359786987305,11.400917053222656,9.730361938476562,139.65206909179688,7.991835117340088
68.0,-22.5,4.913205146789551,11.30241870880127,9.723067283630371,139.63368225097656,7.991835117340088
69.0,-22.5,4.869174957275391,11.210047721862793,9.717000961303711,139.61093139648438,7.991835117340088
70.0,-22.5,4.8270769119262695,11.119088172912598,9.711198806762695,139.58880615234375,7.991835117340088
71.0,-22.5,4.784006118774414,11.027726173400879,9.705263137817383,139.56948852539062,7.991835117340088
72.0,-22.5,4.743418216705322,10.938124656677246,9.69966983795166,139.55027770996094,7.991835117340088
73.0,-22.5,4.70520544052124,10.850170135498047,9.694404602050781,139.5311737060547,7.991835117340088
74.0,-22.5,4.669302940368652,10.763753890991211,9.68945598602295,139.5121307373047,7.991835117340088
75.0,-22.5,4.635604381561279,10.678772926330566,9.684813499450684,139.4931640625,7.991835117340088
76.0,-22.5,4.604062080383301,10.595132827758789,9.680465698242188,139.47422790527344,7.991835117340088
77.0,-22.5,4.581514358520508,10.51644229888916,9.677359580993652,139.44955444335938,7.991835117340088
78.0,-22.5,4.565901756286621,10.441253662109375,9.675207138061523,139.4206085205078,7.991835117340088
79.0,-22.5,4.551952362060547,10.366652488708496,9.673286437988281,139.39170837402344,7.991835117340088
80.0,-22.5,4.539671897888184,10.292574882507324,9.671592712402344,139.36279296875,7.991835117340088
81.0,-22.5,4.529021263122559,10.218964576721191,9.670125007629395,139.3338623046875,7.991835117340088
82.0,-22.5,4.519976615905762,10.14576530456543,9.668879508972168,139.30490112304688,7.991835117340088
83.0,-22.5,4.512542247772217,10.072918891906738,9.667854309082031,139.27586364746094,7.991835117340088
84.0,-22.5,4.506687164306641,10.000371932983398,9.667047500610352,139.2467498779297,7.991835117340088
85.0,-22.5,4.496902942657471,9.925801277160645,9.66569995880127,139.2224884033203,7.991835117340088
86.0,-22.5,4.482192039489746,9.849014282226562,9.66367244720459,139.20407104492188,7.991835117340088
87.0,-22.5,4.469141006469727,9.772781372070312,9.661872863769531,139.18557739257812,7.991835117340088
88.0,-22.5,4.457713603973389,9.697039604187012,9.660298347473145,139.16700744628906,7.991835117340088
89.0,-22.5,4.438755512237549,9.618542671203613,9.657684326171875,139.1568145751953,7.991835117340088
90.0,-22.5,4.41571569442749,9.538837432861328,9.654511451721191,139.15191650390625,7.991835117340088
91.0,-22.5,4.394522666931152,9.460012435913086,9.651590347290039,139.1468048095703,7.991835117340088
92.0,-22.5,4.375118732452393,9.381994247436523,9.64891529083252,139.14149475097656,7.991835117340088
93.0,-22.5,4.3846354484558105,9.312413215637207,9.650228500366211,139.11019897460938,7.991835117340088
94.0,-22.5,4.3985161781311035,9.24329662322998,9.652139663696289,139.07591247558594,7.991835117340088
95.0,-22.5,4.414042949676514,9.173778533935547,9.654280662536621,139.04119873046875,7.991835117340088
96.0,-22.5,4.4312744140625,9.103798866271973,9.656655311584473,139.00599670410156,7.991835117340088
97.0,-22.5,4.450241565704346,9.03330135345459,9.659269332885742,138.97027587890625,7.991835117340088
98.0,-22.5,4.470977306365967,8.962224006652832,9.662125587463379,138.9340057373047,7.991835117340088
99.0,-22.5,4.493517875671387,8.890501022338867,9.665231704711914,138.89715576171875,7.991835117340088
100.0,-22.5,4.518229007720947,8.818121910095215,9.668636322021484,138.859375,7.991835117340088
101.0,-22.5,4.533790588378906,8.743316650390625,9.670782089233398,138.83175659179688,7.991835117340088
102.0,-22.5,4.539129257202148,8.666431427001953,9.67151927947998,138.81544494628906,7.991835117340088
103.0,-22.5,4.546178817749023,8.589373588562012,9.672490119934082,138.7987823486328,7.991835117340088
104.0,-22.5,4.554923057556152,8.512083053588867,9.673694610595703,138.7817840576172,7.991835117340088
105.0,-22.5,4.565394401550293,8.434493064880371,9.675137519836426,138.76441955566406,7.991835117340088
106.0,-22.5,4.577610015869141,8.356541633605957,9.6768217086792,138.74667358398438,7.991835117340088
107.0,-22.5,4.591593265533447,8.278160095214844,9.67874813079834,138.72853088378906,7.991835117340088
108.0,-22.5,4.607553005218506,8.199289321899414,9.680948257446289,138.7097930908203,7.991835117340088
109.0,-22.5,4.629059314727783,8.119885444641113,9.683911323547363,138.6869354248047,7.991835117340088
110.0,-22.5,4.652491569519043,8.039711952209473,9.687139511108398,138.66355895996094,7.991835117340088
111.0,-22.5,4.679427146911621,7.958654403686523,9.690852165222168,138.63812255859375,7.991835117340088
112.0,-22.5,4.712113380432129,7.876462459564209,9.695356369018555,138.60842895507812,7.991835117340088
113.0,-22.5,4.746994495391846,7.793071269989014,9.700163841247559,138.57803344726562,7.991835117340088
114.0,-22.5,4.784182071685791,7.708388805389404,9.705286979675293,138.54685974121094,7.991835117340088
115.0,-22.5,4.823733806610107,7.622312545776367,9.710737228393555,138.514892578125,7.991835117340088
116.0,-22.5,4.898046493530273,7.531187057495117,9.720980644226074,138.45028686523438,7.991835117340088
117.0,-22.5,4.978695869445801,7.436868190765381,9.732091903686523,138.38121032714844,7.991835117340088
118.0,-22.5,5.06394100189209,7.339311122894287,9.743840217590332,138.30947875976562,7.991835117340088
119.0,-22.5,5.186148643493652,7.233094692230225,9.760682106018066,138.2035675048828,7.991835117340088
120.0,-22.5,5.337790489196777,7.117711544036865,9.781579971313477,138.0712127685547,7.991835117340088
121.0,-22.5,5.480438232421875,6.999224662780762,9.801237106323242,137.9501190185547,7.991835117340088
122.0,-22.5,5.580342769622803,6.8852996826171875,9.815004348754883,137.8729705810547,7.991835117340088
123.0,-22.5,5.686364650726318,6.766962051391602,9.829615592956543,137.7923126220703,7.991835117340088
124.0,-22.5,5.7989702224731445,6.6438374519348145,9.845132827758789,137.70785522460938,7.991835117340088
125.0,-22.5,5.925962448120117,6.513594627380371,9.862632751464844,137.61231994628906,7.991835117340088
126.0,-22.5,6.069530963897705,6.374967575073242,9.882416725158691,137.50392150878906,7.991835117340088
127.0,-22.5,6.2304511070251465,6.226955413818359,9.904593467712402,137.3822784423828,7.991835117340088
128.0,-22.5,6.403067588806152,6.070544719696045,9.92838191986084,137.2530975341797,7.991835117340088
129.0,-22.5,6.588558673858643,5.904852390289307,9.95394229888916,137.1156005859375,7.991835117340088
130.0,-22.5,6.80360746383667,5.723569393157959,9.9835786819458,136.9546661376953,7.991835117340088
131.0,-22.5,7.042455196380615,5.52744722366333,10.016490936279297,136.7762908935547,7.991835117340088
132.0,-22.5,7.306031227111816,5.315075874328613,10.052815437316895,136.58026123046875,7.991835117340088
133.0,-22.5,7.670271873474121,5.0555596351623535,10.103010177612305,136.2982177734375,7.991835117340088
134.0,-22.5,8.10044002532959,4.758446216583252,10.162290573120117,135.9638214111328,7.991835117340088
