angle,vert_angle,dist,x,y,z,height
17.0,22.5,88.80323791503906,46.68907928466797,50.0234489440918,83.08588409423828,9.110664367675781
18.0,22.5,86.3629379272461,48.447757720947266,49.44397735595703,85.26091003417969,9.110664367675781
19.0,22.5,84.46163177490234,49.75749969482422,48.99250030517578,87.20829772949219,9.110664367675781
20.0,22.5,82.9649658203125,50.73352813720703,48.63710021972656,88.99022674560547,9.110664367675781
21.0,22.5,81.87034606933594,51.371097564697266,48.377166748046875,90.62622833251953,9.110664367675781
22.0,22.5,81.01669311523438,51.81528091430664,48.174461364746094,92.17440032958984,9.110664367675781
23.0,22.5,80.30875396728516,52.15225601196289,48.00635528564453,93.66754913330078,9.110664367675781
24.0,22.5,79.79154968261719,52.3370246887207,47.883544921875,95.10286712646484,9.110664367675781
25.0,22.5,79.34870147705078,52.477867126464844,47.77838134765625,96.51180267333984,9.110664367675781
26.0,22.5,79.03465270996094,52.52166748046875,47.70381164550781,97.8879165649414,9.110664367675781
27.0,22.5,78.79945373535156,52.514854431152344,47.64795684814453,99.24522399902344,9.110664367675781
28.0,22.5,78.69573974609375,52.406028747558594,47.623329162597656,100.57966613769531,9.110664367675781
29.0,22.5,78.66268157958984,52.25270462036133,47.615478515625,101.90512084960938,9.110664367675781
30.0,22.5,78.72455596923828,52.03095626831055,47.63017272949219,103.22210693359375,9.110664367675781
31.0,22.5,78.86792755126953,51.75333023071289,47.664215087890625,104.5362319946289,9.110664367675781
32.0,22.5,79.15060424804688,51.36355972290039,47.73133850097656,105.84687805175781,9.110664367675781
33.0,22.5,79.52020263671875,50.912109375,47.81910705566406,107.16377258300781,9.110664367675781
34.0,22.5,79.96434783935547,50.41102600097656,47.92457580566406,108.4914779663086,9.110664367675781
35.0,22.5,80.61695098876953,49.73051452636719,48.07954406738281,109.83002471923828,9.110664367675781
36.0,22.5,81.36125946044922,48.98419952392578,48.25628662109375,111.1905746459961,9.110664367675781
37.0,22.5,82.43651580810547,47.94027328491211,48.51161193847656,112.57947540283203,9.110664367675781
38.0,22.5,83.75409698486328,46.6857795715332,48.82447814941406,114.01087188720703,9.110664367675781
39.0,22.5,85.69171142578125,44.85551071166992,49.28459167480469,115.51277923583984,9.110664367675781
40.0,22.5,88.74702453613281,41.96979522705078,50.010101318359375,117.1458969116211,9.110664367675781
156.0,22.5,45.64324951171875,149.86354064941406,39.774715423583984,150.43063354492188,9.110664367675781
157.0,22.5,44.32086181640625,149.8811492919922,39.46070098876953,148.9368896484375,9.110664367675781
158.0,22.5,41.262386322021484,148.97174072265625,38.73444366455078,146.01705932617188,9.110664367675781
159.0,22.5,37.445945739746094,147.5717315673828,37.82819366455078,142.52020263671875,9.110664367675781
160.0,22.5,34.64708709716797,146.6025390625,37.16357421875,139.9076385498047,9.110664367675781
161.0,22.5,32.47430419921875,145.8932342529297,36.64762878417969,137.8400115966797,9.110664367675781
162.0,22.5,31.218997955322266,145.6356201171875,36.349544525146484,136.53158569335938,9.110664367675781
163.0,22.5,29.926082611083984,145.3162384033203,36.04253387451172,135.2110137939453,9.110664367675781
164.0,22.5,28.932018280029297,145.1331787109375,35.80648422241211,134.13966369628906,9.110664367675781
165.0,22.5,28.155071258544922,145.04953002929688,35.62199020385742,133.24705505371094,9.110664367675781
166.0,22.5,27.424625396728516,144.96884155273438,35.44853973388672,132.399169921875,9.110664367675781
167.0,22.5,26.945560455322266,145.02252197265625,35.334781646728516,131.74642944335938,9.110664367675781
168.0,22.5,26.530527114868164,145.0999298095703,35.236228942871094,131.1447296142578,9.110664367675781
169.0,22.5,26.05744171142578,145.12347412109375,35.12388610839844,130.5049285888672,9.110664367675781
170.0,22.5,25.646100997924805,145.17127990722656,35.02621078491211,129.91378784179688,9.110664367675781
171.0,22.5,25.24008560180664,145.20738220214844,34.9297981262207,129.33042907714844,9.110664367675781
172.0,22.5,24.982845306396484,145.33155822753906,34.868717193603516,128.85264587402344,9.110664367675781
173.0,22.5,24.731948852539062,145.4488067626953,34.809139251708984,128.38015747070312,9.110664367675781
174.0,22.5,24.43893051147461,145.52471923828125,34.739559173583984,127.88117218017578,9.110664367675781
175.0,22.5,24.16006851196289,145.59889221191406,34.67333984375,127.39373779296875,9.110664367675781
176.0,22.5,23.987897872924805,145.7402801513672,34.6324577331543,126.9759292602539,9.110664367675781
177.0,22.5,23.836536407470703,145.88807678222656,34.59651565551758,126.57081604003906,9.110664367675781
178.0,22.5,23.728530883789062,146.06015014648438,34.57086944580078,126.19136810302734,9.110664367675781
179.0,22.5,23.551589965820312,146.17129516601562,34.52885055541992,125.76968383789062,9.110664367675781
180.0,22.5,23.39183807373047,146.2866973876953,34.49091720581055,125.35843658447266,9.110664367675781
181.0,22.5,23.252643585205078,146.40956115722656,34.457862854003906,124.95903778076172,9.110664367675781
182.0,22.5,23.178316116333008,146.57603454589844,34.44021224975586,124.59514617919922,9.110664367675781
183.0,22.5,23.130783081054688,146.75714111328125,34.428924560546875,124.24380493164062,9.110664367675781
184.0,22.5,23.071327209472656,146.921875,34.41481018066406,123.88381958007812,9.110664367675781
185.0,22.5,23.050655364990234,147.1118927001953,34.4099006652832,123.54154968261719,9.110664367675781
186.0,22.5,23.06987953186035,147.32913208007812,34.414466857910156,123.21595764160156,9.110664367675781
187.0,22.5,23.021169662475586,147.48336791992188,34.40290069580078,122.8538818359375,9.110664367675781
188.0,22.5,23.036945343017578,147.68592834472656,34.40664291381836,122.5197525024414,9.110664367675781
189.0,22.5,23.054126739501953,147.8839569091797,34.41072463989258,122.18253326416016,9.110664367675781
190.0,22.5,23.14229965209961,148.137939453125,34.43165969848633,121.87239074707031,9.110664367675781
191.0,22.5,23.1279296875,148.2971954345703,34.428245544433594,121.513671875,9.110664367675781
192.0,22.5,23.223529815673828,148.5472869873047,34.450950622558594,121.19672393798828,9.110664367675781
193.0,22.5,23.30365753173828,148.7786865234375,34.46997833251953,120.86797332763672,9.110664367675781
194.0,22.5,23.40255355834961,149.0216827392578,34.49346160888672,120.54096984863281,9.110664367675781
195.0,22.5,23.51616859436035,149.2728729248047,34.52043914794922,120.21343994140625,9.110664367675781
196.0,22.5,23.628276824951172,149.5176239013672,34.547061920166016,119.87928771972656,9.110664367675781
197.0,22.5,23.751325607299805,149.76718139648438,34.57627868652344,119.54264831542969,9.110664367675781
198.0,22.5,23.896099090576172,150.03150939941406,34.61065673828125,119.20643615722656,9.110664367675781
199.0,22.5,24.123088836669922,150.3668670654297,34.66455841064453,118.88731384277344,9.110664367675781
200.0,22.5,24.33656883239746,150.68515014648438,34.715248107910156,118.55496978759766,9.110664367675781
201.0,22.5,24.605567932128906,151.05055236816406,34.77912902832031,118.22804260253906,9.110664367675781
202.0,22.5,24.921876907348633,151.45587158203125,34.8542366027832,117.90187072753906,9.110664367675781
203.0,22.5,25.15637969970703,151.77944946289062,34.9099235534668,117.54496002197266,9.110664367675781
204.0,22.5,25.54490852355957,152.2437286376953,35.00217819213867,117.21089935302734,9.110664367675781
205.0,22.5,25.892627716064453,152.6646270751953,35.08475112915039,116.85444641113281,9.110664367675781
206.0,22.5,26.28728485107422,153.1251983642578,35.178470611572266,116.49321746826172,9.110664367675781
207.0,22.5,26.804677963256836,153.69815063476562,35.301326751708984,116.13704681396484,9.110664367675781
208.0,22.5,27.366195678710938,154.30856323242188,35.434661865234375,115.76858520507812,9.110664367675781
209.0,22.5,28.108257293701172,155.08766174316406,35.61087417602539,115.40291595458984,9.110664367675781
210.0,22.5,28.819232940673828,155.831787109375,35.779701232910156,115.00782012939453,9.110664367675781
211.0,22.5,29.91689109802246,156.94406127929688,36.040348052978516,114.62367248535156,9.110664367675781
212.0,22.5,31.51275062561035,158.53355407714844,36.4193000793457,114.2394027709961,9.110664367675781
15.0,16.875,90.34943389892578,45.865543365478516,45.173030853271484,77.92668151855469,9.110664367675781
16.0,16.875,86.3799819946289,48.920684814453125,44.459678649902344,80.792724609375,9.110664367675781
17.0,16.875,84.38981628417969,50.225257873535156,44.10202407836914,82.8614730834961,9.110664367675781
18.0,16.875,82.88554382324219,51.126625061035156,43.83169174194336,84.7159652709961,9.110664367675781
19.0,16.875,81.3685531616211,52.08049011230469,43.55907440185547,86.53396606445312,9.110664367675781
20.0,16.875,80.14614868164062,52.79747772216797,43.339393615722656,88.22341918945312,9.110664367675781
21.0,16.875,79.15376281738281,53.332923889160156,43.16105651855469,89.81599426269531,9.110664367675781
22.0,16.875,78.30191040039062,53.76751708984375,43.007965087890625,91.34580993652344,9.110664367675781
23.0,16.875,77.64352416992188,54.0482063293457,42.889644622802734,92.80622100830078,9.110664367675781
24.0,16.875,77.0693359375,54.276485443115234,42.786460876464844,94.23128509521484,9.110664367675781
25.0,16.875,76.61873626708984,54.41309356689453,42.705482482910156,95.61636352539062,9.110664367675781
26.0,16.875,76.23802947998047,54.508079528808594,42.63706588745117,96.97764587402344,9.110664367675781
27.0,16.875,75.94259643554688,54.545528411865234,42.5839729309082,98.31544494628906,9.110664367675781
28.0,16.875,75.74835205078125,54.50901412963867,42.549068450927734,99.63106536865234,9.110664367675781
29.0,16.875,75.5897216796875,54.46133041381836,42.52055740356445,100.93869018554688,9.110664367675781
30.0,16.875,75.54164123535156,54.329010009765625,42.51191711425781,102.23017120361328,9.110664367675781
31.0,16.875,75.55924987792969,54.15514373779297,42.51508331298828,103.51570129394531,9.110664367675781
32.0,16.875,75.68431091308594,53.898468017578125,42.537559509277344,104.79434967041016,9.110664367675781
33.0,16.875,75.79068756103516,53.68229293823242,42.556678771972656,106.08085632324219,9.110664367675781
34.0,16.875,76.11034393310547,53.279052734375,42.61412048339844,107.36016845703125,9.110664367675781
35.0,16.875,76.47345733642578,52.85520935058594,42.67937469482422,108.64999389648438,9.110664367675781
36.0,16.875,76.9518051147461,52.34040451049805,42.765342712402344,109.95040893554688,9.110664367675781
37.0,16.875,77.5880126953125,51.692955017089844,42.87967300415039,111.26663208007812,9.110664367675781
38.0,16.875,78.292236328125,51.001686096191406,43.0062255859375,112.60552978515625,9.110664367675781
39.0,16.875,79.19319152832031,50.14065170288086,43.16814041137695,113.97367095947266,9.110664367675781
40.0,16.875,80.41188049316406,48.9919319152832,43.387149810791016,115.38603973388672,9.110664367675781
41.0,16.875,81.99427795410156,47.512062072753906,43.67152404785156,116.86138153076172,9.110664367675781
42.0,16.875,84.40585327148438,45.24699020385742,44.10491180419922,118.45429992675781,9.110664367675781
43.0,16.875,88.52062225341797,41.346153259277344,44.84437561035156,120.2901611328125,9.110664367675781
150.0,16.875,45.53874969482422,145.20387268066406,37.12009048461914,153.2181854248047,9.110664367675781
151.0,16.875,44.21406555175781,145.40231323242188,36.88203048706055,151.71743774414062,9.110664367675781
152.0,16.875,42.712467193603516,145.4814453125,36.6121826171875,150.06443786621094,9.110664367675781
153.0,16.875,41.88020706176758,145.79244995117188,36.462615966796875,149.01522827148438,9.110664367675781
154.0,16.875,40.534423828125,145.84637451171875,36.22076416015625,147.5151824951172,9.110664367675781
155.0,16.875,39.4624137878418,145.9781494140625,36.02811050415039,146.26368713378906,9.110664367675781
156.0,16.875,37.62666320800781,145.71261596679688,35.69820785522461,144.35887145996094,9.110664367675781
157.0,16.875,35.903560638427734,145.4409942626953,35.3885498046875,142.5706787109375,9.110664367675781
158.0,16.875,34.359649658203125,145.20223999023438,35.11109161376953,140.9541015625,9.110664367675781
159.0,16.875,32.350528717041016,144.6730499267578,34.750030517578125,138.96568298339844,9.110664367675781
160.0,16.875,31.00067901611328,144.4290771484375,34.507450103759766,137.55169677734375,9.110664367675781
161.0,16.875,29.76032066345215,144.20057678222656,34.2845458984375,136.2445831298828,9.110664367675781
162.0,16.875,28.84566879272461,144.11343383789062,34.12017059326172,135.21743774414062,9.110664367675781
163.0,16.875,28.025846481323242,144.0497589111328,33.972843170166016,134.27688598632812,9.110664367675781
164.0,16.875,27.31705093383789,144.02337646484375,33.845462799072266,133.43359375,9.110664367675781
165.0,16.875,26.68109130859375,144.01625061035156,33.731178283691406,132.65501403808594,9.110664367675781
166.0,16.875,26.070335388183594,144.0023956298828,33.62141799926758,131.90280151367188,9.110664367675781
167.0,16.875,25.591537475585938,144.04994201660156,33.53537368774414,131.25762939453125,9.110664367675781
168.0,16.875,25.237483978271484,144.1597442626953,33.471744537353516,130.71023559570312,9.110664367675781
169.0,16.875,24.80779266357422,144.2060089111328,33.394527435302734,130.10934448242188,9.110664367675781
170.0,16.875,24.519893646240234,144.33065795898438,33.34278869628906,129.6154022216797,9.110664367675781
171.0,16.875,24.125659942626953,144.3709716796875,33.271942138671875,129.04693603515625,9.110664367675781
172.0,16.875,23.838382720947266,144.47030639648438,33.220314025878906,128.5575408935547,9.110664367675781
173.0,16.875,23.632274627685547,144.61463928222656,33.18327331542969,128.1258544921875,9.110664367675781
174.0,16.875,23.400636672973633,144.730712890625,33.14164352416992,127.67700958251953,9.110664367675781
175.0,16.875,23.154460906982422,144.82566833496094,33.09740447998047,127.21947479248047,9.110664367675781
176.0,16.875,22.957656860351562,144.9462127685547,33.06203842163086,126.7956314086914,9.110664367675781
177.0,16.875,22.823047637939453,145.10369873046875,33.03784942626953,126.41197967529297,9.110664367675781
178.0,16.875,22.66927719116211,145.23841857910156,33.01021194458008,126.01544189453125,9.110664367675781
179.0,16.875,22.57486915588379,145.4102783203125,32.993247985839844,125.65497589111328,9.110664367675781
180.0,16.875,22.404666900634766,145.515625,32.9626579284668,125.24751281738281,9.110664367675781
181.0,16.875,22.23414421081543,145.61183166503906,32.93201446533203,124.84042358398438,9.110664367675781
182.0,16.875,22.1423282623291,145.7622833251953,32.91551208496094,124.4789810180664,9.110664367675781
183.0,16.875,22.01795196533203,145.87908935546875,32.89316177368164,124.09813690185547,9.110664367675781
184.0,16.875,22.03683853149414,146.1056365966797,32.89655685424805,123.79475402832031,9.110664367675781
185.0,16.875,21.954038619995117,146.24261474609375,32.881675720214844,123.43352508544922,9.110664367675781
186.0,16.875,21.986026763916016,146.46885681152344,32.88742446899414,123.13006591796875,9.110664367675781
187.0,16.875,21.94596290588379,146.62893676757812,32.880226135253906,122.78633117675781,9.110664367675781
188.0,16.875,21.909120559692383,146.78541564941406,32.87360382080078,122.44200134277344,9.110664367675781
189.0,16.875,21.93332862854004,146.9883575439453,32.87795639038086,122.12416076660156,9.110664367675781
190.0,16.875,21.96666717529297,147.1938934326172,32.88394546508789,121.80657958984375,9.110664367675781
191.0,16.875,21.988794326782227,147.3842315673828,32.88792419433594,121.48005676269531,9.110664367675781
192.0,16.875,22.044132232666016,147.59852600097656,32.89786911010742,121.16392517089844,9.110664367675781
193.0,16.875,22.074295043945312,147.7851104736328,32.903289794921875,120.83302307128906,9.110664367675781
194.0,16.875,22.177005767822266,148.03158569335938,32.92174530029297,120.52681732177734,9.110664367675781
195.0,16.875,22.271469116210938,148.265869140625,32.938720703125,120.21163177490234,9.110664367675781
196.0,16.875,22.321176528930664,148.45423889160156,32.947654724121094,119.87481689453125,9.110664367675781
197.0,16.875,22.398996353149414,148.6629180908203,32.961639404296875,119.54362487792969,9.110664367675781
198.0,16.875,22.524627685546875,148.9105987548828,32.984214782714844,119.22322845458984,9.110664367675781
199.0,16.875,22.717599868774414,149.2161865234375,33.018898010253906,118.91748046875,9.110664367675781
200.0,16.875,22.84235382080078,149.45339965820312,33.041316986083984,118.58316802978516,9.110664367675781
201.0,16.875,22.974279403686523,149.69212341308594,33.065025329589844,118.2447280883789,9.110664367675781
202.0,16.875,23.19085693359375,150.00579833984375,33.10394287109375,117.92215728759766,9.110664367675781
203.0,16.875,23.401460647583008,150.30906677246094,33.14179229736328,117.58910369873047,9.110664367675781
204.0,16.875,23.715604782104492,150.70640563964844,33.19824981689453,117.27098083496094,9.110664367675781
205.0,16.875,23.907285690307617,150.98170471191406,33.232696533203125,116.91474914550781,9.110664367675781
206.0,16.875,24.274471282958984,151.42063903808594,33.298683166503906,116.58479309082031,9.110664367675781
207.0,16.875,24.614797592163086,151.82896423339844,33.35984420776367,116.23624420166016,9.110664367675781
208.0,16.875,24.837583541870117,152.1180877685547,33.399879455566406,115.85591888427734,9.110664367675781
209.0,16.875,25.234439849853516,152.5705108642578,33.471195220947266,115.49193572998047,9.110664367675781
210.0,16.875,25.758277893066406,153.1413116455078,33.565338134765625,115.12954711914062,9.110664367675781
211.0,16.875,26.332096099853516,153.75564575195312,33.66845703125,114.75382995605469,9.110664367675781
212.0,16.875,26.986984252929688,154.44374084472656,33.78614807128906,114.3652114868164,9.110664367675781
213.0,16.875,27.462474822998047,154.94996643066406,33.87159729003906,113.93978881835938,9.110664367675781
214.0,16.875,28.232492446899414,155.73846435546875,34.009979248046875,113.51481628417969,9.110664367675781
215.0,16.875,29.355939865112305,156.86746215820312,34.21187210083008,113.07772827148438,9.110664367675781
216.0,16.875,30.394102096557617,157.9054412841797,34.3984375,112.59964752197266,9.110664367675781
217.0,16.875,32.6241455078125,160.10765075683594,34.7992057800293,112.09461975097656,9.110664367675781
14.0,11.25,87.45989227294922,48.76628112792969,39.45166778564453,76.37828063964844,9.110664367675781
15.0,11.25,84.24590301513672,51.0938720703125,39.065250396728516,79.01925659179688,9.110664367675781
16.0,11.25,82.32564544677734,52.29872131347656,38.83437728881836,81.08432006835938,9.110664367675781
17.0,11.25,80.88320922851562,53.10917663574219,38.660953521728516,82.9262466430664,9.110664367675781
18.0,11.25,79.78732299804688,53.63739776611328,38.52919387817383,84.61206817626953,9.110664367675781
19.0,11.25,78.55825805664062,54.326255798339844,38.38142395019531,86.31380462646484,9.110664367675781
20.0,11.25,77.52982330322266,54.862205505371094,38.25776672363281,87.9211654663086,9.110664367675781
21.0,11.25,76.5706558227539,55.365787506103516,38.142452239990234,89.48170471191406,9.110664367675781
22.0,11.25,75.85340118408203,55.670555114746094,38.056217193603516,90.95063018798828,9.110664367675781
23.0,11.25,75.22148895263672,55.92247009277344,37.98023986816406,92.37997436523438,9.110664367675781
24.0,11.25,74.6686782836914,56.12590408325195,37.91377258300781,93.77495574951172,9.110664367675781
25.0,11.25,74.19422149658203,56.28014373779297,37.85673141479492,95.13921356201172,9.110664367675781
26.0,11.25,73.79410552978516,56.38780212402344,37.808624267578125,96.47706604003906,9.110664367675781
27.0,11.25,73.46549224853516,56.45052719116211,37.76911544799805,97.7923583984375,9.110664367675781
28.0,11.25,73.17788696289062,56.4971923828125,37.734535217285156,99.09362030029297,9.110664367675781
29.0,11.25,73.0472183227539,56.413536071777344,37.71882629394531,100.36427307128906,9.110664367675781
30.0,11.25,72.9331283569336,56.336116790771484,37.705108642578125,101.63163757324219,9.110664367675781
31.0,11.25,72.82551574707031,56.27472686767578,37.692169189453125,102.89739990234375,9.110664367675781
32.0,11.25,72.75618743896484,56.197845458984375,37.683837890625,104.15814208984375,9.110664367675781
33.0,11.25,72.8753890991211,55.956687927246094,37.69816589355469,105.40216064453125,9.110664367675781
34.0,11.25,73.05059051513672,55.68165588378906,37.71923065185547,106.64826202392578,9.110664367675781
35.0,11.25,73.23535919189453,55.41874694824219,37.7414436340332,107.90150451660156,9.110664367675781
36.0,11.25,73.48751068115234,55.11074447631836,37.77176284790039,109.15986633300781,9.110664367675781
37.0,11.25,73.92224884033203,54.643402099609375,37.824031829833984,110.42425537109375,9.110664367675781
38.0,11.25,74.38256072998047,54.172733306884766,37.879371643066406,111.70409393310547,9.110664367675781
39.0,11.25,74.96786499023438,53.60045623779297,37.949745178222656,113.00183868408203,9.110664367675781
40.0,11.25,75.82286834716797,52.78355026245117,38.05254364013672,114.32833862304688,9.110664367675781
41.0,11.25,76.66407012939453,52.004234313964844,38.1536865234375,115.68301391601562,9.110664367675781
42.0,11.25,77.84782409667969,50.910247802734375,38.29600524902344,117.08867645263672,9.110664367675781
43.0,11.25,79.41311645507812,49.465145111083984,38.48420333862305,118.56593322753906,9.110664367675781
44.0,11.25,81.53202056884766,47.501895904541016,38.73896026611328,120.15156555175781,9.110664367675781
45.0,11.25,84.8892822265625,44.35019302368164,39.142601013183594,121.95512390136719,9.110664367675781
146.0,11.25,47.296443939208984,142.43698120117188,34.6227912902832,156.53330993652344,9.110664367675781
147.0,11.25,44.28435134887695,142.24667358398438,34.26064682006836,153.44557189941406,9.110664367675781
148.0,11.25,42.85324478149414,142.48716735839844,34.088584899902344,151.85487365722656,9.110664367675781
149.0,11.25,41.58413314819336,142.73397827148438,33.93600082397461,150.41909790039062,9.110664367675781
150.0,11.25,40.595947265625,143.03915405273438,33.81718826293945,149.2460479736328,9.110664367675781
151.0,11.25,39.58502197265625,143.29920959472656,33.69564437866211,148.05357360839844,9.110664367675781
152.0,11.25,38.50490188598633,143.49452209472656,33.56578063964844,146.80088806152344,9.110664367675781
153.0,11.25,37.4050178527832,143.64263916015625,33.43354034423828,145.534912109375,9.110664367675781
154.0,11.25,36.2139778137207,143.7119140625,33.290340423583984,144.19329833984375,9.110664367675781
155.0,11.25,34.86256408691406,143.6672821044922,33.12786102294922,142.7178497314453,9.110664367675781
156.0,11.25,33.65515899658203,143.64297485351562,32.98269271850586,141.3805389404297,9.110664367675781
157.0,11.25,32.11695098876953,143.4182891845703,32.797752380371094,139.76626586914062,9.110664367675781
158.0,11.25,30.809310913085938,143.25628662109375,32.640533447265625,138.36769104003906,9.110664367675781
159.0,11.25,29.79335594177246,143.1990203857422,32.51838684082031,137.23211669921875,9.110664367675781
160.0,11.25,28.651275634765625,143.040771484375,32.381072998046875,136.0005645751953,9.110664367675781
161.0,11.25,27.884302139282227,143.04653930664062,32.28886032104492,135.09527587890625,9.110664367675781
162.0,11.25,27.085845947265625,143.00799560546875,32.1928596496582,134.17138671875,9.110664367675781
163.0,11.25,26.407337188720703,143.010009765625,32.11128234863281,133.3538055419922,9.110664367675781
164.0,11.25,25.824207305908203,143.04368591308594,32.04117202758789,132.6198272705078,9.110664367675781
165.0,11.25,25.407665252685547,143.15567016601562,31.991092681884766,132.02365112304688,9.110664367675781
166.0,11.25,24.89689064025879,143.19406127929688,31.92967987060547,131.3561553955078,9.110664367675781
167.0,11.25,24.43385887145996,143.2436065673828,31.87401008605957,130.73048400878906,9.110664367675781
168.0,11.25,24.1258544921875,143.37472534179688,31.836978912353516,130.2272186279297,9.110664367675781
169.0,11.25,23.774269104003906,143.46466064453125,31.794708251953125,129.69248962402344,9.110664367675781
170.0,11.25,23.485889434814453,143.58255004882812,31.760034561157227,129.20703125,9.110664367675781
171.0,11.25,23.184473037719727,143.67947387695312,31.723796844482422,128.7134552001953,9.110664367675781
172.0,11.25,22.893505096435547,143.77114868164062,31.688812255859375,128.22933959960938,9.110664367675781
173.0,11.25,22.648395538330078,143.88290405273438,31.65934181213379,127.77946472167969,9.110664367675781
174.0,11.25,22.463895797729492,144.02699279785156,31.63715934753418,127.37262725830078,9.110664367675781
175.0,11.25,22.273706436157227,144.1576385498047,31.614294052124023,126.96178436279297,9.110664367675781
176.0,11.25,22.05166244506836,144.25540161132812,31.587596893310547,126.52994537353516,9.110664367675781
177.0,11.25,21.896987915039062,144.39344787597656,31.569000244140625,126.14331817626953,9.110664367675781
178.0,11.25,21.78451919555664,144.55502319335938,31.55548095703125,125.78337097167969,9.110664367675781
179.0,11.25,21.603702545166016,144.65640258789062,31.53373908996582,125.37935638427734,9.110664367675781
180.0,11.25,21.48525619506836,144.7974853515625,31.519498825073242,125.01428985595703,9.110664367675781
181.0,11.25,21.34391212463379,144.91278076171875,31.502504348754883,124.6347427368164,9.110664367675781
182.0,11.25,21.271610260009766,145.0753631591797,31.493810653686523,124.29558563232422,9.110664367675781
183.0,11.25,21.225257873535156,145.25233459472656,31.488237380981445,123.96949005126953,9.110664367675781
184.0,11.25,21.150312423706055,145.39962768554688,31.47922706604004,123.6250991821289,9.110664367675781
185.0,11.25,21.10955047607422,145.568603515625,31.47432518005371,123.29779815673828,9.110664367675781
186.0,11.25,21.043136596679688,145.7098846435547,31.46634292602539,122.95466613769531,9.110664367675781
187.0,11.25,21.039104461669922,145.89756774902344,31.465856552124023,122.64210510253906,9.110664367675781
188.0,11.25,21.012649536132812,146.06048583984375,31.462675094604492,122.31519317626953,9.110664367675781
189.0,11.25,20.978147506713867,146.21046447753906,31.458528518676758,121.98200988769531,9.110664367675781
190.0,11.25,20.99941635131836,146.4031524658203,31.46108627319336,121.6728744506836,9.110664367675781
191.0,11.25,21.011362075805664,146.5823516845703,31.462520599365234,121.35586547851562,9.110664367675781
192.0,11.25,21.059450149536133,146.78829956054688,31.468303680419922,121.05139923095703,9.110664367675781
193.0,11.25,21.07808494567871,146.96278381347656,31.470542907714844,120.730224609375,9.110664367675781
194.0,11.25,21.12210464477539,147.15476989746094,31.47583770751953,120.41605377197266,9.110664367675781
195.0,11.25,21.206140518188477,147.3780975341797,31.485939025878906,120.11346435546875,9.110664367675781
196.0,11.25,21.253517150878906,147.5629425048828,31.491636276245117,119.79199981689453,9.110664367675781
197.0,11.25,21.282211303710938,147.72515869140625,31.495086669921875,119.45989227294922,9.110664367675781
198.0,11.25,21.4366397857666,147.99893188476562,31.513652801513672,119.16748046875,9.110664367675781
199.0,11.25,21.51370620727539,148.19589233398438,31.522918701171875,118.84265899658203,9.110664367675781
200.0,11.25,21.554859161376953,148.35369873046875,31.52786636352539,118.5020980834961,9.110664367675781
201.0,11.25,21.705791473388672,148.6099090576172,31.54601287841797,118.19022369384766,9.110664367675781
202.0,11.25,21.95763397216797,148.95762634277344,31.576292037963867,117.89922332763672,9.110664367675781
203.0,11.25,22.053884506225586,149.1522674560547,31.58786392211914,117.55772399902344,9.110664367675781
204.0,11.25,22.209712982177734,149.39869689941406,31.60660171508789,117.22569274902344,9.110664367675781
205.0,11.25,22.491344451904297,149.76156616210938,31.640460968017578,116.91511535644531,9.110664367675781
206.0,11.25,22.734289169311523,150.0824737548828,31.66967010498047,116.58543395996094,9.110664367675781
207.0,11.25,22.931446075439453,150.35382080078125,31.693374633789062,116.23731994628906,9.110664367675781
208.0,11.25,23.18437957763672,150.6741943359375,31.723785400390625,115.89088439941406,9.110664367675781
209.0,11.25,23.50926971435547,151.0597381591797,31.762845993041992,115.5458984375,9.110664367675781
210.0,11.25,23.790939331054688,151.39756774902344,31.796710968017578,115.1826171875,9.110664367675781
211.0,11.25,24.19985008239746,151.85499572753906,31.845874786376953,114.82431030273438,9.110664367675781
212.0,11.25,24.52621078491211,152.22543334960938,31.885114669799805,114.44230651855469,9.110664367675781
213.0,11.25,25.018930435180664,152.7541961669922,31.944355010986328,114.06298828125,9.110664367675781
214.0,11.25,25.45368003845215,153.21954345703125,31.996623992919922,113.66184997558594,9.110664367675781
215.0,11.25,25.99357032775879,153.7825164794922,32.06153869628906,113.25081634521484,9.110664367675781
216.0,11.25,26.489744186401367,154.2952880859375,32.121192932128906,112.8190689086914,9.110664367675781
217.0,11.25,27.173349380493164,154.98672485351562,32.2033805847168,112.37345123291016,9.110664367675781
218.0,11.25,27.906776428222656,155.71986389160156,32.291561126708984,111.90409088134766,9.110664367675781
219.0,11.25,28.697887420654297,156.5018768310547,32.38667678833008,111.4084243774414,9.110664367675781
220.0,11.25,29.914104461669922,157.6965789794922,32.53290557861328,110.87156677246094,9.110664367675781
221.0,11.25,31.66092300415039,159.4069366455078,32.742923736572266,110.26636505126953,9.110664367675781
13.0,5.625,84.78256225585938,51.6356086730957,33.988773345947266,75.3988265991211,9.110664367675781
14.0,5.625,82.15760803222656,53.39522171020508,33.83234405517578,77.82449340820312,9.110664367675781
15.0,5.625,80.31398010253906,54.50032424926758,33.722476959228516,79.86617279052734,9.110664367675781
16.0,5.625,78.94649505615234,55.214378356933594,33.64098358154297,81.67670440673828,9.110664367675781
17.0,5.625,77.8439712524414,55.72277069091797,33.575279235839844,83.35542297363281,9.110664367675781
18.0,5.625,76.97856140136719,56.04559326171875,33.52370834350586,84.92415618896484,9.110664367675781
19.0,5.625,75.99989318847656,56.50747299194336,33.46538543701172,86.51058959960938,9.110664367675781
20.0,5.625,75.06777954101562,56.958457946777344,33.40983581542969,88.05786895751953,9.110664367675781
21.0,5.625,74.28634643554688,57.29794692993164,33.3632698059082,89.53632354736328,9.110664367675781
22.0,5.625,73.54652404785156,57.627349853515625,33.31917953491211,90.98381042480469,9.110664367675781
23.0,5.625,73.01815032958984,57.78213119506836,33.28769302368164,92.35648345947266,9.110664367675781
24.0,5.625,72.48372650146484,57.969085693359375,33.2558479309082,93.71887969970703,9.110664367675781
25.0,5.625,71.98788452148438,58.144588470458984,33.226295471191406,95.05976104736328,9.110664367675781
26.0,5.625,71.61854553222656,58.222137451171875,33.204288482666016,96.36160278320312,9.110664367675781
27.0,5.625,71.28522491455078,58.28849411010742,33.184425354003906,97.64842987060547,9.110664367675781
28.0,5.625,71.02023315429688,58.31135177612305,33.16863250732422,98.91575622558594,9.110664367675781
29.0,5.625,70.82807159423828,58.285430908203125,33.15718078613281,100.16593170166016,9.110664367675781
30.0,5.625,70.60292053222656,58.314414978027344,33.14376449584961,101.41793823242188,9.110664367675781
31.0,5.625,70.45947265625,58.28493881225586,33.135215759277344,102.65470123291016,9.110664367675781
32.0,5.625,70.38912200927734,58.204864501953125,33.13102340698242,103.88103485107422,9.110664367675781
33.0,5.625,70.35948181152344,58.105873107910156,33.12925720214844,105.10345458984375,9.110664367675781
34.0,5.625,70.4260025024414,57.932594299316406,33.13322067260742,106.31935119628906,9.110664367675781
35.0,5.625,70.46053314208984,57.812347412109375,33.135276794433594,107.54119110107422,9.110664367675781
36.0,5.625,70.64929962158203,57.55959701538086,33.14652633666992,108.7588119506836,9.110664367675781
37.0,5.625,70.91641998291016,57.249839782714844,33.162445068359375,109.98187255859375,9.110664367675781
38.0,5.625,71.1633071899414,56.98158645629883,33.17715835571289,111.2149887084961,9.110664367675781
39.0,5.625,71.61551666259766,56.52993392944336,33.204105377197266,112.45864868164062,9.110664367675781
40.0,5.625,72.10585021972656,56.062156677246094,33.23332977294922,113.71885681152344,9.110664367675781
41.0,5.625,72.74722290039062,55.466102600097656,33.271549224853516,115.00213623046875,9.110664367675781
42.0,5.625,73.57427215576172,54.708133697509766,33.32083511352539,116.31804656982422,9.110664367675781
43.0,5.625,74.4321517944336,53.94355773925781,33.3719596862793,117.66377258300781,9.110664367675781
44.0,5.625,75.55890655517578,52.936710357666016,33.43910598754883,119.06318664550781,9.110664367675781
45.0,5.625,77.09928894042969,51.5462532043457,33.53089904785156,120.54615020751953,9.110664367675781
46.0,5.625,79.28679656982422,49.544673919677734,33.66126251220703,122.16397094726562,9.110664367675781
47.0,5.625,82.78781127929688,46.280120849609375,33.86989974975586,124.04776000976562,9.110664367675781
144.0,5.625,44.118133544921875,139.7759552001953,31.56545066833496,154.2899627685547,9.110664367675781
145.0,5.625,42.156681060791016,139.95913696289062,31.448562622070312,152.2008056640625,9.110664367675781
146.0,5.625,40.90184020996094,140.28512573242188,31.373781204223633,150.79150390625,9.110664367675781
147.0,5.625,39.91701126098633,140.65113830566406,31.315093994140625,149.63909912109375,9.110664367675781
148.0,5.625,38.899436950683594,140.96986389160156,31.254451751708984,148.4552459716797,9.110664367675781
149.0,5.625,38.0662956237793,141.31565856933594,31.204803466796875,147.4445343017578,9.110664367675781
150.0,5.625,37.08758544921875,141.5769805908203,31.1464786529541,146.2979278564453,9.110664367675781
151.0,5.625,36.09861373901367,141.79852294921875,31.087543487548828,145.14385986328125,9.110664367675781
152.0,5.625,34.741886138916016,141.83770751953125,31.006690979003906,143.65614318847656,9.110664367675781
153.0,5.625,33.781681060791016,141.99339294433594,30.9494686126709,142.5377960205078,9.110664367675781
154.0,5.625,32.7090950012207,142.0661163330078,30.88555145263672,141.32269287109375,9.110664367675781
155.0,5.625,31.347187042236328,141.9720001220703,30.80438995361328,139.85621643066406,9.110664367675781
156.0,5.625,30.367908477783203,142.00746154785156,30.746030807495117,138.74119567871094,9.110664367675781
157.0,5.625,29.342912673950195,141.9866180419922,30.68494987487793,137.5936279296875,9.110664367675781
158.0,5.625,28.356544494628906,141.94911193847656,30.626169204711914,136.4888153076172,9.110664367675781
159.0,5.625,27.689355850219727,142.0391082763672,30.586408615112305,135.66796875,9.110664367675781
160.0,5.625,26.823020935058594,142.00096130371094,30.534780502319336,134.68214416503906,9.110664367675781
161.0,5.625,26.21227264404297,142.06985473632812,30.498384475708008,133.9203338623047,9.110664367675781
162.0,5.625,25.6650390625,142.1514892578125,30.46577262878418,133.2161102294922,9.110664367675781
163.0,5.625,25.099590301513672,142.20262145996094,30.43207550048828,132.50091552734375,9.110664367675781
164.0,5.625,24.57406234741211,142.25633239746094,30.400758743286133,131.82302856445312,9.110664367675781
165.0,5.625,24.167938232421875,142.36167907714844,30.376556396484375,131.24551391601562,9.110664367675781
166.0,5.625,23.760417938232422,142.45042419433594,30.352272033691406,130.66940307617188,9.110664367675781
167.0,5.625,23.405574798583984,142.5562286376953,30.331125259399414,130.13735961914062,9.110664367675781
168.0,5.625,23.07318878173828,142.6621856689453,30.311315536499023,129.62474060058594,9.110664367675781
169.0,5.625,22.74626922607422,142.75830078125,30.291833877563477,129.1182098388672,9.110664367675781
170.0,5.625,22.489852905273438,142.88784790039062,30.276554107666016,128.66656494140625,9.110664367675781
171.0,5.625,22.26451873779297,143.02716064453125,30.263124465942383,128.2385711669922,9.110664367675781
172.0,5.625,22.02359390258789,143.1453857421875,30.248767852783203,127.79960632324219,9.110664367675781
173.0,5.625,21.780662536621094,143.25152587890625,30.234291076660156,127.36011505126953,9.110664367675781
174.0,5.625,21.59213638305664,143.3856964111328,30.22305679321289,126.95992279052734,9.110664367675781
175.0,5.625,21.396682739257812,143.5055694580078,30.211408615112305,126.55504608154297,9.110664367675781
176.0,5.625,21.268165588378906,143.66529846191406,30.20374870300293,126.19577026367188,9.110664367675781
177.0,5.625,21.118793487548828,143.8016357421875,30.194847106933594,125.82164001464844,9.110664367675781
178.0,5.625,20.98476791381836,143.9413604736328,30.186861038208008,125.45709991455078,9.110664367675781
179.0,5.625,20.854597091674805,144.076171875,30.17910385131836,125.09441375732422,9.110664367675781
180.0,5.625,20.74909210205078,144.22247314453125,30.17281723022461,124.74652099609375,9.110664367675781
181.0,5.625,20.632366180419922,144.3526611328125,30.16585922241211,124.39075469970703,9.110664367675781
182.0,5.625,20.498268127441406,144.46145629882812,30.157869338989258,124.02408599853516,9.110664367675781
183.0,5.625,20.466365814208984,144.6455078125,30.155967712402344,123.71670532226562,9.110664367675781
184.0,5.625,20.383089065551758,144.78158569335938,30.151004791259766,123.37757110595703,9.110664367675781
185.0,5.625,20.30765724182129,144.91744995117188,30.146509170532227,123.0416259765625,9.110664367675781
186.0,5.625,20.31519889831543,145.11654663085938,30.14695930480957,122.7490005493164,9.110664367675781
187.0,5.625,20.321319580078125,145.3093719482422,30.147323608398438,122.45207977294922,9.110664367675781
188.0,5.625,20.273265838623047,145.45045471191406,30.144460678100586,122.1242904663086,9.110664367675781
189.0,5.625,20.223892211914062,145.584228515625,30.141517639160156,121.7941665649414,9.110664367675781
190.0,5.625,20.243377685546875,145.77220153808594,30.14267921447754,121.49532318115234,9.110664367675781
191.0,5.625,20.281150817871094,145.97128295898438,30.144929885864258,121.20137023925781,9.110664367675781
192.0,5.625,20.251615524291992,146.10537719726562,30.143169403076172,120.87342071533203,9.110664367675781
193.0,5.625,20.299760818481445,146.30348205566406,30.146039962768555,120.57703399658203,9.110664367675781
194.0,5.625,20.343278884887695,146.49253845214844,30.148632049560547,120.2745590209961,9.110664367675781
195.0,5.625,20.35700035095215,146.64932250976562,30.149450302124023,119.9562759399414,9.110664367675781
196.0,5.625,20.408456802368164,146.83541870117188,30.152517318725586,119.64949798583984,9.110664367675781
197.0,5.625,20.481218338012695,147.0362548828125,30.15685272216797,119.34648895263672,9.110664367675781
198.0,5.625,20.481792449951172,147.16473388671875,30.15688705444336,119.01359558105469,9.110664367675781
199.0,5.625,20.62696075439453,147.42343139648438,30.165538787841797,118.72671508789062,9.110664367675781
200.0,5.625,20.69269371032715,147.60272216796875,30.169456481933594,118.40778350830078,9.110664367675781
201.0,5.625,20.785505294799805,147.80255126953125,30.17498779296875,118.09281921386719,9.110664367675781
202.0,5.625,20.904932022094727,148.02279663085938,30.18210220336914,117.78041076660156,9.110664367675781
203.0,5.625,21.003990173339844,148.21853637695312,30.188007354736328,117.456787109375,9.110664367675781
204.0,5.625,21.177743911743164,148.48123168945312,30.198360443115234,117.14680480957031,9.110664367675781
205.0,5.625,21.39699935913086,148.7833709716797,30.211427688598633,116.83995819091797,9.110664367675781
206.0,5.625,21.612035751342773,149.0768585205078,30.224241256713867,116.52325439453125,9.110664367675781
207.0,5.625,21.752126693725586,149.29225158691406,30.232589721679688,116.18287658691406,9.110664367675781
208.0,5.625,21.923765182495117,149.53309631347656,30.24281883239746,115.84214782714844,9.110664367675781
209.0,5.625,22.241870880126953,149.9126739501953,30.261775970458984,115.51847839355469,9.110664367675781
210.0,5.625,22.398893356323242,150.12838745117188,30.271133422851562,115.15896606445312,9.110664367675781
211.0,5.625,22.662015914916992,150.44317626953125,30.286813735961914,114.80687713623047,9.110664367675781
212.0,5.625,22.965187072753906,150.79205322265625,30.304882049560547,114.44933319091797,9.110664367675781
213.0,5.625,23.340381622314453,151.20675659179688,30.327239990234375,114.08740234375,9.110664367675781
214.0,5.625,23.66692352294922,151.56723022460938,30.346698760986328,113.70796203613281,9.110664367675781
215.0,5.625,24.02553939819336,151.95338439941406,30.368070602416992,113.31857299804688,9.110664367675781
216.0,5.625,24.340070724487305,152.28904724121094,30.38681411743164,112.91434478759766,9.110664367675781
217.0,5.625,24.697248458862305,152.6603546142578,30.408100128173828,112.49995422363281,9.110664367675781
218.0,5.625,25.128929138183594,153.09884643554688,30.43382453918457,112.07360076904297,9.110664367675781
219.0,5.625,25.652446746826172,153.6215057373047,30.465023040771484,111.63134002685547,9.110664367675781
220.0,5.625,26.24505615234375,154.2051544189453,30.500337600708008,111.16913604736328,9.110664367675781
221.0,5.625,26.94083595275879,154.8831787109375,30.54180145263672,110.6820068359375,9.110664367675781
222.0,5.625,27.630449295043945,155.5458221435547,30.582897186279297,110.17140197753906,9.110664367675781
223.0,5.625,28.43474006652832,156.312744140625,30.630828857421875,109.62836456298828,9.110664367675781
224.0,5.625,29.454599380493164,157.28305053710938,30.691604614257812,109.03748321533203,9.110664367675781
225.0,5.625,31.073333740234375,158.83502197265625,30.788070678710938,108.34453582763672,9.110664367675781
226.0,5.625,33.10872268676758,160.78359985351562,30.909366607666016,107.54240417480469,9.110664367675781
11.0,0.0,85.01397705078125,52.703155517578125,28.798738479614258,72.41101837158203,9.110664367675781
12.0,0.0,81.93785095214844,54.77591323852539,28.8037166595459,75.11066436767578,9.110664367675781
13.0,0.0,79.8814926147461,55.999755859375,28.807044982910156,77.28425598144531,9.110664367675781
14.0,0.0,78.32772064208984,56.81977081298828,28.809558868408203,79.19416046142578,9.110664367675781
15.0,0.0,77.06815338134766,57.41456985473633,28.81159782409668,80.94673156738281,9.110664367675781
16.0,0.0,76.02743530273438,57.84652328491211,28.813282012939453,82.58419799804688,9.110664367675781
17.0,0.0,75.16594696044922,58.1472282409668,28.81467628479004,84.13096618652344,9.110664367675781
18.0,0.0,74.42113494873047,58.37112808227539,28.815879821777344,85.61709594726562,9.110664367675781
19.0,0.0,73.59859466552734,58.69860076904297,28.817211151123047,87.11300659179688,9.110664367675781
20.0,0.0,72.8344497680664,59.00151443481445,28.818449020385742,88.57075500488281,9.110664367675781
21.0,0.0,72.07352447509766,59.33089828491211,28.819679260253906,90.00933837890625,9.110664367675781
22.0,0.0,71.48458862304688,59.52446746826172,28.820632934570312,91.38002014160156,9.110664367675781
23.0,0.0,70.93717193603516,59.704811096191406,28.821517944335938,92.7260513305664,9.110664367675781
24.0,0.0,70.43120574951172,59.870994567871094,28.822338104248047,94.04903411865234,9.110664367675781
25.0,0.0,70.02448272705078,59.965965270996094,28.822996139526367,95.33692932128906,9.110664367675781
26.0,0.0,69.62373352050781,60.079185485839844,28.823644638061523,96.6147689819336,9.110664367675781
27.0,0.0,69.2885971069336,60.151893615722656,28.824186325073242,97.87035369873047,9.110664367675781
28.0,0.0,69.0054702758789,60.19652557373047,28.824644088745117,99.10914611816406,9.110664367675781
29.0,0.0,68.77091979980469,60.21574401855469,28.825023651123047,100.3339614868164,9.110664367675781
30.0,0.0,68.53793334960938,60.25543975830078,28.825401306152344,101.55399322509766,9.110664367675781
31.0,0.0,68.35972595214844,60.2626953125,28.8256893157959,102.76182556152344,9.110664367675781
32.0,0.0,68.20036315917969,60.272701263427734,28.825946807861328,103.96408081054688,9.110664367675781
33.0,0.0,68.08111572265625,60.264068603515625,28.826141357421875,105.15928649902344,9.110664367675781
34.0,0.0,68.06776428222656,60.170936584472656,28.826162338256836,106.34380340576172,9.110664367675781
35.0,0.0,68.07209014892578,60.08086395263672,28.826154708862305,107.5284194946289,9.110664367675781
36.0,0.0,68.11163330078125,59.976295471191406,28.826091766357422,108.712890625,9.110664367675781
37.0,0.0,68.21411895751953,59.82947540283203,28.825925827026367,109.89788055419922,9.110664367675781
38.0,0.0,68.37940216064453,59.640525817871094,28.82565689086914,111.08634185791016,9.110664367675781
39.0,0.0,68.61265563964844,59.40437316894531,28.825281143188477,112.28124237060547,9.110664367675781
40.0,0.0,68.86649322509766,59.168601989746094,28.82486915588379,113.48462677001953,9.110664367675781
41.0,0.0,69.2278060913086,58.84661102294922,28.82428550720215,114.70081329345703,9.110664367675781
42.0,0.0,69.7309341430664,58.404640197753906,28.823471069335938,115.93702697753906,9.110664367675781
43.0,0.0,70.32865142822266,57.89059066772461,28.8225040435791,117.19673919677734,9.110664367675781
44.0,0.0,71.04888916015625,57.277503967285156,28.821338653564453,118.48704528808594,9.110664367675781
45.0,0.0,71.89259338378906,56.56562042236328,28.81997299194336,119.8140640258789,9.110664367675781
46.0,0.0,73.16626739501953,55.45231628417969,28.81791114807129,121.2229995727539,9.110664367675781
47.0,0.0,74.73472595214844,54.0751838684082,28.815372467041016,122.71603393554688,9.110664367675781
48.0,0.0,77.10708618164062,51.93531036376953,28.811534881591797,124.39066314697266,9.110664367675781
49.0,0.0,81.07745361328125,48.26014709472656,28.80510902404785,126.43057250976562,9.110664367675781
141.0,0.0,45.040409088134766,137.65701293945312,28.863426208496094,155.84584045410156,9.110664367675781
142.0,0.0,42.07676696777344,137.73855590820312,28.868223190307617,152.78744506835938,9.110664367675781
143.0,0.0,40.46924591064453,138.05284118652344,28.87082290649414,151.05422973632812,9.110664367675781
144.0,0.0,39.32022476196289,138.43116760253906,28.872682571411133,149.76510620117188,9.110664367675781
145.0,0.0,38.38905334472656,138.82899475097656,28.874189376831055,148.68409729003906,9.110664367675781
146.0,0.0,37.33641052246094,139.15611267089844,28.875892639160156,147.48507690429688,9.110664367675781
147.0,0.0,36.4521369934082,139.49781799316406,28.8773250579834,146.44595336914062,9.110664367675781
148.0,0.0,35.65182876586914,139.83453369140625,28.878620147705078,145.48524475097656,9.110664367675781
149.0,0.0,34.62792205810547,140.0635223388672,28.88027572631836,144.3139190673828,9.110664367675781
150.0,0.0,33.66040802001953,140.27586364746094,28.8818416595459,143.19766235351562,9.110664367675781
151.0,0.0,32.65944290161133,140.4403076171875,28.88346290588379,142.05320739746094,9.110664367675781
152.0,0.0,31.715866088867188,140.5913848876953,28.88498878479004,140.96554565429688,9.110664367675781
153.0,0.0,30.68587875366211,140.6727752685547,28.886655807495117,139.8033447265625,9.110664367675781
154.0,0.0,29.76236915588379,140.76315307617188,28.888151168823242,138.74368286132812,9.110664367675781
155.0,0.0,28.847368240356445,140.82431030273438,28.889631271362305,137.69725036621094,9.110664367675781
156.0,0.0,28.017303466796875,140.89198303222656,28.890974044799805,136.73255920410156,9.110664367675781
157.0,0.0,27.17659568786621,140.9249267578125,28.892333984375,135.76425170898438,9.110664367675781
158.0,0.0,26.475637435913086,140.99664306640625,28.893468856811523,134.9243927001953,9.110664367675781
159.0,0.0,25.855178833007812,141.0837860107422,28.894474029541016,134.15895080566406,9.110664367675781
160.0,0.0,25.353918075561523,141.2102813720703,28.89528465270996,133.49945068359375,9.110664367675781
161.0,0.0,24.785503387451172,141.28187561035156,28.896203994750977,132.78573608398438,9.110664367675781
162.0,0.0,24.325368881225586,141.3922119140625,28.896949768066406,132.1667022705078,9.110664367675781
163.0,0.0,23.817392349243164,141.4580535888672,28.897769927978516,131.5108184814453,9.110664367675781
164.0,0.0,23.45457649230957,141.58917236328125,28.898357391357422,130.9773406982422,9.110664367675781
165.0,0.0,23.025630950927734,141.6666259765625,28.899051666259766,130.39210510253906,9.110664367675781
166.0,0.0,22.72012710571289,141.8027801513672,28.899545669555664,129.908203125,9.110664367675781
167.0,0.0,22.430145263671875,141.93588256835938,28.900014877319336,129.4374542236328,9.110664367675781
168.0,0.0,22.17508316040039,142.07894897460938,28.900428771972656,128.99462890625,9.110664367675781
169.0,0.0,21.88375473022461,142.18736267089844,28.90089988708496,128.52459716796875,9.110664367675781
170.0,0.0,21.652971267700195,142.32373046875,28.901273727416992,128.10150146484375,9.110664367675781
171.0,0.0,21.41900062561035,142.44754028320312,28.90165138244629,127.67642974853516,9.110664367675781
172.0,0.0,21.21613311767578,142.582275390625,28.901979446411133,127.27465057373047,9.110664367675781
173.0,0.0,21.011550903320312,142.7062225341797,28.902311325073242,126.87181091308594,9.110664367675781
174.0,0.0,20.815643310546875,142.82676696777344,28.90262794494629,126.47547912597656,9.110664367675781
175.0,0.0,20.654451370239258,142.96310424804688,28.902889251708984,126.10353088378906,9.110664367675781
176.0,0.0,20.522470474243164,143.11251831054688,28.90310287475586,125.7510757446289,9.110664367675781
177.0,0.0,20.41423797607422,143.27194213867188,28.903278350830078,125.41357421875,9.110664367675781
178.0,0.0,20.313743591308594,143.43008422851562,28.903440475463867,125.07979583740234,9.110664367675781
179.0,0.0,20.145980834960938,143.52944946289062,28.903711318969727,124.70173645019531,9.110664367675781
180.0,0.0,19.99086570739746,143.63023376464844,28.903963088989258,124.33216094970703,9.110664367675781
181.0,0.0,19.944053649902344,143.8086395263672,28.90403938293457,124.02915954589844,9.110664367675781
182.0,0.0,19.849647521972656,143.9430389404297,28.904191970825195,123.69534301757812,9.110664367675781
183.0,0.0,19.78131866455078,144.09182739257812,28.9043025970459,123.37574768066406,9.110664367675781
184.0,0.0,19.738731384277344,144.2554931640625,28.90437126159668,123.06922912597656,9.110664367675781
185.0,0.0,19.661300659179688,144.38436889648438,28.904497146606445,122.74119567871094,9.110664367675781
186.0,0.0,19.64732551574707,144.56019592285156,28.90452003479004,122.44631958007812,9.110664367675781
187.0,0.0,19.588794708251953,144.69277954101562,28.904613494873047,122.1252670288086,9.110664367675781
188.0,0.0,19.557104110717773,144.84231567382812,28.904664993286133,121.81648254394531,9.110664367675781
189.0,0.0,19.569910049438477,145.0248260498047,28.904644012451172,121.52764129638672,9.110664367675781
190.0,0.0,19.55889129638672,145.1814727783203,28.9046630859375,121.22402954101562,9.110664367675781
191.0,0.0,19.52639389038086,145.3136749267578,28.904714584350586,120.90794372558594,9.110664367675781
192.0,0.0,19.549280166625977,145.48959350585938,28.904678344726562,120.61492156982422,9.110664367675781
193.0,0.0,19.60757064819336,145.6924591064453,28.904582977294922,120.33384704589844,9.110664367675781
194.0,0.0,19.62762451171875,145.85606384277344,28.904550552368164,120.03241729736328,9.110664367675781
195.0,0.0,19.677074432373047,146.0414581298828,28.904470443725586,119.73963928222656,9.110664367675781
196.0,0.0,19.688274383544922,146.18675231933594,28.90445327758789,119.42815399169922,9.110664367675781
197.0,0.0,19.72900390625,146.35411071777344,28.904386520385742,119.12488555908203,9.110664367675781
198.0,0.0,19.78639793395996,146.53199768066406,28.904294967651367,118.82395935058594,9.110664367675781
199.0,0.0,19.841575622558594,146.70286560058594,28.904205322265625,118.5182876586914,9.110664367675781
200.0,0.0,19.963850021362305,146.93226623535156,28.904006958007812,118.23021697998047,9.110664367675781
201.0,0.0,20.03200912475586,147.10569763183594,28.90389633178711,117.91975402832031,9.110664367675781
202.0,0.0,20.143022537231445,147.31509399414062,28.903717041015625,117.61744689941406,9.110664367675781
203.0,0.0,20.255563735961914,147.5211944580078,28.903533935546875,117.31008911132812,9.110664367675781
204.0,0.0,20.366291046142578,147.7206573486328,28.903356552124023,116.99681854248047,9.110664367675781
205.0,0.0,20.502212524414062,147.9395751953125,28.903135299682617,116.68418884277344,9.110664367675781
206.0,0.0,20.646909713745117,148.162109375,28.90290069580078,116.36739349365234,9.110664367675781
207.0,0.0,20.78546905517578,148.37359619140625,28.902677536010742,116.04305267333984,9.110664367675781
208.0,0.0,20.98192596435547,148.6367645263672,28.902359008789062,115.723388671875,9.110664367675781
209.0,0.0,21.127338409423828,148.84458923339844,28.902124404907227,115.38726043701172,9.110664367675781
210.0,0.0,21.376203536987305,149.14920043945312,28.901721954345703,115.06058502197266,9.110664367675781
211.0,0.0,21.596996307373047,149.4208526611328,28.901363372802734,114.72062683105469,9.110664367675781
212.0,0.0,21.851030349731445,149.72003173828125,28.90095329284668,114.37598419189453,9.110664367675781
213.0,0.0,22.05132484436035,149.96014404296875,28.9006290435791,114.01648712158203,9.110664367675781
214.0,0.0,22.34073257446289,150.2830810546875,28.90015983581543,113.65657806396484,9.110664367675781
215.0,0.0,22.585588455200195,150.5555877685547,28.899765014648438,113.2832260131836,9.110664367675781
216.0,0.0,22.92947769165039,150.9207000732422,28.899208068847656,112.90547180175781,9.110664367675781
217.0,0.0,23.193531036376953,151.1995849609375,28.898780822753906,112.51310729980469,9.110664367675781
218.0,0.0,23.509855270385742,151.52394104003906,28.89826774597168,112.11192321777344,9.110664367675781
219.0,0.0,23.835052490234375,151.85012817382812,28.897741317749023,111.69955444335938,9.110664367675781
220.0,0.0,24.260164260864258,152.2688751220703,28.89705467224121,111.27351379394531,9.110664367675781
221.0,0.0,24.594327926635742,152.58900451660156,28.896512985229492,110.83656311035156,9.110664367675781
222.0,0.0,25.14208221435547,153.11439514160156,28.895627975463867,110.37574768066406,9.110664367675781
223.0,0.0,25.55583381652832,153.49740600585938,28.89495849609375,109.90647888183594,9.110664367675781
224.0,0.0,26.054166793823242,153.9557647705078,28.89415168762207,109.41549682617188,9.110664367675781
225.0,0.0,26.58191680908203,154.433837890625,28.89329719543457,108.9046859741211,9.110664367675781
226.0,0.0,27.39895248413086,155.188720703125,28.89197540283203,108.33940124511719,9.110664367675781
227.0,0.0,28.124807357788086,155.84146118164062,28.89080047607422,107.76016235351562,9.110664367675781
228.0,0.0,28.95336151123047,156.5833740234375,28.88945960998535,107.14038848876953,9.110664367675781
229.0,0.0,29.571910858154297,157.1053009033203,28.888458251953125,106.53128814697266,9.110664367675781
230.0,0.0,31.58592414855957,158.98260498046875,28.88519859313965,105.627685546875,9.110664367675781
231.0,0.0,33.32289505004883,160.56600952148438,28.882389068603516,104.71636962890625,9.110664367675781
9.0,-5.625,84.21105194091797,54.86498260498047,23.64667510986328,70.46702575683594,9.110664367675781
10.0,-5.625,81.1927719116211,56.80123519897461,23.83626365661621,73.18722534179688,9.110664367675781
11.0,-5.625,79.14505767822266,57.950130462646484,23.964889526367188,75.37956237792969,9.110664367675781
12.0,-5.625,77.55803680419922,58.7418212890625,24.064577102661133,77.31460571289062,9.110664367675781
13.0,-5.625,76.18751525878906,59.38425064086914,24.150665283203125,79.1176528930664,9.110664367675781
14.0,-5.625,75.090087890625,59.82011032104492,24.2195987701416,80.77458190917969,9.110664367675781
15.0,-5.625,74.18136596679688,60.11988830566406,24.27667999267578,82.33108520507812,9.110664367675781
16.0,-5.625,73.36351013183594,60.369178771972656,24.328052520751953,83.83285522460938,9.110664367675781
17.0,-5.625,72.70417022705078,60.5027961730957,24.369468688964844,85.25885772705078,9.110664367675781
18.0,-5.625,72.03004455566406,60.679195404052734,24.41181182861328,86.67676544189453,9.110664367675781
19.0,-5.625,71.3255615234375,60.91290283203125,24.45606231689453,88.09044647216797,9.110664367675781
20.0,-5.625,70.65982055664062,61.13856887817383,24.497882843017578,89.4759750366211,9.110664367675781
21.0,-5.625,70.04747009277344,61.341148376464844,24.536346435546875,90.83029174804688,9.110664367675781
22.0,-5.625,69.51731872558594,61.49178695678711,24.56964874267578,92.14736938476562,9.110664367675781
23.0,-5.625,69.02670288085938,61.629913330078125,24.600465774536133,93.44220733642578,9.110664367675781
24.0,-5.625,68.5622329711914,61.76756286621094,24.629638671875,94.71964263916016,9.110664367675781
25.0,-5.625,68.17050170898438,61.85885238647461,24.654245376586914,95.96968841552734,9.110664367675781
26.0,-5.625,67.75531768798828,61.996341705322266,24.680326461791992,97.21636962890625,9.110664367675781
27.0,-5.625,67.37133026123047,62.126548767089844,24.704444885253906,98.44718170166016,9.110664367675781
28.0,-5.625,67.12736511230469,62.142086029052734,24.719770431518555,99.64350891113281,9.110664367675781
29.0,-5.625,66.83588409423828,62.226009368896484,24.738079071044922,100.843017578125,9.110664367675781
30.0,-5.625,66.55284118652344,62.323326110839844,24.755857467651367,102.03462219238281,9.110664367675781
31.0,-5.625,66.33050537109375,62.38203430175781,24.769824981689453,103.21156311035156,9.110664367675781
32.0,-5.625,66.10589599609375,62.46400833129883,24.783931732177734,104.38370513916016,9.110664367675781
33.0,-5.625,65.94764709472656,62.50090789794922,24.793872833251953,105.54401397705078,9.110664367675781
34.0,-5.625,65.80310821533203,62.54465103149414,24.80295181274414,106.69966888427734,9.110664367675781
35.0,-5.625,65.71998596191406,62.547550201416016,24.80817413330078,107.84813690185547,9.110664367675781
36.0,-5.625,65.6240463256836,62.583335876464844,24.814199447631836,108.99549865722656,9.110664367675781
37.0,-5.625,65.62657165527344,62.54096984863281,24.814041137695312,110.13780212402344,9.110664367675781
38.0,-5.625,65.62471771240234,62.52292251586914,24.814157485961914,111.28077697753906,9.110664367675781
39.0,-5.625,65.67298126220703,62.47480010986328,24.811126708984375,112.42430114746094,9.110664367675781
40.0,-5.625,65.70719146728516,62.46068572998047,24.808977127075195,113.56893920898438,9.110664367675781
41.0,-5.625,65.71780395507812,62.4901008605957,24.808311462402344,114.7132339477539,9.110664367675781
42.0,-5.625,65.94734191894531,62.32140350341797,24.79389190673828,115.87036895751953,9.110664367675781
43.0,-5.625,66.11019897460938,62.23954772949219,24.783662796020508,117.02903747558594,9.110664367675781
44.0,-5.625,66.33808898925781,62.11357116699219,24.76934814453125,118.19801330566406,9.110664367675781
45.0,-5.625,66.60279846191406,61.97191619873047,24.75271987915039,119.37711334228516,9.110664367675781
46.0,-5.625,66.96112823486328,61.75879669189453,24.730213165283203,120.57527923583984,9.110664367675781
47.0,-5.625,67.22075653076172,61.66490173339844,24.713903427124023,121.76860809326172,9.110664367675781
48.0,-5.625,67.92394256591797,61.15594482421875,24.669734954833984,123.04093170166016,9.110664367675781
49.0,-5.625,68.87915802001953,60.42407989501953,24.60973358154297,124.3798599243164,9.110664367675781
50.0,-5.625,70.15694427490234,59.403411865234375,24.529468536376953,125.8118896484375,9.110664367675781
51.0,-5.625,73.0035171508789,56.88396072387695,24.350666046142578,127.62222290039062,9.110664367675781
99.0,-5.625,97.30404663085938,80.19901275634766,22.824249267578125,196.3734588623047,9.110664367675781
100.0,-5.625,95.34158325195312,82.61592102050781,22.947521209716797,195.47381591796875,9.110664367675781
101.0,-5.625,94.52902221679688,84.45670318603516,22.998559951782227,195.53407287597656,9.110664367675781
102.0,-5.625,94.01177978515625,86.1541519165039,23.031049728393555,195.8195343017578,9.110664367675781
103.0,-5.625,93.95576477050781,87.65007019042969,23.034568786621094,196.48687744140625,9.110664367675781
104.0,-5.625,94.19257354736328,89.03533935546875,23.01969337463379,197.39352416992188,9.110664367675781
105.0,-5.625,94.8302001953125,90.28050994873047,22.97964096069336,198.64439392089844,9.110664367675781
106.0,-5.625,95.83177947998047,91.41854095458984,22.916728973388672,200.21327209472656,9.110664367675781
107.0,-5.625,97.46717071533203,92.3681640625,22.814002990722656,202.35714721679688,9.110664367675781
108.0,-5.625,99.68780517578125,93.17710876464844,22.674516677856445,205.04141235351562,9.110664367675781
139.0,-5.625,41.97225570678711,135.6510772705078,26.29986572265625,153.03712463378906,9.110664367675781
140.0,-5.625,40.0409049987793,135.98435974121094,26.421180725097656,151.00877380371094,9.110664367675781
141.0,-5.625,38.763092041015625,136.3905029296875,26.501445770263672,149.61868286132812,9.110664367675781
142.0,-5.625,37.69542694091797,136.79959106445312,26.568511962890625,148.4306640625,9.110664367675781
143.0,-5.625,36.845176696777344,137.22418212890625,26.621917724609375,147.45025634765625,9.110664367675781
144.0,-5.625,35.85729217529297,137.58058166503906,26.683971405029297,146.3340606689453,9.110664367675781
145.0,-5.625,35.0908317565918,137.96368408203125,26.732114791870117,145.42843627929688,9.110664367675781
146.0,-5.625,34.28339385986328,138.3058319091797,26.782835006713867,144.48117065429688,9.110664367675781
147.0,-5.625,33.47133255004883,138.6165771484375,26.833843231201172,143.52804565429688,9.110664367675781
148.0,-5.625,32.37078857421875,138.80113220214844,26.902973175048828,142.3028564453125,9.110664367675781
149.0,-5.625,31.58308219909668,139.05563354492188,26.952451705932617,141.37362670898438,9.110664367675781
150.0,-5.625,30.856067657470703,139.3032684326172,26.998119354248047,140.50137329101562,9.110664367675781
151.0,-5.625,29.991952896118164,139.47152709960938,27.052398681640625,139.50326538085938,9.110664367675781
152.0,-5.625,29.049829483032227,139.5774383544922,27.111576080322266,138.43685913085938,9.110664367675781
153.0,-5.625,28.20537757873535,139.69015502929688,27.16461944580078,137.46414184570312,9.110664367675781
154.0,-5.625,27.49871826171875,139.83175659179688,27.209007263183594,136.6199493408203,9.110664367675781
155.0,-5.625,26.77700424194336,139.94085693359375,27.25434112548828,135.76535034179688,9.110664367675781
156.0,-5.625,26.07567596435547,140.033203125,27.29839515686035,134.9327392578125,9.110664367675781
157.0,-5.625,25.58314323425293,140.1996612548828,27.32933235168457,134.28750610351562,9.110664367675781
158.0,-5.625,24.97075080871582,140.2884063720703,27.367799758911133,133.53952026367188,9.110664367675781
159.0,-5.625,24.51658821105957,140.4350128173828,27.396326065063477,132.93148803710938,9.110664367675781
160.0,-5.625,24.061952590942383,140.56396484375,27.424884796142578,132.3246612548828,9.110664367675781
161.0,-5.625,23.583023071289062,140.66256713867188,27.454967498779297,131.6994171142578,9.110664367675781
162.0,-5.625,23.124652862548828,140.75454711914062,27.483760833740234,131.09422302246094,9.110664367675781
163.0,-5.625,22.797773361206055,140.9036865234375,27.50429344177246,130.60011291503906,9.110664367675781
164.0,-5.625,22.4747314453125,141.04173278808594,27.52458381652832,130.10986328125,9.110664367675781
165.0,-5.625,22.101940155029297,141.13711547851562,27.548002243041992,129.58067321777344,9.110664367675781
166.0,-5.625,21.808624267578125,141.266357421875,27.566425323486328,129.11672973632812,9.110664367675781
167.0,-5.625,21.565074920654297,141.41436767578125,27.581724166870117,128.692626953125,9.110664367675781
168.0,-5.625,21.303787231445312,141.5404052734375,27.59813690185547,128.2550048828125,9.110664367675781
169.0,-5.625,21.114604949951172,141.7020263671875,27.61001968383789,127.8729019165039,9.110664367675781
170.0,-5.625,20.933361053466797,141.85972595214844,27.62140464782715,127.49613189697266,9.110664367675781
171.0,-5.625,20.724288940429688,141.98971557617188,27.634536743164062,127.09829711914062,9.110664367675781
172.0,-5.625,20.471935272216797,142.08033752441406,27.650388717651367,126.6694107055664,9.110664367675781
173.0,-5.625,20.33026885986328,142.23773193359375,27.659286499023438,126.32085418701172,9.110664367675781
174.0,-5.625,20.17361068725586,142.37660217285156,27.669126510620117,125.96086120605469,9.110664367675781
175.0,-5.625,19.968896865844727,142.4724884033203,27.68198585510254,125.56744384765625,9.110664367675781
176.0,-5.625,19.85520362854004,142.62603759765625,27.689128875732422,125.23638916015625,9.110664367675781
177.0,-5.625,19.79550552368164,142.8128204345703,27.69287872314453,124.93988800048828,9.110664367675781
178.0,-5.625,19.692914962768555,142.96116638183594,27.699321746826172,124.61315155029297,9.110664367675781
179.0,-5.625,19.51950454711914,143.048095703125,27.710214614868164,124.24029541015625,9.110664367675781
180.0,-5.625,19.407054901123047,143.17422485351562,27.71727752685547,123.90618896484375,9.110664367675781
181.0,-5.625,19.35039520263672,143.33746337890625,27.720836639404297,123.60538482666016,9.110664367675781
182.0,-5.625,19.279041290283203,143.48304748535156,27.725318908691406,123.29383850097656,9.110664367675781
183.0,-5.625,19.207799911499023,143.62254333496094,27.729793548583984,122.9808578491211,9.110664367675781
184.0,-5.625,19.154857635498047,143.77088928222656,27.73311996459961,122.6768569946289,9.110664367675781
185.0,-5.625,19.1158504486084,143.92498779296875,27.73556900024414,122.37875366210938,9.110664367675781
186.0,-5.625,19.068737030029297,144.06666564941406,27.738529205322266,122.07423400878906,9.110664367675781
187.0,-5.625,19.022750854492188,144.2035369873047,27.741418838500977,121.76856231689453,9.110664367675781
188.0,-5.625,18.9991455078125,144.3538818359375,27.742900848388672,121.47257995605469,9.110664367675781
189.0,-5.625,18.990394592285156,144.51173400878906,27.743450164794922,121.18167877197266,9.110664367675781
190.0,-5.625,18.997222900390625,144.67808532714844,27.74302101135254,120.89559936523438,9.110664367675781
191.0,-5.625,18.996015548706055,144.8323516845703,27.74309730529785,120.60286712646484,9.110664367675781
192.0,-5.625,18.99560546875,144.98219299316406,27.74312400817871,120.30785369873047,9.110664367675781
193.0,-5.625,19.04266357421875,145.16961669921875,27.74016761779785,120.03067779541016,9.110664367675781
194.0,-5.625,19.005420684814453,145.2759552001953,27.74250602722168,119.71465301513672,9.110664367675781
195.0,-5.625,19.043315887451172,145.44528198242188,27.74012565612793,119.42728424072266,9.110664367675781
196.0,-5.625,19.137210845947266,145.6614532470703,27.734228134155273,119.15780639648438,9.110664367675781
197.0,-5.625,19.141571044921875,145.7903594970703,27.73395347595215,118.85032653808594,9.110664367675781
198.0,-5.625,19.20651626586914,145.97055053710938,27.729875564575195,118.56173706054688,9.110664367675781
199.0,-5.625,19.248851776123047,146.12478637695312,27.727216720581055,118.26146697998047,9.110664367675781
200.0,-5.625,19.310871124267578,146.29263305664062,27.72332000732422,117.96407318115234,9.110664367675781
201.0,-5.625,19.427656173706055,146.50772094726562,27.715984344482422,117.67921447753906,9.110664367675781
202.0,-5.625,19.49326515197754,146.66943359375,27.711862564086914,117.37418365478516,9.110664367675781
203.0,-5.625,19.6009521484375,146.8665771484375,27.705097198486328,117.07650756835938,9.110664367675781
204.0,-5.625,19.691293716430664,147.04222106933594,27.699424743652344,116.769287109375,9.110664367675781
205.0,-5.625,19.801904678344727,147.23252868652344,27.692476272583008,116.46224212646484,9.110664367675781
206.0,-5.625,19.930160522460938,147.43507385253906,27.684419631958008,116.15385437011719,9.110664367675781
207.0,-5.625,20.066078186035156,147.64016723632812,27.67588233947754,115.84131622314453,9.110664367675781
208.0,-5.625,20.20123863220215,147.8394775390625,27.66739273071289,115.52279663085938,9.110664367675781
209.0,-5.625,20.388858795166016,148.0852508544922,27.655607223510742,115.2071533203125,9.110664367675781
210.0,-5.625,20.55663299560547,148.306396484375,27.645069122314453,114.88111877441406,9.110664367675781
211.0,-5.625,20.73895835876465,148.53662109375,27.633615493774414,114.55029296875,9.110664367675781
212.0,-5.625,20.939289093017578,148.77928161621094,27.62103271484375,114.21435546875,9.110664367675781
213.0,-5.625,21.101905822753906,148.97894287109375,27.610816955566406,113.8671646118164,9.110664367675781
214.0,-5.625,21.308048248291016,149.216064453125,27.597869873046875,113.51712799072266,9.110664367675781
215.0,-5.625,21.56676483154297,149.49966430664062,27.58161735534668,113.16262817382812,9.110664367675781
216.0,-5.625,21.77479362487793,149.7267303466797,27.56855010986328,112.79652404785156,9.110664367675781
217.0,-5.625,21.960979461669922,149.9257049560547,27.556854248046875,112.42233276367188,9.110664367675781
218.0,-5.625,22.210956573486328,150.1818389892578,27.541152954101562,112.04202270507812,9.110664367675781
219.0,-5.625,22.54498863220215,150.5151824951172,27.520172119140625,111.65221405029297,9.110664367675781
220.0,-5.625,22.874385833740234,150.83694458007812,27.499481201171875,111.25096130371094,9.110664367675781
221.0,-5.625,23.106042861938477,151.0540008544922,27.484928131103516,110.84266662597656,9.110664367675781
222.0,-5.625,23.46858787536621,151.39407348632812,27.462156295776367,110.41864013671875,9.110664367675781
223.0,-5.625,23.901561737060547,151.79632568359375,27.434959411621094,109.9769287109375,9.110664367675781
224.0,-5.625,24.193336486816406,152.0498809814453,27.4166316986084,109.53425598144531,9.110664367675781
225.0,-5.625,24.56743621826172,152.37677001953125,27.39313316345215,109.07286834716797,9.110664367675781
226.0,-5.625,25.072256088256836,152.82411193847656,27.36142349243164,108.58234405517578,9.110664367675781
227.0,-5.625,25.44072723388672,153.12701416015625,27.33827781677246,108.09551239013672,9.110664367675781
228.0,-5.625,25.842891693115234,153.4535369873047,27.313016891479492,107.59156036376953,9.110664367675781
229.0,-5.625,26.519636154174805,154.03944396972656,27.2705078125,107.025146484375,9.110664367675781
230.0,-5.625,27.09372329711914,154.51272583007812,27.234447479248047,106.45743560791016,9.110664367675781
231.0,-5.625,27.768049240112305,155.07162475585938,27.19209098815918,105.85013580322266,9.110664367675781
232.0,-5.625,28.360733032226562,155.5379638671875,27.154861450195312,105.2407455444336,9.110664367675781
233.0,-5.625,29.03868293762207,156.073486328125,27.112276077270508,104.59198760986328,9.110664367675781
234.0,-5.625,29.869068145751953,156.74114990234375,27.060117721557617,103.88191986083984,9.110664367675781
235.0,-5.625,30.60820960998535,157.3050079345703,27.013687133789062,103.1722412109375,9.110664367675781
236.0,-5.625,31.245386123657227,157.75558471679688,26.973663330078125,102.47113800048828,9.110664367675781
237.0,-5.625,32.26247024536133,158.54998779296875,26.90977668762207,101.63140869140625,9.110664367675781
238.0,-5.625,33.40423583984375,159.44114685058594,26.838058471679688,100.71965026855469,9.110664367675781
239.0,-5.625,35.16920852661133,160.89202880859375,26.727191925048828,99.55594635009766,9.110664367675781
6.0,-11.25,85.29009246826172,56.3043098449707,18.411094665527344,66.89273834228516,9.110664367675781
7.0,-11.25,82.08751678466797,58.252376556396484,18.80630874633789,69.79196166992188,9.110664367675781
8.0,-11.25,79.70836639404297,59.57190704345703,19.09990692138672,72.19938659667969,9.110664367675781
9.0,-11.25,77.88038635253906,60.475616455078125,19.325489044189453,74.2817153930664,9.110664367675781
10.0,-11.25,76.3513412475586,61.1689567565918,19.514179229736328,76.18049621582031,9.110664367675781
11.0,-11.25,75.05294799804688,61.70379638671875,19.674407958984375,77.93920135498047,9.110664367675781
12.0,-11.25,74.01164245605469,62.0501823425293,19.80290985107422,79.55601501464844,9.110664367675781
13.0,-11.25,73.06046295166016,62.35151672363281,19.920289993286133,81.11235809326172,9.110664367675781
14.0,-11.25,72.27532196044922,62.53639221191406,20.017181396484375,82.58099365234375,9.110664367675781
15.0,-11.25,71.55131530761719,62.696502685546875,20.106525421142578,84.00991821289062,9.110664367675781
16.0,-11.25,70.9557113647461,62.768272399902344,20.18002700805664,85.37635040283203,9.110664367675781
17.0,-11.25,70.43180847167969,62.8012809753418,20.244678497314453,86.70612335205078,9.110664367675781
18.0,-11.25,69.8467025756836,62.917728424072266,20.316884994506836,88.04750061035156,9.110664367675781
19.0,-11.25,69.21102142333984,63.10839080810547,20.39533042907715,89.39348602294922,9.110664367675781
20.0,-11.25,68.59776306152344,63.30487060546875,20.471010208129883,90.7186050415039,9.110664367675781
21.0,-11.25,68.1116943359375,63.407012939453125,20.530994415283203,91.99288177490234,9.110664367675781
22.0,-11.25,67.61685180664062,63.54214859008789,20.592060089111328,93.25952911376953,9.110664367675781
23.0,-11.25,67.12084197998047,63.702781677246094,20.653268814086914,94.51567077636719,9.110664367675781
24.0,-11.25,66.67023468017578,63.843780517578125,20.708877563476562,95.74954223632812,9.110664367675781
25.0,-11.25,66.289794921875,63.94029998779297,20.75582504272461,96.95741271972656,9.110664367675781
26.0,-11.25,65.87104797363281,64.09649658203125,20.807498931884766,98.1649398803711,9.110664367675781
27.0,-11.25,65.53067016601562,64.1988754272461,20.849504470825195,99.34750366210938,9.110664367675781
28.0,-11.25,65.19583892822266,64.31754302978516,20.890823364257812,100.52134704589844,9.110664367675781
29.0,-11.25,64.88616180419922,64.43299865722656,20.929039001464844,101.68326568603516,9.110664367675781
30.0,-11.25,64.54635620117188,64.59911346435547,20.97097396850586,102.84191131591797,9.110664367675781
31.0,-11.25,64.26677703857422,64.72689056396484,21.005475997924805,103.9842758178711,9.110664367675781
32.0,-11.25,63.97157669067383,64.89055633544922,21.04190444946289,105.12105560302734,9.110664367675781
33.0,-11.25,63.66416549682617,65.08660125732422,21.07984161376953,106.25080108642578,9.110664367675781
34.0,-11.25,63.49724578857422,65.16370391845703,21.10043716430664,107.36170959472656,9.110664367675781
35.0,-11.25,63.2350959777832,65.35472106933594,21.132789611816406,108.47330474853516,9.110664367675781
36.0,-11.25,62.916847229003906,65.6209487915039,21.17206382751465,109.57889556884766,9.110664367675781
37.0,-11.25,62.72846221923828,65.7777328491211,21.195310592651367,110.67170715332031,9.110664367675781
38.0,-11.25,62.54996109008789,65.94379425048828,21.21733856201172,111.75835418701172,9.110664367675781
39.0,-11.25,62.208274841308594,66.29068756103516,21.259504318237305,112.83625030517578,9.110664367675781
40.0,-11.25,61.92210388183594,66.60113525390625,21.294818878173828,113.90384674072266,9.110664367675781
41.0,-11.25,61.68270492553711,66.88360595703125,21.324363708496094,114.96328735351562,9.110664367675781
42.0,-11.25,61.40425491333008,67.22293090820312,21.35872459411621,116.0108413696289,9.110664367675781
43.0,-11.25,60.930362701416016,67.77335357666016,21.417203903198242,117.0308837890625,9.110664367675781
44.0,-11.25,60.49320602416992,68.3044662475586,21.471153259277344,118.03675079345703,9.110664367675781
45.0,-11.25,59.92180252075195,68.98445129394531,21.54166603088379,119.0096435546875,9.110664367675781
46.0,-11.25,59.60514831542969,69.42964172363281,21.58074188232422,119.9955062866211,9.110664367675781
47.0,-11.25,59.15591812133789,70.0211410522461,21.636180877685547,120.94764709472656,9.110664367675781
48.0,-11.25,58.722801208496094,70.61214447021484,21.68962860107422,121.88438415527344,9.110664367675781
49.0,-11.25,58.3663444519043,71.14334869384766,21.73361587524414,122.81769561767578,9.110664367675781
50.0,-11.25,58.181854248046875,71.52256774902344,21.756385803222656,123.77078247070312,9.110664367675781
51.0,-11.25,58.09716796875,71.8211441040039,21.766836166381836,124.73612213134766,9.110664367675781
52.0,-11.25,57.96999740600586,72.17709350585938,21.782527923583984,125.68453979492188,9.110664367675781
53.0,-11.25,57.93718719482422,72.45851135253906,21.786577224731445,126.6485595703125,9.110664367675781
54.0,-11.25,58.103515625,72.5665283203125,21.76605224609375,127.66117858886719,9.110664367675781
55.0,-11.25,58.284027099609375,72.6795425415039,21.743776321411133,128.67860412597656,9.110664367675781
56.0,-11.25,58.635353088378906,72.64994049072266,21.700420379638672,129.74903869628906,9.110664367675781
57.0,-11.25,58.81649398803711,72.80072021484375,21.67806625366211,130.77085876464844,9.110664367675781
58.0,-11.25,59.519996643066406,72.48297882080078,21.591251373291016,131.9694061279297,9.110664367675781
59.0,-11.25,60.020118713378906,72.37897491455078,21.52953338623047,133.11270141601562,9.110664367675781
60.0,-11.25,60.75987243652344,72.07749938964844,21.438243865966797,134.35446166992188,9.110664367675781
61.0,-11.25,61.70537567138672,71.61455535888672,21.321563720703125,135.692626953125,9.110664367675781
62.0,-11.25,62.816444396972656,71.03135681152344,21.184452056884766,137.1203155517578,9.110664367675781
63.0,-11.25,64.5338134765625,69.9354476928711,20.972522735595703,138.82894897460938,9.110664367675781
64.0,-11.25,67.66246032714844,67.62264251708984,20.5864315032959,141.19540405273438,9.110664367675781
94.0,-11.25,95.55887603759766,74.87274932861328,17.143875122070312,190.38790893554688,9.110664367675781
95.0,-11.25,91.95195007324219,78.20539855957031,17.588987350463867,188.30438232421875,9.110664367675781
96.0,-11.25,90.06526184082031,80.54180145263672,17.821815490722656,187.57574462890625,9.110664367675781
97.0,-11.25,88.697021484375,82.57164001464844,17.990665435791016,187.2299041748047,9.110664367675781
98.0,-11.25,87.6922378540039,84.39393615722656,18.11465835571289,187.14874267578125,9.110664367675781
99.0,-11.25,87.02127075195312,86.03840637207031,18.19745635986328,187.31671142578125,9.110664367675781
100.0,-11.25,86.55079650878906,87.5816879272461,18.25551986694336,187.62591552734375,9.110664367675781
101.0,-11.25,86.35447692871094,88.9990234375,18.279743194580078,188.14659118652344,9.110664367675781
102.0,-11.25,86.2278060913086,90.39178466796875,18.29537582397461,188.70298767089844,9.110664367675781
103.0,-11.25,86.35710906982422,91.68440246582031,18.279417037963867,189.46412658691406,9.110664367675781
104.0,-11.25,86.60228729248047,92.9451904296875,18.249162673950195,190.30848693847656,9.110664367675781
105.0,-11.25,87.04239654541016,94.14860534667969,18.194849014282227,191.3103790283203,9.110664367675781
106.0,-11.25,87.67652893066406,95.30397033691406,18.116596221923828,192.4724578857422,9.110664367675781
107.0,-11.25,88.48426818847656,96.42765045166016,18.016916275024414,193.7789764404297,9.110664367675781
108.0,-11.25,89.53245544433594,97.50513458251953,17.88756561279297,195.29470825195312,9.110664367675781
109.0,-11.25,90.99939727783203,98.49015045166016,17.706539154052734,197.19020080566406,9.110664367675781
110.0,-11.25,92.72013092041016,99.45398712158203,17.494190216064453,199.3157196044922,9.110664367675781
111.0,-11.25,95.06768798828125,100.3004379272461,17.204490661621094,202.02767944335938,9.110664367675781
112.0,-11.25,98.53875732421875,100.92418670654297,16.77614402770996,205.80735778808594,9.110664367675781
135.0,-11.25,46.24152755737305,133.54103088378906,23.229881286621094,157.40371704101562,9.110664367675781
136.0,-11.25,41.39194107055664,133.6724395751953,23.828344345092773,152.53369140625,9.110664367675781
137.0,-11.25,39.410850524902344,134.07693481445312,24.07282066345215,150.486572265625,9.110664367675781
138.0,-11.25,38.079071044921875,134.52273559570312,24.237167358398438,149.0730438232422,9.110664367675781
139.0,-11.25,36.96009826660156,134.96112060546875,24.375255584716797,147.8634796142578,9.110664367675781
140.0,-11.25,36.079559326171875,135.4081573486328,24.483917236328125,146.88180541992188,9.110664367675781
141.0,-11.25,35.261417388916016,135.8369598388672,24.584880828857422,145.9561004638672,9.110664367675781
142.0,-11.25,34.4666633605957,136.2413330078125,24.68295669555664,145.0488739013672,9.110664367675781
143.0,-11.25,33.689762115478516,136.6210479736328,24.778831481933594,144.1552734375,9.110664367675781
144.0,-11.25,32.94670867919922,136.98133850097656,24.870527267456055,143.2910614013672,9.110664367675781
145.0,-11.25,32.125938415527344,137.29171752929688,24.971813201904297,142.3505401611328,9.110664367675781
146.0,-11.25,31.50059700012207,137.6317138671875,25.04898452758789,141.59353637695312,9.110664367675781
147.0,-11.25,30.690616607666016,137.8887939453125,25.148941040039062,140.66079711914062,9.110664367675781
148.0,-11.25,29.91948890686035,138.1294403076172,25.244102478027344,139.76463317871094,9.110664367675781
149.0,-11.25,29.206737518310547,138.36257934570312,25.33205795288086,138.9231719970703,9.110664367675781
150.0,-11.25,28.30223846435547,138.4984893798828,25.443679809570312,137.90574645996094,9.110664367675781
151.0,-11.25,27.618907928466797,138.68759155273438,25.528003692626953,137.09423828125,9.110664367675781
152.0,-11.25,26.92373275756836,138.8468780517578,25.613792419433594,136.2735137939453,9.110664367675781
153.0,-11.25,26.24922752380371,138.989501953125,25.69702911376953,135.4737091064453,9.110664367675781
154.0,-11.25,25.66765022277832,139.1479034423828,25.768798828125,134.75949096679688,9.110664367675781
155.0,-11.25,25.046852111816406,139.26715087890625,25.845409393310547,134.0124053955078,9.110664367675781
156.0,-11.25,24.556482315063477,139.42442321777344,25.905921936035156,133.38265991210938,9.110664367675781
157.0,-11.25,24.18132972717285,139.61846923828125,25.95221710205078,132.85440063476562,9.110664367675781
158.0,-11.25,23.728029251098633,139.75894165039062,26.00815773010254,132.25880432128906,9.110664367675781
159.0,-11.25,23.31298065185547,139.9017333984375,26.059377670288086,131.6973876953125,9.110664367675781
160.0,-11.25,22.89967155456543,140.02947998046875,26.110382080078125,131.13877868652344,9.110664367675781
161.0,-11.25,22.523624420166016,140.16151428222656,26.156787872314453,130.61289978027344,9.110664367675781
162.0,-11.25,22.15320587158203,140.2820281982422,26.202499389648438,130.093017578125,9.110664367675781
163.0,-11.25,21.842872619628906,140.42227172851562,26.240795135498047,129.62364196777344,9.110664367675781
164.0,-11.25,21.54234504699707,140.55564880371094,26.277883529663086,129.16287231445312,9.110664367675781
165.0,-11.25,21.25234031677246,140.68304443359375,26.313671112060547,128.71128845214844,9.110664367675781
166.0,-11.25,21.000896453857422,140.8220672607422,26.34469985961914,128.29078674316406,9.110664367675781
167.0,-11.25,20.792919158935547,140.97740173339844,26.370365142822266,127.9041976928711,9.110664367675781
168.0,-11.25,20.581031799316406,141.12069702148438,26.396514892578125,127.51426696777344,9.110664367675781
169.0,-11.25,20.421390533447266,141.288330078125,26.416213989257812,127.1634521484375,9.110664367675781
170.0,-11.25,20.24153709411621,141.43434143066406,26.43840789794922,126.79666900634766,9.110664367675781
171.0,-11.25,19.965240478515625,141.5064697265625,26.472505569458008,126.3593978881836,9.110664367675781
172.0,-11.25,19.825469970703125,141.66143798828125,26.48975372314453,126.0218276977539,9.110664367675781
173.0,-11.25,19.66867446899414,141.79684448242188,26.50910186767578,125.67132568359375,9.110664367675781
174.0,-11.25,19.503543853759766,141.9182586669922,26.529481887817383,125.314697265625,9.110664367675781
175.0,-11.25,19.392759323120117,142.0708465576172,26.54315185546875,124.99491882324219,9.110664367675781
176.0,-11.25,19.315811157226562,142.241455078125,26.552648544311523,124.6964340209961,9.110664367675781
177.0,-11.25,19.204177856445312,142.37998962402344,26.566423416137695,124.3734130859375,9.110664367675781
178.0,-11.25,19.104751586914062,142.52088928222656,26.578693389892578,124.0572738647461,9.110664367675781
179.0,-11.25,19.01343536376953,142.66139221191406,26.589962005615234,123.74513244628906,9.110664367675781
180.0,-11.25,18.90689468383789,142.78355407714844,26.603111267089844,123.42250061035156,9.110664367675781
181.0,-11.25,18.865646362304688,142.95062255859375,26.608200073242188,123.13832092285156,9.110664367675781
182.0,-11.25,18.799116134643555,143.09201049804688,26.616411209106445,122.83706665039062,9.110664367675781
183.0,-11.25,18.730709075927734,143.22592163085938,26.62485122680664,122.53325653076172,9.110664367675781
184.0,-11.25,18.652421951293945,143.34571838378906,26.63451385498047,122.2226333618164,9.110664367675781
185.0,-11.25,18.650100708007812,143.52249145507812,26.63479995727539,121.9522476196289,9.110664367675781
186.0,-11.25,18.61115264892578,143.6636962890625,26.639606475830078,121.6595458984375,9.110664367675781
187.0,-11.25,18.572784423828125,143.79991149902344,26.64434051513672,121.36530303955078,9.110664367675781
188.0,-11.25,18.541837692260742,143.93701171875,26.648160934448242,121.0729751586914,9.110664367675781
189.0,-11.25,18.512868881225586,144.0704345703125,26.651735305786133,120.77973175048828,9.110664367675781
190.0,-11.25,18.524320602416992,144.23387145996094,26.65032196044922,120.50352478027344,9.110664367675781
191.0,-11.25,18.547786712646484,144.40316772460938,26.647424697875977,120.2297592163086,9.110664367675781
192.0,-11.25,18.55942153930664,144.5572967529297,26.6459903717041,119.94755554199219,9.110664367675781
193.0,-11.25,18.573238372802734,144.70852661132812,26.644285202026367,119.66344451904297,9.110664367675781
194.0,-11.25,18.563966751098633,144.83395385742188,26.645427703857422,119.36717224121094,9.110664367675781
195.0,-11.25,18.57815170288086,144.9755401611328,26.643678665161133,119.0780258178711,9.110664367675781
196.0,-11.25,18.67702293395996,145.19003295898438,26.63147735595703,118.81781768798828,9.110664367675781
197.0,-11.25,18.68386459350586,145.31536865234375,26.630634307861328,118.51945495605469,9.110664367675781
198.0,-11.25,18.721654891967773,145.46435546875,26.6259708404541,118.22940063476562,9.110664367675781
199.0,-11.25,18.767492294311523,145.61602783203125,26.62031364440918,117.93878936767578,9.110664367675781
200.0,-11.25,18.793563842773438,145.7442169189453,26.617095947265625,117.63871002197266,9.110664367675781
201.0,-11.25,18.893566131591797,145.93740844726562,26.60475730895996,117.35758209228516,9.110664367675781
202.0,-11.25,18.98849105834961,146.12132263183594,26.593040466308594,117.07005310058594,9.110664367675781
203.0,-11.25,19.079721450805664,146.29708862304688,26.581783294677734,116.7768325805664,9.110664367675781
204.0,-11.25,19.191560745239258,146.48794555664062,26.567981719970703,116.48403930664062,9.110664367675781
205.0,-11.25,19.32332420349121,146.69337463378906,26.551719665527344,116.19054412841797,9.110664367675781
206.0,-11.25,19.389970779418945,146.83096313476562,26.543495178222656,115.87776184082031,9.110664367675781
207.0,-11.25,19.503604888916016,147.00906372070312,26.52947235107422,115.57044982910156,9.110664367675781
208.0,-11.25,19.636615753173828,147.20106506347656,26.513057708740234,115.26151275634766,9.110664367675781
209.0,-11.25,19.771886825561523,147.39024353027344,26.496366500854492,114.94735717773438,9.110664367675781
210.0,-11.25,19.92171287536621,147.58856201171875,26.477874755859375,114.62965393066406,9.110664367675781
211.0,-11.25,20.11168670654297,147.82118225097656,26.454431533813477,114.3108901977539,9.110664367675781
212.0,-11.25,20.251514434814453,147.9990997314453,26.437177658081055,113.97956085205078,9.110664367675781
213.0,-11.25,20.46552276611328,148.24476623535156,26.4107666015625,113.64929962158203,9.110664367675781
214.0,-11.25,20.596498489379883,148.40274047851562,26.394603729248047,113.30523681640625,9.110664367675781
215.0,-11.25,20.81043815612793,148.6370391845703,26.368202209472656,112.96062469482422,9.110664367675781
216.0,-11.25,20.979476928710938,148.8209228515625,26.34734344482422,112.60667419433594,9.110664367675781
217.0,-11.25,21.193546295166016,149.04336547851562,26.320926666259766,112.24746704101562,9.110664367675781
218.0,-11.25,21.37847328186035,149.23062133789062,26.298105239868164,111.88069915771484,9.110664367675781
219.0,-11.25,21.62446403503418,149.47201538085938,26.267749786376953,111.50653839111328,9.110664367675781
220.0,-11.25,21.88615608215332,149.72230529785156,26.235454559326172,111.1234359741211,9.110664367675781
221.0,-11.25,22.18412208557129,150.0016326904297,26.198684692382812,110.72966766357422,9.110664367675781
222.0,-11.25,22.39522933959961,150.187744140625,26.17263412475586,110.33182525634766,9.110664367675781
223.0,-11.25,22.62847137451172,150.38848876953125,26.143850326538086,109.9252700805664,9.110664367675781
224.0,-11.25,22.88228988647461,150.60203552246094,26.11252784729004,109.50914001464844,9.110664367675781
225.0,-11.25,23.252622604370117,150.92257690429688,26.06682777404785,109.07105255126953,9.110664367675781
226.0,-11.25,23.499637603759766,151.11338806152344,26.03634262084961,108.63793182373047,9.110664367675781
227.0,-11.25,23.87346076965332,151.42030334472656,25.99021339416504,108.17781829833984,9.110664367675781
228.0,-11.25,24.330537796020508,151.79946899414062,25.933805465698242,107.69180297851562,9.110664367675781
229.0,-11.25,24.492599487304688,151.88119506835938,25.913806915283203,107.24689483642578,9.110664367675781
230.0,-11.25,24.863920211791992,152.15777587890625,25.867982864379883,106.75499725341797,9.110664367675781
231.0,-11.25,25.40987205505371,152.59326171875,25.800609588623047,106.21334075927734,9.110664367675781
232.0,-11.25,25.861616134643555,152.92628479003906,25.744863510131836,105.67744445800781,9.110664367675781
233.0,-11.25,26.208093643188477,153.1470184326172,25.702106475830078,105.15513610839844,9.110664367675781
234.0,-11.25,26.656824111938477,153.45458984375,25.646728515625,104.59544372558594,9.110664367675781
235.0,-11.25,27.154888153076172,153.79698181152344,25.58526611328125,104.00875091552734,9.110664367675781
236.0,-11.25,27.700260162353516,154.17117309570312,25.517963409423828,103.39350891113281,9.110664367675781
237.0,-11.25,28.228755950927734,154.5157470703125,25.452747344970703,102.768310546875,9.110664367675781
238.0,-11.25,28.653581619262695,154.7495880126953,25.40032196044922,102.1635971069336,9.110664367675781
239.0,-11.25,29.034074783325195,154.92918395996094,25.353364944458008,101.56371307373047,9.110664367675781
240.0,-11.25,29.662460327148438,155.32408142089844,25.275819778442383,100.86280822753906,9.110664367675781
241.0,-11.25,30.028717041015625,155.46295166015625,25.230621337890625,100.2463607788086,9.110664367675781
242.0,-11.25,30.690824508666992,155.85690307617188,25.148916244506836,99.50274658203125,9.110664367675781
243.0,-11.25,31.005163192749023,155.9200897216797,25.110124588012695,98.88732147216797,9.110664367675781
244.0,-11.25,31.55103302001953,156.1768341064453,25.042760848999023,98.16553497314453,9.110664367675781
245.0,-11.25,31.87102508544922,156.2168731689453,25.003271102905273,97.53238677978516,9.110664367675781
246.0,-11.25,32.32490158081055,156.36070251464844,24.947261810302734,96.8315200805664,9.110664367675781
247.0,-11.25,32.86184310913086,156.56069946289062,24.881000518798828,96.08148193359375,9.110664367675781
248.0,-11.25,33.208683013916016,156.57949829101562,24.838197708129883,95.41405487060547,9.110664367675781
249.0,-11.25,33.58194351196289,156.6060791015625,24.79213523864746,94.72772216796875,9.110664367675781
250.0,-11.25,33.91368865966797,156.5823516845703,24.751197814941406,94.05731964111328,9.110664367675781
251.0,-11.25,34.39301300048828,156.6667938232422,24.692047119140625,93.3030014038086,9.110664367675781
252.0,-11.25,35.27318572998047,157.06358337402344,24.583431243896484,92.31843566894531,9.110664367675781
253.0,-11.25,36.04932403564453,157.349853515625,24.487648010253906,91.37360382080078,9.110664367675781
254.0,-11.25,37.09078598022461,157.82504272460938,24.359128952026367,90.2585220336914,9.110664367675781
255.0,-11.25,39.40470886230469,159.27957153320312,24.073579788208008,88.36234283447266,9.110664367675781
1.0,-16.875,92.11485290527344,55.11677932739258,12.097042083740234,58.11547088623047,9.110664367675781
2.0,-16.875,86.70651245117188,58.52459716796875,13.085722923278809,62.47562026977539,9.110664367675781
3.0,-16.875,83.34730529785156,60.3986930847168,13.699810028076172,65.56150817871094,9.110664367675781
4.0,-16.875,81.00000762939453,61.52791213989258,14.128915786743164,68.01881408691406,9.110664367675781
5.0,-16.875,78.9899673461914,62.44172668457031,14.496367454528809,70.24456787109375,9.110664367675781
6.0,-16.875,77.31175231933594,63.134002685546875,14.803155899047852,72.25480651855469,9.110664367675781
7.0,-16.875,75.86137390136719,63.68283462524414,15.068297386169434,74.1146240234375,9.110664367675781
8.0,-16.875,74.57225036621094,64.13829803466797,15.303954124450684,75.86518859863281,9.110664367675781
9.0,-16.875,73.45372772216797,64.48739624023438,15.508430480957031,77.5084228515625,9.110664367675781
10.0,-16.875,72.50875854492188,64.72260284423828,15.68117618560791,79.04983520507812,9.110664367675781
11.0,-16.875,71.65605926513672,64.91075134277344,15.837056159973145,80.53211212158203,9.110664367675781
12.0,-16.875,70.93418884277344,65.01493072509766,15.96902084350586,81.94256591796875,9.110664367675781
13.0,-16.875,70.22551727294922,65.13710021972656,16.09857177734375,83.33438873291016,9.110664367675781
14.0,-16.875,69.68714141845703,65.13481903076172,16.196990966796875,84.64627838134766,9.110664367675781
15.0,-16.875,69.12924194335938,65.17676544189453,16.298978805541992,85.95680236816406,9.110664367675781
16.0,-16.875,68.69538116455078,65.13160705566406,16.378292083740234,87.2130355834961,9.110664367675781
17.0,-16.875,68.2005615234375,65.16719818115234,16.468746185302734,88.4837875366211,9.110664367675781
18.0,-16.875,67.61153411865234,65.31523132324219,16.576427459716797,89.77650451660156,9.110664367675781
19.0,-16.875,67.09601593017578,65.42049407958984,16.67066764831543,91.03406524658203,9.110664367675781
20.0,-16.875,66.5937271118164,65.53797912597656,16.762489318847656,92.27729797363281,9.110664367675781
21.0,-16.875,66.04051208496094,65.72769165039062,16.86362075805664,93.52417755126953,9.110664367675781
22.0,-16.875,65.56339263916016,65.8696060180664,16.950843811035156,94.73855590820312,9.110664367675781
23.0,-16.875,65.07103729248047,66.04930877685547,17.040849685668945,95.94609069824219,9.110664367675781
24.0,-16.875,64.63235473632812,66.20075988769531,17.12104034423828,97.12989044189453,9.110664367675781
25.0,-16.875,64.24430084228516,66.32589721679688,17.19198226928711,98.29283142089844,9.110664367675781
26.0,-16.875,63.834716796875,66.49344635009766,17.266857147216797,99.45108032226562,9.110664367675781
27.0,-16.875,63.30763626098633,66.79612731933594,17.36321258544922,100.62016296386719,9.110664367675781
28.0,-16.875,62.90068054199219,67.00420379638672,17.437602996826172,101.755615234375,9.110664367675781
29.0,-16.875,62.51836013793945,67.20918273925781,17.507495880126953,102.87681579589844,9.110664367675781
30.0,-16.875,62.070255279541016,67.49874114990234,17.589412689208984,103.99609375,9.110664367675781
31.0,-16.875,61.74099349975586,67.69259643554688,17.64960479736328,105.08951568603516,9.110664367675781
32.0,-16.875,61.332889556884766,67.9832534790039,17.724210739135742,106.18103790283203,9.110664367675781
33.0,-16.875,60.81708908081055,68.39908599853516,17.818500518798828,107.26847076416016,9.110664367675781
34.0,-16.875,60.49858474731445,68.64080047607422,17.876726150512695,108.32815551757812,9.110664367675781
35.0,-16.875,59.871795654296875,69.2040786743164,17.991308212280273,109.39065551757812,9.110664367675781
36.0,-16.875,59.37045669555664,69.6628646850586,18.08295440673828,110.42943572998047,9.110664367675781
37.0,-16.875,58.891571044921875,70.1177749633789,18.170501708984375,111.45128631591797,9.110664367675781
38.0,-16.875,58.36025619506836,70.64197540283203,18.267627716064453,112.45626831054688,9.110664367675781
39.0,-16.875,57.7213249206543,71.28922271728516,18.384428024291992,113.43988800048828,9.110664367675781
40.0,-16.875,57.20937728881836,71.82841491699219,18.478017807006836,114.4067611694336,9.110664367675781
41.0,-16.875,56.596168518066406,72.48328399658203,18.590116500854492,115.34906768798828,9.110664367675781
42.0,-16.875,56.09385299682617,73.04507446289062,18.681943893432617,116.27804565429688,9.110664367675781
43.0,-16.875,55.61235809326172,73.60185241699219,18.76996421813965,117.19050598144531,9.110664367675781
44.0,-16.875,55.15637969970703,74.14867401123047,18.85331916809082,118.0877685546875,9.110664367675781
45.0,-16.875,54.83234405517578,74.5815200805664,18.91255760192871,118.98475646972656,9.110664367675781
46.0,-16.875,54.53654479980469,75.0017318725586,18.966632843017578,119.8727035522461,9.110664367675781
47.0,-16.875,54.321533203125,75.3582534790039,19.005935668945312,120.76143646240234,9.110664367675781
48.0,-16.875,54.20413589477539,75.63525390625,19.02739906311035,121.65782165527344,9.110664367675781
49.0,-16.875,54.06165313720703,75.95162200927734,19.053443908691406,122.54231262207031,9.110664367675781
50.0,-16.875,54.003990173339844,76.20149230957031,19.063987731933594,123.43695068359375,9.110664367675781
51.0,-16.875,53.94639587402344,76.4666519165039,19.07451629638672,124.3261489868164,9.110664367675781
52.0,-16.875,54.0393180847168,76.60384368896484,19.05752944946289,125.24694061279297,9.110664367675781
53.0,-16.875,54.11599349975586,76.77288055419922,19.04351043701172,126.16243743896484,9.110664367675781
54.0,-16.875,54.356590270996094,76.8038101196289,18.999526977539062,127.1221694946289,9.110664367675781
55.0,-16.875,54.55366516113281,76.89347076416016,18.9635009765625,128.07220458984375,9.110664367675781
56.0,-16.875,54.78514862060547,76.96869659423828,18.921184539794922,129.03456115722656,9.110664367675781
57.0,-16.875,54.994041442871094,77.08292388916016,18.882999420166016,129.9917449951172,9.110664367675781
58.0,-16.875,55.28810119628906,77.13670349121094,18.829238891601562,130.97962951660156,9.110664367675781
59.0,-16.875,55.7033805847168,77.09872436523438,18.753326416015625,132.0150146484375,9.110664367675781
60.0,-16.875,56.09794235229492,77.10029602050781,18.681196212768555,133.04966735839844,9.110664367675781
61.0,-16.875,56.61491012573242,77.01232147216797,18.586688995361328,134.13856506347656,9.110664367675781
62.0,-16.875,57.2789306640625,76.81553649902344,18.465301513671875,135.297119140625,9.110664367675781
63.0,-16.875,58.01261901855469,76.58207702636719,18.3311824798584,136.4988555908203,9.110664367675781
64.0,-16.875,58.892799377441406,76.24638366699219,18.170276641845703,137.78028869628906,9.110664367675781
65.0,-16.875,59.75975799560547,75.9515151977539,18.011791229248047,139.07481384277344,9.110664367675781
66.0,-16.875,61.031612396240234,75.33679962158203,17.779285430908203,140.57798767089844,9.110664367675781
67.0,-16.875,62.427513122558594,74.65299224853516,17.524105072021484,142.1709747314453,9.110664367675781
68.0,-16.875,64.26408386230469,73.63622283935547,17.18836212158203,144.01695251464844,9.110664367675781
69.0,-16.875,66.94982147216797,71.95707702636719,16.6973934173584,146.34490966796875,9.110664367675781
90.0,-16.875,91.6761703491211,73.27938079833984,12.177234649658203,183.45680236816406,9.110664367675781
91.0,-16.875,87.7953872680664,76.8012466430664,12.886674880981445,181.3299560546875,9.110664367675781
92.0,-16.875,85.8095703125,79.1524429321289,13.249695777893066,180.6216583251953,9.110664367675781
93.0,-16.875,84.34564971923828,81.1731185913086,13.517309188842773,180.2763214111328,9.110664367675781
94.0,-16.875,83.21835327148438,82.98448181152344,13.723387718200684,180.15809631347656,9.110664367675781
95.0,-16.875,82.32087707519531,84.65620422363281,13.887453079223633,180.1885528564453,9.110664367675781
96.0,-16.875,81.58122253417969,86.23430633544922,14.022668838500977,180.31414794921875,9.110664367675781
97.0,-16.875,81.0483627319336,87.7005844116211,14.120075225830078,180.5810089111328,9.110664367675781
98.0,-16.875,80.61762237548828,89.11408996582031,14.198820114135742,180.90516662597656,9.110664367675781
99.0,-16.875,80.335205078125,90.45723724365234,14.250448226928711,181.32931518554688,9.110664367675781
100.0,-16.875,80.17375183105469,91.74859619140625,14.279964447021484,181.8332977294922,9.110664367675781
101.0,-16.875,80.15792846679688,92.98240661621094,14.282853126525879,182.44163513183594,9.110664367675781
102.0,-16.875,80.17681884765625,94.21178436279297,14.279403686523438,183.05908203125,9.110664367675781
103.0,-16.875,80.36605072021484,95.38288116455078,14.244810104370117,183.80763244628906,9.110664367675781
104.0,-16.875,80.56389617919922,96.56645965576172,14.208642959594727,184.54470825195312,9.110664367675781
105.0,-16.875,80.99124145507812,97.67989349365234,14.130521774291992,185.47096252441406,9.110664367675781
106.0,-16.875,81.48767852783203,98.79134368896484,14.039766311645508,186.44361877441406,9.110664367675781
107.0,-16.875,82.10364532470703,99.88661193847656,13.92716121673584,187.50991821289062,9.110664367675781
108.0,-16.875,82.79331970214844,100.98619079589844,13.801087379455566,188.62889099121094,9.110664367675781
109.0,-16.875,83.64944458007812,102.064697265625,13.644577980041504,189.8876190185547,9.110664367675781
110.0,-16.875,84.73384094238281,103.11190032958984,13.4463472366333,191.34600830078125,9.110664367675781
111.0,-16.875,85.89395141601562,104.18118286132812,13.234270095825195,192.8627166748047,9.110664367675781
112.0,-16.875,87.41426086425781,105.20189666748047,12.956345558166504,194.70741271972656,9.110664367675781
113.0,-16.875,89.146728515625,106.22802734375,12.639633178710938,196.7427520751953,9.110664367675781
114.0,-16.875,91.29400634765625,107.2238998413086,12.24709701538086,199.1637420654297,9.110664367675781
115.0,-16.875,93.86036682128906,108.20938110351562,11.777948379516602,201.9776153564453,9.110664367675781
116.0,-16.875,97.04976654052734,109.1658706665039,11.194902420043945,205.38340759277344,9.110664367675781
132.0,-16.875,42.19374465942383,131.3467254638672,21.22298812866211,153.1982879638672,9.110664367675781
133.0,-16.875,39.841468811035156,131.84193420410156,21.652999877929688,150.832275390625,9.110664367675781
134.0,-16.875,38.33745574951172,132.35157775878906,21.92794418334961,149.29071044921875,9.110664367675781
135.0,-16.875,37.15055465698242,132.84991455078125,22.144920349121094,148.05270385742188,9.110664367675781
136.0,-16.875,36.29311752319336,133.35487365722656,22.301664352416992,147.1293182373047,9.110664367675781
137.0,-16.875,35.274139404296875,133.8026123046875,22.48794174194336,146.04299926757812,9.110664367675781
138.0,-16.875,34.4954833984375,134.25758361816406,22.630287170410156,145.18434143066406,9.110664367675781
139.0,-16.875,33.722686767578125,134.68556213378906,22.77155876159668,144.32608032226562,9.110664367675781
140.0,-16.875,33.01993179321289,135.1005401611328,22.900028228759766,143.5304718017578,9.110664367675781
141.0,-16.875,32.40174102783203,135.5093994140625,23.013036727905273,142.811279296875,9.110664367675781
142.0,-16.875,31.75771141052246,135.88894653320312,23.13077163696289,142.0630645751953,9.110664367675781
143.0,-16.875,31.008338928222656,136.2168426513672,23.267763137817383,141.2114715576172,9.110664367675781
144.0,-16.875,30.452472686767578,136.5718536376953,23.3693790435791,140.5401611328125,9.110664367675781
145.0,-16.875,29.700599670410156,136.84768676757812,23.506826400756836,139.681884765625,9.110664367675781
146.0,-16.875,28.920753479003906,137.0874481201172,23.649389266967773,138.796875,9.110664367675781
147.0,-16.875,28.35912322998047,137.37109375,23.752059936523438,138.11428833007812,9.110664367675781
148.0,-16.875,27.598804473876953,137.56497192382812,23.891050338745117,137.24732971191406,9.110664367675781
149.0,-16.875,27.00516128540039,137.7918701171875,23.99957275390625,136.53416442871094,9.110664367675781
150.0,-16.875,26.245121002197266,137.93394470214844,24.138513565063477,135.6699676513672,9.110664367675781
151.0,-16.875,25.751985549926758,138.15402221679688,24.228662490844727,135.04898071289062,9.110664367675781
152.0,-16.875,25.06884002685547,138.27772521972656,24.353546142578125,134.2578582763672,9.110664367675781
153.0,-16.875,24.596426010131836,138.4665069580078,24.439908981323242,133.65650939941406,9.110664367675781
154.0,-16.875,24.234848022460938,138.68629455566406,24.506006240844727,133.1529541015625,9.110664367675781
155.0,-16.875,23.72872543334961,138.8258819580078,24.598527908325195,132.5225372314453,9.110664367675781
156.0,-16.875,23.28669548034668,138.97695922851562,24.679336547851562,131.94918823242188,9.110664367675781
157.0,-16.875,22.90503692626953,139.1407012939453,24.749107360839844,131.4285888671875,9.110664367675781
158.0,-16.875,22.60543441772461,139.33074951171875,24.803874969482422,130.97792053222656,9.110664367675781
159.0,-16.875,22.15851593017578,139.43258666992188,24.885576248168945,130.4033203125,9.110664367675781
160.0,-16.875,21.834228515625,139.58285522460938,24.94485855102539,129.9326629638672,9.110664367675781
161.0,-16.875,21.5489444732666,139.741455078125,24.99700927734375,129.4944305419922,9.110664367675781
162.0,-16.875,21.274648666381836,139.8944549560547,25.04715347290039,129.0651397705078,9.110664367675781
163.0,-16.875,21.03409194946289,140.05540466308594,25.091129302978516,128.6629180908203,9.110664367675781
164.0,-16.875,20.778602600097656,140.1972198486328,25.137834548950195,128.24859619140625,9.110664367675781
165.0,-16.875,20.546316146850586,140.3422088623047,25.180295944213867,127.85257720947266,9.110664367675781
166.0,-16.875,20.33770751953125,140.4916534423828,25.218433380126953,127.47473907470703,9.110664367675781
167.0,-16.875,20.128623962402344,140.63140869140625,25.256654739379883,127.09624481201172,9.110664367675781
168.0,-16.875,19.914386749267578,140.7584991455078,25.295820236206055,126.71382904052734,9.110664367675781
169.0,-16.875,19.756851196289062,140.9131317138672,25.324617385864258,126.37336730957031,9.110664367675781
170.0,-16.875,19.526878356933594,141.01158142089844,25.366657257080078,125.97965240478516,9.110664367675781
171.0,-16.875,19.37118148803711,141.150634765625,25.39512062072754,125.63984680175781,9.110664367675781
172.0,-16.875,19.240032196044922,141.29876708984375,25.419095993041992,125.31670379638672,9.110664367675781
173.0,-16.875,19.13067626953125,141.4549560546875,25.4390869140625,125.00761413574219,9.110664367675781
174.0,-16.875,19.00383949279785,141.59193420410156,25.4622745513916,124.68539428710938,9.110664367675781
175.0,-16.875,18.918521881103516,141.75193786621094,25.477869033813477,124.38994598388672,9.110664367675781
176.0,-16.875,18.829330444335938,141.90292358398438,25.49417495727539,124.09031677246094,9.110664367675781
177.0,-16.875,18.734474182128906,142.0434112548828,25.511516571044922,123.78565216064453,9.110664367675781
178.0,-16.875,18.66188621520996,142.19444274902344,25.5247859954834,123.49372100830078,9.110664367675781
179.0,-16.875,18.553497314453125,142.31198120117188,25.544601440429688,123.17831420898438,9.110664367675781
180.0,-16.875,18.459320068359375,142.4339599609375,25.561813354492188,122.870849609375,9.110664367675781
181.0,-16.875,18.391939163208008,142.57078552246094,25.574134826660156,122.57823181152344,9.110664367675781
182.0,-16.875,18.354156494140625,142.72552490234375,25.58104133605957,122.30106353759766,9.110664367675781
183.0,-16.875,18.287288665771484,142.8514404296875,25.59326171875,122.005615234375,9.110664367675781
184.0,-16.875,18.24954605102539,142.99545288085938,25.60016441345215,121.72471618652344,9.110664367675781
185.0,-16.875,18.24856185913086,143.16470336914062,25.600343704223633,121.46125793457031,9.110664367675781
186.0,-16.875,18.204402923583984,143.29307556152344,25.608415603637695,121.17279815673828,9.110664367675781
187.0,-16.875,18.175212860107422,143.4287109375,25.613754272460938,120.89022827148438,9.110664367675781
188.0,-16.875,18.16399574279785,143.5745391845703,25.615802764892578,120.61444091796875,9.110664367675781
189.0,-16.875,18.14408302307129,143.70791625976562,25.619443893432617,120.3322525024414,9.110664367675781
190.0,-16.875,18.161239624023438,143.86854553222656,25.61630630493164,120.06484985351562,9.110664367675781
191.0,-16.875,18.179519653320312,144.02560424804688,25.612964630126953,119.794921875,9.110664367675781
192.0,-16.875,18.209497451782227,144.18846130371094,25.607484817504883,119.52693176269531,9.110664367675781
193.0,-16.875,18.183034896850586,144.29629516601562,25.612323760986328,119.23275756835938,9.110664367675781
194.0,-16.875,18.17460060119629,144.41505432128906,25.613862991333008,118.9442138671875,9.110664367675781
195.0,-16.875,18.20234489440918,144.5615997314453,25.608793258666992,118.66731262207031,9.110664367675781
196.0,-16.875,18.25535774230957,144.72659301757812,25.599102020263672,118.39651489257812,9.110664367675781
197.0,-16.875,18.287025451660156,144.86749267578125,25.593313217163086,118.1147232055664,9.110664367675781
198.0,-16.875,18.335655212402344,145.0193634033203,25.584423065185547,117.83554077148438,9.110664367675781
199.0,-16.875,18.393489837646484,145.17520141601562,25.573848724365234,117.5558090209961,9.110664367675781
200.0,-16.875,18.45647430419922,145.33126831054688,25.562334060668945,117.27397155761719,9.110664367675781
201.0,-16.875,18.519256591796875,145.48251342773438,25.550857543945312,116.98837280273438,9.110664367675781
202.0,-16.875,18.595312118530273,145.64163208007812,25.536956787109375,116.70259094238281,9.110664367675781
203.0,-16.875,18.690431594848633,145.81422424316406,25.51956558227539,116.41748809814453,9.110664367675781
204.0,-16.875,18.802255630493164,145.99818420410156,25.499122619628906,116.13162994384766,9.110664367675781
205.0,-16.875,18.9215087890625,146.1846923828125,25.477323532104492,115.84230041503906,9.110664367675781
206.0,-16.875,19.000003814697266,146.32725524902344,25.462974548339844,115.53984832763672,9.110664367675781
207.0,-16.875,19.07427215576172,146.460693359375,25.449398040771484,115.23287963867188,9.110664367675781
208.0,-16.875,19.1613826751709,146.60142517089844,25.4334716796875,114.92443084716797,9.110664367675781
209.0,-16.875,19.331954956054688,146.8181610107422,25.402292251586914,114.62406921386719,9.110664367675781
210.0,-16.875,19.46670913696289,146.99510192871094,25.37765884399414,114.31254577636719,9.110664367675781
211.0,-16.875,19.591922760009766,147.15753173828125,25.354768753051758,113.9946517944336,9.110664367675781
212.0,-16.875,19.742820739746094,147.33975219726562,25.327180862426758,113.6741943359375,9.110664367675781
213.0,-16.875,19.886259078979492,147.50926208496094,25.30095863342285,113.34747314453125,9.110664367675781
214.0,-16.875,20.062898635864258,147.70579528808594,25.2686710357666,113.0173110961914,9.110664367675781
215.0,-16.875,20.20952033996582,147.86720275878906,25.241867065429688,112.67951202392578,9.110664367675781
216.0,-16.875,20.407245635986328,148.072998046875,25.205718994140625,112.33765411376953,9.110664367675781
217.0,-16.875,20.541622161865234,148.2105712890625,25.181154251098633,111.98844146728516,9.110664367675781
218.0,-16.875,20.75726890563965,148.4219207763672,25.141733169555664,111.63372802734375,9.110664367675781
219.0,-16.875,20.917802810668945,148.57281494140625,25.112384796142578,111.273193359375,9.110664367675781
220.0,-16.875,21.063108444213867,148.70233154296875,25.0858211517334,110.90801239013672,9.110664367675781
221.0,-16.875,21.277889251708984,148.89349365234375,25.046558380126953,110.53384399414062,9.110664367675781
222.0,-16.875,21.51426887512207,149.0989990234375,25.00334930419922,110.15100860595703,9.110664367675781
223.0,-16.875,21.78225326538086,149.32835388183594,24.954360961914062,109.75757598876953,9.110664367675781
224.0,-16.875,22.053321838378906,149.55332946777344,24.90480613708496,109.35527801513672,9.110664367675781
225.0,-16.875,22.32179069519043,149.7681427001953,24.855728149414062,108.94483947753906,9.110664367675781
226.0,-16.875,22.523223876953125,149.90994262695312,24.818904876708984,108.5360107421875,9.110664367675781
227.0,-16.875,22.738962173461914,150.0579071044922,24.77946662902832,108.11901092529297,9.110664367675781
228.0,-16.875,23.03615951538086,150.27664184570312,24.725133895874023,107.68111419677734,9.110664367675781
229.0,-16.875,23.44446563720703,150.59371948242188,24.650493621826172,107.21247863769531,9.110664367675781
230.0,-16.875,23.65585708618164,150.71217346191406,24.611846923828125,106.7737808227539,9.110664367675781
231.0,-16.875,23.944982528686523,150.8964080810547,24.55899429321289,106.31156921386719,9.110664367675781
232.0,-16.875,24.33344078063965,151.1658477783203,24.48798370361328,105.8167953491211,9.110664367675781
233.0,-16.875,24.68085289001465,151.38600158691406,24.424474716186523,105.3218002319336,9.110664367675781
234.0,-16.875,25.041866302490234,151.608642578125,24.358476638793945,104.81349182128906,9.110664367675781
235.0,-16.875,25.37752914428711,151.7967987060547,24.297115325927734,104.302978515625,9.110664367675781
236.0,-16.875,25.543006896972656,151.81565856933594,24.266864776611328,103.8371810913086,9.110664367675781
237.0,-16.875,26.03059196472168,152.123779296875,24.177730560302734,103.26219177246094,9.110664367675781
238.0,-16.875,26.358144760131836,152.27166748046875,24.11785125732422,102.72941589355469,9.110664367675781
239.0,-16.875,26.64009666442871,152.3665313720703,24.066308975219727,102.20541381835938,9.110664367675781
240.0,-16.875,27.109769821166992,152.62078857421875,23.980449676513672,101.6043930053711,9.110664367675781
241.0,-16.875,27.41162872314453,152.71017456054688,23.925270080566406,101.05769348144531,9.110664367675781
242.0,-16.875,27.75592613220215,152.82583618164062,23.862329483032227,100.4874267578125,9.110664367675781
243.0,-16.875,28.05572509765625,152.88955688476562,23.80752182006836,99.92877197265625,9.110664367675781
244.0,-16.875,28.324708938598633,152.91416931152344,23.75834846496582,99.37803649902344,9.110664367675781
245.0,-16.875,28.73459243774414,153.04981994628906,23.68341827392578,98.75865936279297,9.110664367675781
246.0,-16.875,29.025344848632812,153.06849670410156,23.630268096923828,98.18688201904297,9.110664367675781
247.0,-16.875,29.33283233642578,153.08908081054688,23.574058532714844,97.6023941040039,9.110664367675781
248.0,-16.875,29.595752716064453,153.05909729003906,23.52599334716797,97.03536987304688,9.110664367675781
249.0,-16.875,29.853635787963867,153.01266479492188,23.478851318359375,96.4676742553711,9.110664367675781
250.0,-16.875,30.140417098999023,152.97792053222656,23.426424026489258,95.88182830810547,9.110664367675781
251.0,-16.875,30.41008758544922,152.916259765625,23.377124786376953,95.30186462402344,9.110664367675781
252.0,-16.875,30.832164764404297,152.96522521972656,23.299968719482422,94.63414764404297,9.110664367675781
253.0,-16.875,31.182350158691406,152.94088745117188,23.235952377319336,94.00089263916016,9.110664367675781
254.0,-16.875,31.502960205078125,152.8786163330078,23.17734146118164,93.38063049316406,9.110664367675781
255.0,-16.875,31.8300838470459,152.8072967529297,23.117542266845703,92.7532730102539,9.110664367675781
256.0,-16.875,32.45847702026367,152.95303344726562,23.00266456604004,91.93802642822266,9.110664367675781
257.0,-16.875,32.954532623291016,152.97747802734375,22.9119815826416,91.19493103027344,9.110664367675781
258.0,-16.875,33.50468826293945,153.0238494873047,22.81140899658203,90.410400390625,9.110664367675781
259.0,-16.875,34.199954986572266,153.156982421875,22.684310913085938,89.52332305908203,9.110664367675781
260.0,-16.875,35.231483459472656,153.5099334716797,22.495738983154297,88.40141296386719,9.110664367675781
261.0,-16.875,36.494544982910156,153.99600219726562,22.264842987060547,87.10359191894531,9.110664367675781
262.0,-16.875,39.24810028076172,155.487548828125,21.761472702026367,84.75292205810547,9.110664367675781
0.0,-22.5,78.77520751953125,66.48511505126953,9.994874954223633,66.45396423339844,9.110664367675781
1.0,-22.5,77.37452697753906,66.8102035522461,10.331668853759766,68.32267761230469,9.110664367675781
2.0,-22.5,76.09735107421875,67.0825424194336,10.638761520385742,70.09822082519531,9.110664367675781
3.0,-22.5,74.92140197753906,67.31588745117188,10.921516418457031,71.79667663574219,9.110664367675781
4.0,-22.5,73.82479858398438,67.524658203125,11.18519401550293,73.43276977539062,9.110664367675781
5.0,-22.5,72.82919311523438,67.6881103515625,11.42458724975586,74.99811553955078,9.110664367675781
6.0,-22.5,71.95746612548828,67.78382873535156,11.634195327758789,76.4850082397461,9.110664367675781
7.0,-22.5,71.08158111572266,67.9163589477539,11.84480094909668,77.95919036865234,9.110664367675781
8.0,-22.5,70.31385803222656,67.98944091796875,12.029394149780273,79.36786651611328,9.110664367675781
9.0,-22.5,69.63398742675781,68.01749420166016,12.192874908447266,80.72431945800781,9.110664367675781
10.0,-22.5,69.06138610839844,67.9811782836914,12.33055305480957,82.0234603881836,9.110664367675781
11.0,-22.5,68.46371459960938,67.99375915527344,12.474262237548828,83.32476043701172,9.110664367675781
12.0,-22.5,67.91929626464844,67.98624420166016,12.605165481567383,84.5950927734375,9.110664367675781
13.0,-22.5,67.47291564941406,67.9173355102539,12.712501525878906,85.81910705566406,9.110664367675781
14.0,-22.5,67.0593032836914,67.84332275390625,12.811954498291016,87.0250473022461,9.110664367675781
15.0,-22.5,66.6390609741211,67.79898071289062,12.913000106811523,88.22795104980469,9.110664367675781
16.0,-22.5,66.10930633544922,67.87779998779297,13.040380477905273,89.46186065673828,9.110664367675781
17.0,-22.5,65.6920394897461,67.87822723388672,13.140710830688477,90.64948272705078,9.110664367675781
18.0,-22.5,65.18245697021484,67.98668670654297,13.263239860534668,91.8585433959961,9.110664367675781
19.0,-22.5,64.62171173095703,68.16627502441406,13.398070335388184,93.0721664428711,9.110664367675781
20.0,-22.5,64.12071990966797,68.31414031982422,13.518534660339355,94.25700378417969,9.110664367675781
21.0,-22.5,63.603851318359375,68.49984741210938,13.642812728881836,95.43499755859375,9.110664367675781
22.0,-22.5,63.10441207885742,68.69195556640625,13.76290512084961,96.59691619873047,9.110664367675781
23.0,-22.5,62.62274932861328,68.88956451416016,13.8787202835083,97.74307250976562,9.110664367675781
24.0,-22.5,62.10297775268555,69.14509582519531,14.00369644165039,98.8856201171875,9.110664367675781
25.0,-22.5,61.6251335144043,69.38245391845703,14.118597030639648,100.00685119628906,9.110664367675781
26.0,-22.5,61.102691650390625,69.68345642089844,14.244220733642578,101.12364959716797,9.110664367675781
27.0,-22.5,60.537498474121094,70.0463638305664,14.380118370056152,102.23310089111328,9.110664367675781
28.0,-22.5,59.942352294921875,70.45882415771484,14.52322006225586,103.33084869384766,9.110664367675781
29.0,-22.5,59.36335754394531,70.876220703125,14.662437438964844,104.40922546386719,9.110664367675781
30.0,-22.5,58.77850341796875,71.31920623779297,14.803065299987793,105.47103881835938,9.110664367675781
31.0,-22.5,57.999847412109375,71.96895599365234,14.99029541015625,106.53287506103516,9.110664367675781
32.0,-22.5,57.47223663330078,72.39531707763672,15.117156982421875,107.55130004882812,9.110664367675781
33.0,-22.5,56.83436965942383,72.94682312011719,15.270532608032227,108.55958557128906,9.110664367675781
34.0,-22.5,56.048484802246094,73.65994262695312,15.45949649810791,109.55335235595703,9.110664367675781
35.0,-22.5,55.3853874206543,74.27159118652344,15.618937492370605,110.5182876586914,9.110664367675781
36.0,-22.5,54.76766586303711,74.85612487792969,15.767468452453613,111.46083068847656,9.110664367675781
37.0,-22.5,54.18339538574219,75.4245376586914,15.907955169677734,112.38290405273438,9.110664367675781
38.0,-22.5,53.61786651611328,75.99058532714844,16.04393768310547,113.28551483154297,9.110664367675781
39.0,-22.5,53.19320297241211,76.43535614013672,16.146045684814453,114.17469787597656,9.110664367675781
40.0,-22.5,52.78240966796875,76.88175201416016,16.24481964111328,115.04963684082031,9.110664367675781
41.0,-22.5,52.47283935546875,77.24491882324219,16.319259643554688,115.91755676269531,9.110664367675781
42.0,-22.5,52.15586853027344,77.6298599243164,16.39547348022461,116.77307891845703,9.110664367675781
43.0,-22.5,51.92743682861328,77.94373321533203,16.450397491455078,117.62627410888672,9.110664367675781
44.0,-22.5,51.629581451416016,78.3387680053711,16.52202033996582,118.46112060546875,9.110664367675781
45.0,-22.5,51.48582458496094,78.59970092773438,16.55658721923828,119.3062744140625,9.110664367675781
46.0,-22.5,51.384185791015625,78.83464813232422,16.581024169921875,120.1511459350586,9.110664367675781
47.0,-22.5,51.30962371826172,79.05816650390625,16.598953247070312,120.99491882324219,9.110664367675781
48.0,-22.5,51.2907829284668,79.2431411743164,16.60348129272461,121.84427642822266,9.110664367675781
49.0,-22.5,51.22146224975586,79.49067687988281,16.620149612426758,122.6792984008789,9.110664367675781
50.0,-22.5,51.2448844909668,79.66497039794922,16.614517211914062,123.52986145019531,9.110664367675781
51.0,-22.5,51.26799392700195,79.85447692871094,16.608963012695312,124.3775634765625,9.110664367675781
52.0,-22.5,51.31890106201172,80.0328598022461,16.596721649169922,125.22946166992188,9.110664367675781
53.0,-22.5,51.429168701171875,80.17109680175781,16.570205688476562,126.09537506103516,9.110664367675781
54.0,-22.5,51.51938247680664,80.34353637695312,16.548519134521484,126.95465850830078,9.110664367675781
55.0,-22.5,51.6836051940918,80.46331787109375,16.509029388427734,127.83513641357422,9.110664367675781
56.0,-22.5,51.90077590942383,80.55094146728516,16.456809997558594,128.73326110839844,9.110664367675781
57.0,-22.5,52.10808563232422,80.6644515991211,16.40696144104004,129.6298065185547,9.110664367675781
58.0,-22.5,52.38502502441406,80.73199462890625,16.340373992919922,130.55235290527344,9.110664367675781
59.0,-22.5,52.72016525268555,80.76524353027344,16.25979232788086,131.4996337890625,9.110664367675781
60.0,-22.5,53.10813522338867,80.77023315429688,16.16650390625,132.471923828125,9.110664367675781
61.0,-22.5,53.479923248291016,80.80916595458984,16.077106475830078,133.44345092773438,9.110664367675781
62.0,-22.5,53.91740417480469,80.8102035522461,15.971915245056152,134.4473876953125,9.110664367675781
63.0,-22.5,54.48342514038086,80.7204360961914,15.835817337036133,135.5136260986328,9.110664367675781
64.0,-22.5,55.06642532348633,80.63904571533203,15.695632934570312,136.59744262695312,9.110664367675781
65.0,-22.5,55.730899810791016,80.51179504394531,15.535860061645508,137.7290802001953,9.110664367675781
66.0,-22.5,56.430206298828125,80.38037872314453,15.367712020874023,138.8892822265625,9.110664367675781
67.0,-22.5,57.20814895629883,80.20944213867188,15.180655479431152,140.10067749023438,9.110664367675781
68.0,-22.5,58.16922378540039,79.9150619506836,14.949567794799805,141.4192657470703,9.110664367675781
69.0,-22.5,59.114200592041016,79.66554260253906,14.722349166870117,142.7481689453125,9.110664367675781
70.0,-22.5,60.439910888671875,79.1401138305664,14.403585433959961,144.29904174804688,9.110664367675781
71.0,-22.5,61.71247100830078,78.69689178466797,14.097599029541016,145.84817504882812,9.110664367675781
72.0,-22.5,63.21961975097656,78.10796356201172,13.735204696655273,147.554931640625,9.110664367675781
73.0,-22.5,65.03265380859375,77.3255386352539,13.299261093139648,149.46929931640625,9.110664367675781
74.0,-22.5,67.08655548095703,76.40985870361328,12.805400848388672,151.56411743164062,9.110664367675781
75.0,-22.5,69.70756530761719,75.12203979492188,12.175178527832031,154.0452880859375,9.110664367675781
76.0,-22.5,74.44917297363281,72.31925964355469,11.035066604614258,157.89454650878906,9.110664367675781
77.0,-22.5,87.06251525878906,63.83272933959961,8.002197265625,166.82412719726562,9.110664367675781
78.0,-22.5,87.0625228881836,64.80194091796875,8.002197265625,167.93589782714844,9.110664367675781
79.0,-22.5,87.06251525878906,65.79039764404297,8.002197265625,169.0305633544922,9.110664367675781
80.0,-22.5,87.06253814697266,66.79782104492188,8.002197265625,170.1078643798828,9.110664367675781
81.0,-22.5,87.0625,67.82389831542969,8.002197265625,171.16734313964844,9.110664367675781
82.0,-22.5,87.06250762939453,68.86831665039062,8.002197265625,172.2088165283203,9.110664367675781
83.0,-22.5,87.06251525878906,69.93074035644531,8.002197265625,173.23190307617188,9.110664367675781
84.0,-22.5,87.0625228881836,71.01084899902344,8.002197265625,174.23626708984375,9.110664367675781
85.0,-22.5,87.06251525878906,72.10832214355469,8.002197265625,175.22161865234375,9.110664367675781
86.0,-22.5,85.62626647949219,74.12673950195312,8.347537994384766,175.12632751464844,9.110664367675781
87.0,-22.5,82.6576156616211,77.06903076171875,9.06135368347168,173.8311004638672,9.110664367675781
88.0,-22.5,80.90559387207031,79.2153091430664,9.482624053955078,173.37840270996094,9.110664367675781
89.0,-22.5,79.6590576171875,81.03176879882812,9.782354354858398,173.2597198486328,9.110664367675781
90.0,-22.5,78.53657531738281,82.75753784179688,10.052251815795898,173.193603515625,9.110664367675781
91.0,-22.5,77.60893249511719,84.35686492919922,10.275300979614258,173.24032592773438,9.110664367675781
92.0,-22.5,76.83935546875,85.85717010498047,10.460348129272461,173.376708984375,9.110664367675781
93.0,-22.5,76.13670349121094,87.31301879882812,10.629302978515625,173.53382873535156,9.110664367675781
94.0,-22.5,75.59672546386719,88.67676544189453,10.759134292602539,173.79234313964844,9.110664367675781
95.0,-22.5,75.14828491210938,89.99071502685547,10.866962432861328,174.09800720214844,9.110664367675781
96.0,-22.5,74.82225036621094,91.24313354492188,10.945358276367188,174.479248046875,9.110664367675781
97.0,-22.5,74.49742889404297,92.49664306640625,11.023460388183594,174.8368377685547,9.110664367675781
98.0,-22.5,74.34884643554688,93.66995239257812,11.05919075012207,175.32028198242188,9.110664367675781
99.0,-22.5,74.20068359375,94.8491439819336,11.09481430053711,175.78237915039062,9.110664367675781
100.0,-22.5,74.14839172363281,95.99256134033203,11.107389450073242,176.30601501464844,9.110664367675781
101.0,-22.5,74.18942260742188,97.1052474975586,11.097518920898438,176.8910369873047,9.110664367675781
102.0,-22.5,74.33407592773438,98.18704223632812,11.062740325927734,177.54844665527344,9.110664367675781
103.0,-22.5,74.49451446533203,99.27629852294922,11.024162292480469,178.20191955566406,9.110664367675781
104.0,-22.5,74.67823791503906,100.37066650390625,10.979988098144531,178.85824584960938,9.110664367675781
105.0,-22.5,75.00850677490234,101.42727661132812,10.900575637817383,179.6289520263672,9.110664367675781
106.0,-22.5,75.32593536376953,102.50675201416016,10.824249267578125,180.3714141845703,9.110664367675781
107.0,-22.5,75.7882080078125,103.55732727050781,10.713098526000977,181.22935485839844,9.110664367675781
108.0,-22.5,76.24436950683594,104.63198852539062,10.603410720825195,182.06573486328125,9.110664367675781
109.0,-22.5,76.82743835449219,105.69156646728516,10.463211059570312,183.00315856933594,9.110664367675781
110.0,-22.5,77.43730163574219,106.76943969726562,10.316572189331055,183.9497528076172,9.110664367675781
111.0,-22.5,78.20787811279297,107.83212280273438,10.13128662109375,185.03060913085938,9.110664367675781
112.0,-22.5,78.94776153564453,108.93355560302734,9.953386306762695,186.06727600097656,9.110664367675781
113.0,-22.5,79.79959869384766,110.03987121582031,9.74856185913086,187.19326782226562,9.110664367675781
114.0,-22.5,80.69706726074219,111.17018127441406,9.53276252746582,188.3462677001953,9.110664367675781
115.0,-22.5,81.69572448730469,112.31590270996094,9.292640686035156,189.5787811279297,9.110664367675781
116.0,-22.5,82.68159484863281,113.50178527832031,9.055582046508789,190.7821044921875,9.110664367675781
117.0,-22.5,83.71598052978516,114.71723937988281,8.806869506835938,192.01388549804688,9.110664367675781
118.0,-22.5,84.64849090576172,115.98580932617188,8.582643508911133,193.12916564941406,9.110664367675781
119.0,-22.5,85.41883850097656,117.30960845947266,8.397420883178711,194.06822204589844,9.110664367675781
120.0,-22.5,86.03912353515625,118.6788558959961,8.248270034790039,194.84085083007812,9.110664367675781
121.0,-22.5,86.68171691894531,120.06974792480469,8.093755722045898,195.61212158203125,9.110664367675781
122.0,-22.5,87.14407348632812,121.49826049804688,7.982585906982422,196.18548583984375,9.110664367675781
123.0,-22.5,87.40782165527344,122.95584869384766,7.919172286987305,196.5419464111328,9.110664367675781
124.0,-22.5,87.58436584472656,124.42745208740234,7.876716613769531,196.78855895996094,9.110664367675781
125.0,-22.5,87.74791717529297,125.90648651123047,7.837392807006836,196.9969482421875,9.110664367675781
126.0,-22.5,88.13887786865234,127.39004516601562,7.743385314941406,197.4002685546875,9.110664367675781
127.0,-22.5,45.990108489990234,128.4683074951172,17.87802505493164,156.48806762695312,9.110664367675781
128.0,-22.5,41.051876068115234,129.1150360107422,19.06542205810547,151.6818389892578,9.110664367675781
129.0,-22.5,39.3027458190918,129.73358154296875,19.486000061035156,149.9604949951172,9.110664367675781
130.0,-22.5,37.99265670776367,130.3190155029297,19.801010131835938,148.65553283691406,9.110664367675781
131.0,-22.5,36.877010345458984,130.87452697753906,20.069263458251953,147.5302734375,9.110664367675781
132.0,-22.5,35.943519592285156,131.40869140625,20.293720245361328,146.57313537597656,9.110664367675781
133.0,-22.5,35.098087310791016,131.9201202392578,20.497007369995117,145.6934051513672,9.110664367675781
134.0,-22.5,34.27129364013672,132.40431213378906,20.6958065032959,144.8245849609375,9.110664367675781
135.0,-22.5,33.52605438232422,132.87120056152344,20.875,144.02769470214844,9.110664367675781
136.0,-22.5,32.91493225097656,133.33331298828125,21.021942138671875,143.35313415527344,9.110664367675781
137.0,-22.5,32.31201934814453,133.7748565673828,21.166913986206055,142.6802520751953,9.110664367675781
138.0,-22.5,31.754154205322266,134.20333862304688,21.30105209350586,142.04457092285156,9.110664367675781
139.0,-22.5,31.141223907470703,134.5997772216797,21.44843101501465,141.351318359375,9.110664367675781
140.0,-22.5,30.556880950927734,134.98046875,21.58893394470215,140.68057250976562,9.110664367675781
141.0,-22.5,29.795547485351562,135.29653930664062,21.77199935913086,139.8394317626953,9.110664367675781
142.0,-22.5,29.332836151123047,135.6632843017578,21.883255004882812,139.2754669189453,9.110664367675781
143.0,-22.5,28.581619262695312,135.93267822265625,22.063884735107422,138.43896484375,9.110664367675781
144.0,-22.5,28.056499481201172,136.24156188964844,22.19015121459961,137.8108367919922,9.110664367675781
145.0,-22.5,27.42742919921875,136.4988250732422,22.341407775878906,137.08453369140625,9.110664367675781
146.0,-22.5,26.820192337036133,136.7404022216797,22.48741912841797,136.37730407714844,9.110664367675781
147.0,-22.5,26.30120849609375,136.99005126953125,22.61220932006836,135.74969482421875,9.110664367675781
148.0,-22.5,25.736318588256836,137.20413208007812,22.748035430908203,135.0795440673828,9.110664367675781
149.0,-22.5,25.170780181884766,137.39735412597656,22.884017944335938,134.40878295898438,9.110664367675781
150.0,-22.5,24.636734008789062,137.58226013183594,23.012432098388672,133.7665252685547,9.110664367675781
151.0,-22.5,24.20431137084961,137.78871154785156,23.11640739440918,133.2145233154297,9.110664367675781
152.0,-22.5,23.845287322998047,138.00961303710938,23.20273208618164,132.72637939453125,9.110664367675781
153.0,-22.5,23.341930389404297,138.15382385253906,23.323766708374023,132.11183166503906,9.110664367675781
154.0,-22.5,22.94231414794922,138.32630920410156,23.41985511779785,131.58799743652344,9.110664367675781
155.0,-22.5,22.556840896606445,138.49021911621094,23.51253890991211,131.07647705078125,9.110664367675781
156.0,-22.5,22.23134994506836,138.668212890625,23.590805053710938,130.61598205566406,9.110664367675781
157.0,-22.5,21.892824172973633,138.82693481445312,23.672203063964844,130.14431762695312,9.110664367675781
158.0,-22.5,21.54201889038086,138.96624755859375,23.756553649902344,129.6627655029297,9.110664367675781
159.0,-22.5,21.289325714111328,139.1433868408203,23.817312240600586,129.2622528076172,9.110664367675781
160.0,-22.5,21.010929107666016,139.29611206054688,23.884252548217773,128.84027099609375,9.110664367675781
161.0,-22.5,20.688886642456055,139.41351318359375,23.961687088012695,128.38343811035156,9.110664367675781
162.0,-22.5,20.480140686035156,139.58242797851562,24.011878967285156,128.0172119140625,9.110664367675781
163.0,-22.5,20.281204223632812,139.7477569580078,24.05971336364746,127.6578140258789,9.110664367675781
164.0,-22.5,20.07498550415039,139.8997802734375,24.10930061340332,127.29202270507812,9.110664367675781
165.0,-22.5,19.87881851196289,140.04873657226562,24.15646743774414,126.93341064453125,9.110664367675781
166.0,-22.5,19.694377899169922,140.19607543945312,24.200817108154297,126.5831298828125,9.110664367675781
167.0,-22.5,19.496509552001953,140.326416015625,24.248394012451172,126.2224349975586,9.110664367675781
168.0,-22.5,19.33675765991211,140.47247314453125,24.286808013916016,125.88939666748047,9.110664367675781
169.0,-22.5,19.20177459716797,140.626953125,24.319263458251953,125.57337951660156,9.110664367675781
170.0,-22.5,19.049591064453125,140.76271057128906,24.35585594177246,125.24418640136719,9.110664367675781
171.0,-22.5,18.916736602783203,140.90402221679688,24.387798309326172,124.92782592773438,9.110664367675781
172.0,-22.5,18.80352783203125,141.05181884765625,24.415019989013672,124.62399291992188,9.110664367675781
173.0,-22.5,18.65778923034668,141.17002868652344,24.45006561279297,124.29730224609375,9.110664367675781
174.0,-22.5,18.562244415283203,141.31680297851562,24.473037719726562,124.0032730102539,9.110664367675781
175.0,-22.5,18.483837127685547,141.46981811523438,24.491891860961914,123.71893310546875,9.110664367675781
176.0,-22.5,18.4345645904541,141.6385040283203,24.50373649597168,123.45130920410156,9.110664367675781
177.0,-22.5,18.352401733398438,141.7772979736328,24.52349281311035,123.16114807128906,9.110664367675781
178.0,-22.5,18.27424430847168,141.91317749023438,24.542285919189453,122.87210845947266,9.110664367675781
179.0,-22.5,18.19268035888672,142.04055786132812,24.561899185180664,122.57976531982422,9.110664367675781
180.0,-22.5,18.086238861083984,142.14254760742188,24.587493896484375,122.27202606201172,9.110664367675781
181.0,-22.5,18.020078659057617,142.26995849609375,24.60340118408203,121.9866714477539,9.110664367675781
182.0,-22.5,17.978878021240234,142.41171264648438,24.61330795288086,121.71375274658203,9.110664367675781
183.0,-22.5,17.959463119506836,142.56594848632812,24.617977142333984,121.45062255859375,9.110664367675781
184.0,-22.5,17.93155288696289,142.7084197998047,24.624685287475586,121.18070220947266,9.110664367675781
185.0,-22.5,17.877187728881836,142.82400512695312,24.637760162353516,120.89533996582031,9.110664367675781
186.0,-22.5,17.840633392333984,142.9490203857422,24.64654541015625,120.61756134033203,9.110664367675781
187.0,-22.5,17.84241485595703,143.1012725830078,24.646120071411133,120.35645294189453,9.110664367675781
188.0,-22.5,17.841293334960938,143.24649047851562,24.64638900756836,120.09134674072266,9.110664367675781
189.0,-22.5,17.843374252319336,143.38980102539062,24.645889282226562,119.82521057128906,9.110664367675781
190.0,-22.5,17.84585189819336,143.52880859375,24.645292282104492,119.55674743652344,9.110664367675781
191.0,-22.5,17.841894149780273,143.65748596191406,24.6462459564209,119.2831802368164,9.110664367675781
192.0,-22.5,17.837020874023438,143.78053283691406,24.647418975830078,119.0071029663086,9.110664367675781
193.0,-22.5,17.856924057006836,143.9207763671875,24.64263153076172,118.73855590820312,9.110664367675781
194.0,-22.5,17.883237838745117,144.06219482421875,24.636306762695312,118.46966552734375,9.110664367675781
195.0,-22.5,17.909975051879883,144.19944763183594,24.62987518310547,118.19808197021484,9.110664367675781
196.0,-22.5,17.939939498901367,144.3350372314453,24.622669219970703,117.92481994628906,9.110664367675781
197.0,-22.5,17.98686408996582,144.48153686523438,24.611385345458984,117.65422058105469,9.110664367675781
198.0,-22.5,18.03676986694336,144.6262969970703,24.599390029907227,117.38127136230469,9.110664367675781
199.0,-22.5,18.09250259399414,144.7719268798828,24.585987091064453,117.10672760009766,9.110664367675781
200.0,-22.5,18.165075302124023,144.92869567871094,24.568538665771484,116.8333969116211,9.110664367675781
201.0,-22.5,18.22736167907715,145.07138061523438,24.553558349609375,116.55354309082031,9.110664367675781
202.0,-22.5,18.302091598510742,145.22113037109375,24.53559112548828,116.27322387695312,9.110664367675781
203.0,-22.5,18.396162033081055,145.38453674316406,24.512969970703125,115.99346160888672,9.110664367675781
204.0,-22.5,18.45233917236328,145.50746154785156,24.49946403503418,115.70143127441406,9.110664367675781
205.0,-22.5,18.55491065979004,145.66961669921875,24.474803924560547,115.41527557373047,9.110664367675781
206.0,-22.5,18.64320182800293,145.81344604492188,24.453571319580078,115.12213134765625,9.110664367675781
207.0,-22.5,18.717084884643555,145.9385986328125,24.435806274414062,114.82274627685547,9.110664367675781
208.0,-22.5,18.781177520751953,146.04930114746094,24.420394897460938,114.51860046386719,9.110664367675781
209.0,-22.5,18.957275390625,146.26263427734375,24.3780517578125,114.22554016113281,9.110664367675781
210.0,-22.5,19.089672088623047,146.4290313720703,24.34621810913086,113.92108917236328,9.110664367675781
211.0,-22.5,19.179811477661133,146.5494842529297,24.324542999267578,113.60768127441406,9.110664367675781
212.0,-22.5,19.285120010375977,146.67926025390625,24.29922103881836,113.29182434082031,9.110664367675781
213.0,-22.5,19.41783905029297,146.83018493652344,24.267309188842773,112.97356414794922,9.110664367675781
214.0,-22.5,19.581378936767578,147.0055389404297,24.227985382080078,112.65172576904297,9.110664367675781
215.0,-22.5,19.7318058013916,147.16261291503906,24.191816329956055,112.32379913330078,9.110664367675781
216.0,-22.5,19.868913650512695,147.30105590820312,24.15884780883789,111.99053955078125,9.110664367675781
217.0,-22.5,20.019943237304688,147.44717407226562,24.122535705566406,111.65245819091797,9.110664367675781
218.0,-22.5,20.201492309570312,147.61692810058594,24.078880310058594,111.30850219726562,9.110664367675781
219.0,-22.5,20.432941436767578,147.8289337158203,24.023231506347656,110.95636749267578,9.110664367675781
220.0,-22.5,20.559160232543945,147.93260192871094,23.992877960205078,110.60305786132812,9.110664367675781
221.0,-22.5,20.755634307861328,148.09791564941406,23.945636749267578,110.24041748046875,9.110664367675781
222.0,-22.5,20.931255340576172,148.23643493652344,23.903411865234375,109.87359619140625,9.110664367675781
223.0,-22.5,21.09303855895996,148.35487365722656,23.864511489868164,109.50300598144531,9.110664367675781
224.0,-22.5,21.328535079956055,148.53741455078125,23.80788803100586,109.11823272705078,9.110664367675781
225.0,-22.5,21.56377410888672,148.71240234375,23.751323699951172,108.72642517089844,9.110664367675781
226.0,-22.5,21.818973541259766,148.8990020751953,23.689956665039062,108.324462890625,9.110664367675781
227.0,-22.5,22.01358413696289,149.01998901367188,23.643165588378906,107.92584228515625,9.110664367675781
228.0,-22.5,22.213130950927734,149.1380615234375,23.595184326171875,107.52098083496094,9.110664367675781
229.0,-22.5,22.39287757873535,149.22958374023438,23.551963806152344,107.11499786376953,9.110664367675781
230.0,-22.5,22.782514572143555,149.5113525390625,23.458274841308594,106.65666198730469,9.110664367675781
231.0,-22.5,22.997312545776367,149.61923217773438,23.406627655029297,106.22982025146484,9.110664367675781
232.0,-22.5,23.28826141357422,149.78990173339844,23.336669921875,105.77778625488281,9.110664367675781
233.0,-22.5,23.610952377319336,149.98081970214844,23.25908088684082,105.30931854248047,9.110664367675781
234.0,-22.5,23.818235397338867,150.0551300048828,23.209238052368164,104.8661880493164,9.110664367675781
235.0,-22.5,24.13874626159668,150.22479248046875,23.132171630859375,104.38347625732422,9.110664367675781
236.0,-22.5,24.27503204345703,150.2157440185547,23.099403381347656,103.95266723632812,9.110664367675781
237.0,-22.5,24.55494499206543,150.3289031982422,23.032094955444336,103.47091674804688,9.110664367675781
238.0,-22.5,24.944499969482422,150.53089904785156,22.93842887878418,102.94369506835938,9.110664367675781
239.0,-22.5,25.304187774658203,150.6944122314453,22.851940155029297,102.41804504394531,9.110664367675781
240.0,-22.5,25.541370391845703,150.7373504638672,22.794910430908203,101.93157196044922,9.110664367675781
241.0,-22.5,25.762601852416992,150.75607299804688,22.741714477539062,101.44719696044922,9.110664367675781
242.0,-22.5,25.964670181274414,150.74798583984375,22.693130493164062,100.96722412109375,9.110664367675781
243.0,-22.5,26.177289962768555,150.73916625976562,22.642005920410156,100.47979736328125,9.110664367675781
244.0,-22.5,26.535268783569336,150.8452606201172,22.555931091308594,99.92405700683594,9.110664367675781
245.0,-22.5,26.80875587463379,150.8667755126953,22.490169525146484,99.40045166015625,9.110664367675781
246.0,-22.5,27.06057357788086,150.8585968017578,22.429622650146484,98.88287353515625,9.110664367675781
247.0,-22.5,27.293909072875977,150.8238067626953,22.373516082763672,98.37095642089844,9.110664367675781
248.0,-22.5,27.54043960571289,150.78895568847656,22.314233779907227,97.84962463378906,9.110664367675781
249.0,-22.5,27.780803680419922,150.7377471923828,22.256441116333008,97.32866668701172,9.110664367675781
250.0,-22.5,28.10797882080078,150.7454376220703,22.177776336669922,96.7586669921875,9.110664367675781
251.0,-22.5,28.27666473388672,150.61341857910156,22.13721466064453,96.27134704589844,9.110664367675781
252.0,-22.5,28.582658767700195,150.5796661376953,22.063636779785156,95.7065200805664,9.110664367675781
253.0,-22.5,28.805221557617188,150.4679718017578,22.010120391845703,95.18643188476562,9.110664367675781
254.0,-22.5,28.987682342529297,150.3140869140625,21.96624755859375,94.68909454345703,9.110664367675781
255.0,-22.5,29.213592529296875,150.1826171875,21.911928176879883,94.1657943725586,9.110664367675781
256.0,-22.5,29.62775421142578,150.1804656982422,21.81234359741211,93.52548217773438,9.110664367675781
257.0,-22.5,29.96169662475586,150.10348510742188,21.73204803466797,92.93058776855469,9.110664367675781
258.0,-22.5,30.28555679321289,150.0050811767578,21.6541748046875,92.33934783935547,9.110664367675781
259.0,-22.5,30.673492431640625,149.93849182128906,21.560897827148438,91.70375061035156,9.110664367675781
260.0,-22.5,31.163101196289062,149.92782592773438,21.443172454833984,90.99658966064453,9.110664367675781
261.0,-22.5,31.604618072509766,149.8657989501953,21.33700942993164,90.31652069091797,9.110664367675781
262.0,-22.5,32.32067108154297,149.97312927246094,21.164833068847656,89.44203186035156,9.110664367675781
263.0,-22.5,32.96974182128906,150.0117645263672,21.008760452270508,88.6046142578125,9.110664367675781
264.0,-22.5,33.79945373535156,150.14598083496094,20.809261322021484,87.62971496582031,9.110664367675781
265.0,-22.5,34.873023986816406,150.40931701660156,20.551122665405273,86.46573638916016,9.110664367675781
266.0,-22.5,36.62461853027344,151.0652618408203,20.12994956970215,84.78437042236328,9.110664367675781
267.0,-22.5,39.817657470703125,152.5574493408203,19.362186431884766,81.99188995361328,9.110664367675781
268.0,-22.5,87.06251525878906,180.5295867919922,8.002197265625,45.63832092285156,9.110664367675781
269.0,-22.5,87.0625,179.36599731445312,8.002197265625,44.731895446777344,9.110664367675781
270.0,-22.5,87.06253051757812,178.18685913085938,8.002197265625,43.84593200683594,9.110664367675781
271.0,-22.5,87.06251525878906,176.9923858642578,8.002197265625,42.98069763183594,9.110664367675781
272.0,-22.5,87.06251525878906,175.7830047607422,8.002197265625,42.136417388916016,9.110664367675781
273.0,-22.5,87.06251525878906,174.5590362548828,8.002197265625,41.313358306884766,9.110664367675781
274.0,-22.5,87.0625,173.32090759277344,8.002197265625,40.511817932128906,9.110664367675781
275.0,-22.5,87.06250762939453,172.0690155029297,8.002197265625,39.731998443603516,9.110664367675781
276.0,-22.5,87.06250762939453,170.80368041992188,8.002197265625,38.974143981933594,9.110664367675781
277.0,-22.5,87.06251525878906,169.52532958984375,8.002197265625,38.23849105834961,9.110664367675781
278.0,-22.5,87.06250762939453,168.2342987060547,8.002197265625,37.525245666503906,9.110664367675781
279.0,-22.5,87.06251525878906,166.9310302734375,8.002197265625,36.834651947021484,9.110664367675781
280.0,-22.5,87.0625,165.6159210205078,8.002197265625,36.16692352294922,9.110664367675781
281.0,-22.5,87.06251525878906,164.28936767578125,8.002197265625,35.5222282409668,9.110664367675781
282.0,-22.5,87.06251525878906,162.95176696777344,8.002197265625,34.900787353515625,9.110664367675781
283.0,-22.5,87.0625228881836,161.6034698486328,8.002197265625,34.30278015136719,9.110664367675781
284.0,-22.5,87.0625,160.24497985839844,8.002197265625,33.72841262817383,9.110664367675781
285.0,-22.5,87.06251525878906,158.87667846679688,8.002197265625,33.177818298339844,9.110664367675781
286.0,-22.5,87.06253051757812,157.49899291992188,8.002197265625,32.65119934082031,9.110664367675781
287.0,-22.5,87.06251525878906,156.11228942871094,8.002197265625,32.14872360229492,9.110664367675781
288.0,-22.5,87.0625228881836,154.71701049804688,8.002197265625,31.670486450195312,9.110664367675781
289.0,-22.5,87.06251525878906,153.31362915039062,8.002197265625,31.21670150756836,9.110664367675781
290.0,-22.5,87.0625228881836,151.9025421142578,8.002197265625,30.78746795654297,9.110664367675781
291.0,-22.5,87.0625228881836,150.4842071533203,8.002197265625,30.382936477661133,9.110664367675781
292.0,-22.5,87.06253051757812,149.05899047851562,8.002197265625,30.003198623657227,9.110664367675781
293.0,-22.5,87.06251525878906,147.62733459472656,8.002197265625,29.648405075073242,9.110664367675781
294.0,-22.5,87.06250762939453,146.1897735595703,8.002197265625,29.31867218017578,9.110664367675781
295.0,-22.5,87.0625228881836,144.7466278076172,8.002197265625,29.01404571533203,9.110664367675781
296.0,-22.5,87.06253051757812,143.2984161376953,8.002197265625,28.73466682434082,9.110664367675781
297.0,-22.5,87.06253051757812,141.8455352783203,8.002197265625,28.480588912963867,9.110664367675781
298.0,-22.5,87.06250762939453,140.38841247558594,8.002197265625,28.25193977355957,9.110664367675781
299.0,-22.5,87.06250762939453,138.9275665283203,8.002197265625,28.048736572265625,9.110664367675781
300.0,-22.5,87.0625,137.46337890625,8.002197265625,27.87106704711914,9.110664367675781
301.0,-22.5,87.0625,135.99632263183594,8.002197265625,27.71896743774414,9.110664367675781
302.0,-22.5,87.06251525878906,134.52679443359375,8.002197265625,27.592491149902344,9.110664367675781
303.0,-22.5,87.06251525878906,133.05532836914062,8.002197265625,27.49168586730957,9.110664367675781
304.0,-22.5,87.0625,131.5823211669922,8.002197265625,27.416584014892578,9.110664367675781
305.0,-22.5,87.06251525878906,130.10821533203125,8.002197265625,27.36719512939453,9.110664367675781
306.0,-22.5,87.06251525878906,128.63348388671875,8.002197265625,27.343538284301758,9.110664367675781
307.0,-22.5,87.06250762939453,127.15853881835938,8.002197265625,27.345630645751953,9.110664367675781
308.0,-22.5,87.0625228881836,125.68389129638672,8.002197265625,27.373445510864258,9.110664367675781
309.0,-22.5,87.06250762939453,124.2099380493164,8.002197265625,27.427017211914062,9.110664367675781
310.0,-22.5,87.06251525878906,122.73715209960938,8.002197265625,27.50628662109375,9.110664367675781
311.0,-22.5,87.06251525878906,121.2659683227539,8.002197265625,27.611249923706055,9.110664367675781
312.0,-22.5,87.0625228881836,119.79679870605469,8.002197265625,27.74188232421875,9.110664367675781
313.0,-22.5,87.0625228881836,118.33018493652344,8.002197265625,27.898120880126953,9.110664367675781
314.0,-22.5,87.06251525878906,116.86650848388672,8.002197265625,28.07994842529297,9.110664367675781
315.0,-22.5,87.03842163085938,115.40972137451172,8.007991790771484,28.31040382385254,9.110664367675781
316.0,-22.5,87.00387573242188,113.95927429199219,8.01629638671875,28.57619285583496,9.110664367675781
317.0,-22.5,86.96560668945312,112.51487731933594,8.025501251220703,28.870716094970703,9.110664367675781
318.0,-22.5,86.92359924316406,111.07725524902344,8.035600662231445,29.193824768066406,9.110664367675781
319.0,-22.5,86.91021728515625,109.64012908935547,8.038820266723633,29.514705657958984,9.110664367675781
320.0,-22.5,86.91020202636719,108.20600891113281,8.038820266723633,29.847951889038086,9.110664367675781
321.0,-22.5,86.8623275756836,106.78960418701172,8.050331115722656,30.25113296508789,9.110664367675781
322.0,-22.5,86.83403015136719,105.37609100341797,8.057132720947266,30.660465240478516,9.110664367675781
323.0,-22.5,86.83207702636719,103.96314239501953,8.057605743408203,31.069761276245117,9.110664367675781
324.0,-22.5,86.76827239990234,102.57572174072266,8.07295036315918,31.560882568359375,9.110664367675781
325.0,-22.5,86.72608947753906,101.19142150878906,8.083087921142578,32.05590057373047,9.110664367675781
326.0,-22.5,86.6622085571289,99.8237075805664,8.09844970703125,32.59462356567383,9.110664367675781
327.0,-22.5,86.64215850830078,98.45162963867188,8.103271484375,33.116939544677734,9.110664367675781
328.0,-22.5,86.56440734863281,97.10982513427734,8.121963500976562,33.715065002441406,9.110664367675781
329.0,-22.5,86.56952667236328,95.74899291992188,8.120738983154297,34.26176071166992,9.110664367675781
330.0,-22.5,86.5294189453125,94.41539001464844,8.130378723144531,34.87238311767578,9.110664367675781
331.0,-22.5,86.48328399658203,93.09568786621094,8.141473770141602,35.5112419128418,9.110664367675781
332.0,-22.5,86.47813415527344,91.77088165283203,8.142711639404297,36.136810302734375,9.110664367675781
333.0,-22.5,86.45326232910156,90.46583557128906,8.148691177368164,36.80248260498047,9.110664367675781
334.0,-22.5,86.4532699584961,89.16181182861328,8.148691177368164,37.46923828125,9.110664367675781
335.0,-22.5,86.46589660644531,87.86376190185547,8.14565658569336,38.14788818359375,9.110664367675781
336.0,-22.5,86.46097564697266,86.58592987060547,8.146835327148438,38.864036560058594,9.110664367675781
337.0,-22.5,86.42523193359375,85.33612823486328,8.15542984008789,39.62805938720703,9.110664367675781
338.0,-22.5,86.35972595214844,84.11549377441406,8.171182632446289,40.438087463378906,9.110664367675781
339.0,-22.5,86.46076965332031,82.82306671142578,8.14688491821289,41.132469177246094,9.110664367675781
340.0,-22.5,86.50090026855469,81.57423400878906,8.137235641479492,41.89950942993164,9.110664367675781
341.0,-22.5,86.53953552246094,80.33919525146484,8.127944946289062,42.689815521240234,9.110664367675781
342.0,-22.5,86.62451171875,79.09146881103516,8.107513427734375,43.46533203125,9.110664367675781
343.0,-22.5,86.75999450683594,77.82708740234375,8.074935913085938,44.22398376464844,9.110664367675781
344.0,-22.5,86.87188720703125,76.58827209472656,8.048036575317383,45.02411651611328,9.110664367675781
345.0,-22.5,86.97715759277344,75.36611938476562,8.022726058959961,45.85194396972656,9.110664367675781
346.0,-22.5,87.01482391357422,74.19898986816406,8.013662338256836,46.75269317626953,9.110664367675781
347.0,-22.5,87.06251525878906,73.0409927368164,8.002197265625,47.66667175292969,9.110664367675781
348.0,-22.5,87.06205749511719,71.92951965332031,8.002304077148438,48.63620376586914,9.110664367675781
349.0,-22.5,86.6597900390625,71.09904479980469,8.09903335571289,49.91217803955078,9.110664367675781
350.0,-22.5,86.6309814453125,70.0460433959961,8.105958938598633,50.93518829345703,9.110664367675781
351.0,-22.5,86.6015853881836,69.01177978515625,8.113029479980469,51.97652053833008,9.110664367675781
352.0,-22.5,86.64323425292969,67.94696807861328,8.10301399230957,52.987098693847656,9.110664367675781
353.0,-22.5,86.37763214111328,67.11609649658203,8.166879653930664,54.221595764160156,9.110664367675781
354.0,-22.5,85.94828796386719,66.42727661132812,8.270111083984375,55.57432174682617,9.110664367675781
355.0,-22.5,85.3267822265625,65.90692138671875,8.419551849365234,57.05685806274414,9.110664367675781
356.0,-22.5,84.40098571777344,65.64424133300781,8.642156600952148,58.731815338134766,9.110664367675781
357.0,-22.5,83.20974731445312,65.61997985839844,8.928592681884766,60.56266403198242,9.110664367675781
358.0,-22.5,81.78299713134766,65.81945037841797,9.271650314331055,62.52000045776367,9.110664367675781
359.0,-22.5,80.25077819824219,66.14922332763672,9.640073776245117,64.5167007446289,9.110664367675781
