angle,vert_angle,dist,x,y,z,height
254.0,22.5,49.965919494628906,252.552734375,17.687122344970703,54.794158935546875,7.991174697875977
255.0,22.5,49.854942321777344,253.3610382080078,17.665721893310547,54.495697021484375,7.991174697875977
243.0,16.875,49.5367317199707,243.9483184814453,15.284584045410156,55.893890380859375,7.991174697875977
244.0,16.875,48.51800537109375,244.74363708496094,15.135836601257324,54.84523010253906,7.991174697875977
245.0,16.875,47.32730484008789,245.4900360107422,14.961978912353516,53.61439895629883,7.991174697875977
246.0,16.875,46.5153923034668,246.22930908203125,14.843429565429688,52.74555206298828,7.991174697875977
247.0,16.875,45.80974578857422,246.9510040283203,14.740395545959473,51.9698486328125,7.991174697875977
248.0,16.875,45.131038665771484,247.65036010742188,14.64129638671875,51.20956039428711,7.991174697875977
249.0,16.875,44.389488220214844,248.31573486328125,14.53302001953125,50.377262115478516,7.991174697875977
250.0,16.875,43.9494743347168,249.00228881835938,14.468771934509277,49.82979202270508,7.991174697875977
251.0,16.875,43.43021011352539,249.65760803222656,14.392953872680664,49.194602966308594,7.991174697875977
252.0,16.875,43.02046203613281,250.3142547607422,14.333126068115234,48.655982971191406,7.991174697875977
253.0,16.875,42.70043182373047,250.97348022460938,14.286395072937012,48.19413757324219,7.991174697875977
254.0,16.875,42.640289306640625,251.67852783203125,14.27761459350586,47.97223663330078,7.991174697875977
255.0,16.875,42.41347885131836,252.3377227783203,14.244495391845703,47.57857894897461,7.991174697875977
256.0,16.875,42.46149826049805,253.05812072753906,14.251508712768555,47.43667221069336,7.991174697875977
257.0,16.875,42.40345001220703,253.74722290039062,14.24303150177002,47.18128967285156,7.991174697875977
258.0,16.875,42.675899505615234,254.52828979492188,14.28281307220459,47.22629165649414,7.991174697875977
259.0,16.875,43.12725067138672,255.37025451660156,14.348716735839844,47.4241828918457,7.991174697875977
260.0,16.875,43.368873596191406,256.1541748046875,14.383995056152344,47.409080505371094,7.991174697875977
261.0,16.875,44.03184509277344,257.0865783691406,14.48080062866211,47.76969909667969,7.991174697875977
262.0,16.875,44.811946868896484,258.0780334472656,14.594703674316406,48.21782684326172,7.991174697875977
263.0,16.875,45.80377960205078,259.1693115234375,14.739523887634277,48.83729934692383,7.991174697875977
264.0,16.875,47.137351989746094,260.4210510253906,14.934243202209473,49.741355895996094,7.991174697875977
265.0,16.875,48.869728088378906,261.87213134765625,15.187192916870117,50.97353744506836,7.991174697875977
237.0,11.25,48.94905471801758,239.34776306152344,12.837692260742188,55.57508850097656,7.991174697875977
238.0,11.25,46.986263275146484,240.26686096191406,12.645774841308594,53.66070556640625,7.991174697875977
239.0,11.25,45.49546432495117,241.10975646972656,12.500008583068848,52.19931411743164,7.991174697875977
240.0,11.25,43.35029220581055,241.9016876220703,12.290260314941406,50.07195281982422,7.991174697875977
241.0,11.25,41.4973030090332,242.6239013671875,12.109078407287598,48.22212219238281,7.991174697875977
242.0,11.25,39.91618347167969,243.29078674316406,11.954482078552246,46.63120651245117,7.991174697875977
243.0,11.25,38.245487213134766,243.89779663085938,11.79112434387207,44.94103240966797,7.991174697875977
244.0,11.25,36.939884185791016,244.47128295898438,11.663466453552246,43.60475158691406,7.991174697875977
245.0,11.25,35.51530075073242,244.98854064941406,11.524173736572266,42.142459869384766,7.991174697875977
246.0,11.25,34.392208099365234,245.48667907714844,11.414360046386719,40.97214126586914,7.991174697875977
247.0,11.25,33.2941780090332,245.9479522705078,11.30699634552002,39.82025909423828,7.991174697875977
248.0,11.25,32.85121536254883,246.46035766601562,11.26368522644043,39.30863952636719,7.991174697875977
249.0,11.25,32.27322006225586,246.9352264404297,11.207171440124512,38.656532287597656,7.991174697875977
250.0,11.25,31.640216827392578,247.37930297851562,11.14527702331543,37.94396209716797,7.991174697875977
251.0,11.25,31.483501434326172,247.8900909423828,11.12995433807373,37.691123962402344,7.991174697875977
252.0,11.25,31.0104923248291,248.32855224609375,11.083703994750977,37.12199020385742,7.991174697875977
253.0,11.25,30.96487045288086,248.8443145751953,11.079244613647461,36.961585998535156,7.991174697875977
254.0,11.25,30.588394165039062,249.27706909179688,11.042431831359863,36.47282409667969,7.991174697875977
255.0,11.25,30.401939392089844,249.74366760253906,11.024201393127441,36.16093063354492,7.991174697875977
256.0,11.25,30.383359909057617,250.24755859375,11.022384643554688,36.002437591552734,7.991174697875977
257.0,11.25,30.440650939941406,250.7703094482422,11.027985572814941,35.907493591308594,7.991174697875977
258.0,11.25,30.38042449951172,251.25621032714844,11.022098541259766,35.69188690185547,7.991174697875977
259.0,11.25,30.478858947753906,251.78860473632812,11.031722068786621,35.61749267578125,7.991174697875977
260.0,11.25,30.676734924316406,252.35498046875,11.051069259643555,35.62628173828125,7.991174697875977
261.0,11.25,30.82468605041504,252.90687561035156,11.065536499023438,35.577579498291016,7.991174697875977
262.0,11.25,31.105121612548828,253.50953674316406,11.09295654296875,35.64059829711914,7.991174697875977
263.0,11.25,31.544694900512695,254.17945861816406,11.135936737060547,35.83707046508789,7.991174697875977
264.0,11.25,32.01618194580078,254.87261962890625,11.182037353515625,36.04780197143555,7.991174697875977
265.0,11.25,32.63661575317383,255.63934326171875,11.24270248413086,36.37740707397461,7.991174697875977
266.0,11.25,33.09014892578125,256.3487243652344,11.28704833984375,36.53961181640625,7.991174697875977
267.0,11.25,33.9854850769043,257.2671813964844,11.374591827392578,37.07781982421875,7.991174697875977
268.0,11.25,34.88739013671875,258.2117614746094,11.462777137756348,37.59851837158203,7.991174697875977
269.0,11.25,36.05292892456055,259.30609130859375,11.576742172241211,38.32476043701172,7.991174697875977
270.0,11.25,38.04840087890625,260.84295654296875,11.77185344696045,39.73746871948242,7.991174697875977
271.0,11.25,41.713436126708984,263.28875732421875,12.130210876464844,42.530487060546875,7.991174697875977
231.0,5.625,31.287235260009766,237.2154541015625,9.572145462036133,37.8210563659668,7.991174697875977
232.0,5.625,27.70271873474121,238.23428344726562,9.397936820983887,34.35063934326172,7.991174697875977
233.0,5.625,26.10568618774414,238.89920043945312,9.320320129394531,32.826778411865234,7.991174697875977
234.0,5.625,24.789297103881836,239.48194885253906,9.256343841552734,31.567476272583008,7.991174697875977
235.0,5.625,24.083118438720703,239.96998596191406,9.222023010253906,30.90357208251953,7.991174697875977
236.0,5.625,23.46735954284668,240.42823791503906,9.192096710205078,30.320472717285156,7.991174697875977
237.0,5.625,22.893835067749023,240.8635711669922,9.164222717285156,29.77100944519043,7.991174697875977
238.0,5.625,22.358810424804688,241.27813720703125,9.13822078704834,29.252090454101562,7.991174697875977
239.0,5.625,21.751134872436523,241.6750946044922,9.108687400817871,28.653257369995117,7.991174697875977
240.0,5.625,21.39161491394043,242.0523223876953,9.091215133666992,28.295413970947266,7.991174697875977
241.0,5.625,21.153457641601562,242.4197540283203,9.07964038848877,28.052316665649414,7.991174697875977
242.0,5.625,20.79368019104004,242.77381896972656,9.062154769897461,27.681598663330078,7.991174697875977
243.0,5.625,20.57156753540039,243.123046875,9.051360130310059,27.442337036132812,7.991174697875977
244.0,5.625,20.200395584106445,243.4530029296875,9.033321380615234,27.048812866210938,7.991174697875977
245.0,5.625,20.127164840698242,243.79713439941406,9.029762268066406,26.94644546508789,7.991174697875977
246.0,5.625,19.89411163330078,244.12060546875,9.01843547821045,26.679548263549805,7.991174697875977
247.0,5.625,19.55540657043457,244.42189025878906,9.001974105834961,26.30286407470703,7.991174697875977
248.0,5.625,19.525367736816406,244.7552947998047,9.00051498413086,26.22684097290039,7.991174697875977
249.0,5.625,19.363821029663086,245.0655517578125,8.992663383483887,26.01546859741211,7.991174697875977
250.0,5.625,19.325504302978516,245.3913116455078,8.990800857543945,25.920291900634766,7.991174697875977
251.0,5.625,19.20079231262207,245.6977996826172,8.984739303588867,25.73495101928711,7.991174697875977
252.0,5.625,19.024169921875,245.98780822753906,8.976156234741211,25.49407958984375,7.991174697875977
253.0,5.625,19.006738662719727,246.30718994140625,8.975308418273926,25.403594970703125,7.991174697875977
254.0,5.625,19.02762222290039,246.63409423828125,8.976324081420898,25.344709396362305,7.991174697875977
255.0,5.625,18.989700317382812,246.94476318359375,8.974480628967285,25.223379135131836,7.991174697875977
256.0,5.625,18.933353424072266,247.2474822998047,8.971742630004883,25.079158782958984,7.991174697875977
257.0,5.625,18.97414779663086,247.57554626464844,8.973725318908691,25.022602081298828,7.991174697875977
258.0,5.625,18.9416446685791,247.8802490234375,8.972145080566406,24.890605926513672,7.991174697875977
259.0,5.625,19.030258178710938,248.22207641601562,8.976451873779297,24.867660522460938,7.991174697875977
260.0,5.625,19.164213180541992,248.5806427001953,8.982961654663086,24.880693435668945,7.991174697875977
261.0,5.625,19.24547576904297,248.92242431640625,8.98691177368164,24.83761215209961,7.991174697875977
262.0,5.625,19.271991729736328,249.24395751953125,8.988200187683105,24.737455368041992,7.991174697875977
263.0,5.625,19.280336380004883,249.5569305419922,8.988605499267578,24.61486053466797,7.991174697875977
264.0,5.625,19.373817443847656,249.90286254882812,8.993148803710938,24.56425666809082,7.991174697875977
265.0,5.625,19.51443862915039,250.26947021484375,8.999983787536621,24.549501419067383,7.991174697875977
266.0,5.625,19.767932891845703,250.6879425048828,9.012303352355957,24.62834358215332,7.991174697875977
267.0,5.625,20.037578582763672,251.11907958984375,9.025407791137695,24.712207794189453,7.991174697875977
268.0,5.625,20.26500701904297,251.53575134277344,9.036460876464844,24.74922752380371,7.991174697875977
269.0,5.625,20.429744720458984,251.9258575439453,9.044466972351074,24.72244644165039,7.991174697875977
270.0,5.625,20.64337158203125,252.34255981445312,9.054849624633789,24.729595184326172,7.991174697875977
271.0,5.625,20.866456985473633,252.76742553710938,9.065691947937012,24.73563575744629,7.991174697875977
272.0,5.625,21.226112365722656,253.2685546875,9.083170890808105,24.84749412536621,7.991174697875977
273.0,5.625,21.60900115966797,253.78958129882812,9.10177993774414,24.966583251953125,7.991174697875977
274.0,5.625,22.03443717956543,254.34210205078125,9.122455596923828,25.107948303222656,7.991174697875977
275.0,5.625,22.68404769897461,255.0325164794922,9.154026985168457,25.418136596679688,7.991174697875977
276.0,5.625,23.152587890625,255.6303253173828,9.176797866821289,25.56386375427246,7.991174697875977
277.0,5.625,23.76421356201172,256.3237609863281,9.206522941589355,25.80790138244629,7.991174697875977
278.0,5.625,24.679866790771484,257.218017578125,9.25102424621582,26.271549224853516,7.991174697875977
279.0,5.625,25.98790740966797,258.3809814453125,9.314596176147461,27.012741088867188,7.991174697875977
280.0,5.625,26.86919403076172,259.2984313964844,9.357427597045898,27.3939151763916,7.991174697875977
281.0,5.625,29.357669830322266,261.2937927246094,9.478367805480957,28.95473289489746,7.991174697875977
142.0,0.0,47.25689697265625,195.0913543701172,8.002197265625,0.7016725540161133,7.991174697875977
143.0,0.0,47.25688934326172,194.98980712890625,8.002197265625,1.5201727151870728,7.991174697875977
144.0,0.0,47.256900787353516,194.9025421142578,8.002197265625,2.340325117111206,7.991174697875977
145.0,0.0,47.25689697265625,194.82962036132812,8.002197265625,3.161868095397949,7.991174697875977
146.0,0.0,47.25689697265625,194.7710418701172,8.002197265625,3.9845573902130127,7.991174697875977
147.0,0.0,47.25690460205078,194.72682189941406,8.002197265625,4.808159351348877,7.991174697875977
148.0,0.0,47.25688934326172,194.69700622558594,8.002197265625,5.632392406463623,7.991174697875977
149.0,0.0,47.256893157958984,194.6815643310547,8.002197265625,6.457029342651367,7.991174697875977
150.0,0.0,47.25689697265625,194.68051147460938,8.002197265625,7.281800746917725,7.991174697875977
151.0,0.0,47.256893157958984,194.69386291503906,8.002197265625,8.10647964477539,7.991174697875977
152.0,0.0,47.25688934326172,194.7216033935547,8.002197265625,8.930785179138184,7.991174697875977
153.0,0.0,47.25691223144531,194.76370239257812,8.002197265625,9.754481315612793,7.991174697875977
154.0,0.0,47.25688171386719,194.82022094726562,8.002197265625,10.577330589294434,7.991174697875977
155.0,0.0,47.25690460205078,194.8910369873047,8.002197265625,11.399056434631348,7.991174697875977
156.0,0.0,47.25690460205078,194.97621154785156,8.002197265625,12.219432830810547,7.991174697875977
157.0,0.0,47.256893157958984,195.07569885253906,8.002197265625,13.038182258605957,7.991174697875977
158.0,0.0,47.25688552856445,195.189453125,8.002197265625,13.855072021484375,7.991174697875977
159.0,0.0,47.25688934326172,195.31744384765625,8.002197265625,14.669866561889648,7.991174697875977
160.0,0.0,47.25691223144531,195.45960998535156,8.002197265625,15.48228931427002,7.991174697875977
161.0,0.0,47.25690460205078,195.615966796875,8.002197265625,16.292123794555664,7.991174697875977
162.0,0.0,47.256900787353516,195.7864227294922,8.002197265625,17.099088668823242,7.991174697875977
163.0,0.0,47.25690841674805,195.97093200683594,8.002197265625,17.902957916259766,7.991174697875977
164.0,0.0,47.25690460205078,196.16944885253906,8.002197265625,18.703493118286133,7.991174697875977
165.0,0.0,47.25688552856445,196.38192749023438,8.002197265625,19.500429153442383,7.991174697875977
166.0,0.0,47.256900787353516,196.60824584960938,8.002197265625,20.29355239868164,7.991174697875977
167.0,0.0,47.25689697265625,196.848388671875,8.002197265625,21.082595825195312,7.991174697875977
168.0,0.0,47.25688552856445,197.10227966308594,8.002197265625,21.867334365844727,7.991174697875977
169.0,0.0,47.25689697265625,197.3697967529297,8.002197265625,22.64751434326172,7.991174697875977
170.0,0.0,47.25690460205078,197.65089416503906,8.002197265625,23.42290496826172,7.991174697875977
171.0,0.0,47.25688552856445,197.9455108642578,8.002197265625,24.193275451660156,7.991174697875977
172.0,0.0,47.25689697265625,198.2534942626953,8.002197265625,24.958389282226562,7.991174697875977
173.0,0.0,47.25689697265625,198.57479858398438,8.002197265625,25.718008041381836,7.991174697875977
174.0,0.0,47.25688934326172,198.90931701660156,8.002197265625,26.471904754638672,7.991174697875977
175.0,0.0,47.25689697265625,199.25692749023438,8.002197265625,27.2198486328125,7.991174697875977
176.0,0.0,47.25689697265625,199.61753845214844,8.002197265625,27.961612701416016,7.991174697875977
177.0,0.0,47.25690460205078,199.9910430908203,8.002197265625,28.69696807861328,7.991174697875977
178.0,0.0,47.25689697265625,200.37733459472656,8.002197265625,29.425697326660156,7.991174697875977
179.0,0.0,47.25688934326172,200.7762908935547,8.002197265625,30.14756965637207,7.991174697875977
180.0,0.0,47.25690460205078,201.18775939941406,8.002197265625,30.862377166748047,7.991174697875977
181.0,0.0,47.256900787353516,201.6116485595703,8.002197265625,31.569881439208984,7.991174697875977
182.0,0.0,47.25689697265625,202.04783630371094,8.002197265625,32.26988983154297,7.991174697875977
183.0,0.0,47.25690460205078,202.49615478515625,8.002197265625,32.962181091308594,7.991174697875977
184.0,0.0,47.256900787353516,202.9564971923828,8.002197265625,33.64653396606445,7.991174697875977
185.0,0.0,47.25690460205078,203.4287109375,8.002197265625,34.32275390625,7.991174697875977
186.0,0.0,47.25688171386719,203.9126739501953,8.002197265625,34.99061965942383,7.991174697875977
187.0,0.0,47.25689697265625,204.40818786621094,8.002197265625,35.64994812011719,7.991174697875977
188.0,0.0,47.25691223144531,204.91513061523438,8.002197265625,36.300533294677734,7.991174697875977
189.0,0.0,47.256893157958984,205.43338012695312,8.002197265625,36.9421501159668,7.991174697875977
190.0,0.0,47.25689697265625,205.96273803710938,8.002197265625,37.574649810791016,7.991174697875977
191.0,0.0,47.25689697265625,206.5030517578125,8.002197265625,38.19780349731445,7.991174697875977
192.0,0.0,47.256893157958984,207.05416870117188,8.002197265625,38.81143569946289,7.991174697875977
193.0,0.0,47.25689697265625,207.6158905029297,8.002197265625,39.41535186767578,7.991174697875977
194.0,0.0,47.25688934326172,208.18807983398438,8.002197265625,40.009368896484375,7.991174697875977
195.0,0.0,47.25691223144531,208.77052307128906,8.002197265625,40.593318939208984,7.991174697875977
196.0,0.0,47.25688934326172,209.3631134033203,8.002197265625,41.16700744628906,7.991174697875977
197.0,0.0,47.25690460205078,209.96559143066406,8.002197265625,41.73027801513672,7.991174697875977
198.0,0.0,47.25690460205078,210.57781982421875,8.002197265625,42.28293228149414,7.991174697875977
199.0,0.0,47.25690460205078,211.19960021972656,8.002197265625,42.824825286865234,7.991174697875977
200.0,0.0,47.25689697265625,211.83074951171875,8.002197265625,43.35578155517578,7.991174697875977
201.0,0.0,47.25688934326172,212.4710693359375,8.002197265625,43.875640869140625,7.991174697875977
202.0,0.0,47.25689697265625,213.12034606933594,8.002197265625,44.38425064086914,7.991174697875977
203.0,0.0,47.256900787353516,213.77841186523438,8.002197265625,44.88145446777344,7.991174697875977
204.0,0.0,47.25691223144531,214.44503784179688,8.002197265625,45.367088317871094,7.991174697875977
205.0,0.0,47.256900787353516,215.1200714111328,8.002197265625,45.84102249145508,7.991174697875977
206.0,0.0,23.576526641845703,228.89837646484375,8.02694034576416,26.57298469543457,7.991174697875977
207.0,0.0,21.98268699645996,230.1012725830078,8.028605461120605,25.454395294189453,7.991174697875977
208.0,0.0,20.42906379699707,231.2398223876953,8.030228614807129,24.3344669342041,7.991174697875977
209.0,0.0,19.568204879760742,231.9830780029297,8.031128883361816,23.77730941772461,7.991174697875977
210.0,0.0,18.081193923950195,233.01251220703125,8.032682418823242,22.6551513671875,7.991174697875977
211.0,0.0,17.27027130126953,233.67616271972656,8.033529281616211,22.096328735351562,7.991174697875977
212.0,0.0,16.479082107543945,234.30833435058594,8.034356117248535,21.536842346191406,7.991174697875977
213.0,0.0,15.706465721130371,234.91004943847656,8.035163879394531,20.97673797607422,7.991174697875977
214.0,0.0,15.577668190002441,235.21188354492188,8.035298347473145,20.981042861938477,7.991174697875977
215.0,0.0,15.455482482910156,235.50894165039062,8.035426139831543,20.985130310058594,7.991174697875977
216.0,0.0,14.876667022705078,235.98670959472656,8.036030769348145,20.564647674560547,7.991174697875977
217.0,0.0,14.282159805297852,236.4537811279297,8.036651611328125,20.117435455322266,7.991174697875977
218.0,0.0,13.909904479980469,236.8216552734375,8.037040710449219,19.864927291870117,7.991174697875977
219.0,0.0,13.819884300231934,237.079833984375,8.037135124206543,19.86794090270996,7.991174697875977
220.0,0.0,13.688028335571289,237.35055541992188,8.037272453308105,19.826486587524414,7.991174697875977
221.0,0.0,13.229626655578613,237.7223358154297,8.037751197814941,19.470020294189453,7.991174697875977
222.0,0.0,12.804515838623047,238.0701904296875,8.038195610046387,19.136377334594727,7.991174697875977
223.0,0.0,12.63119125366211,238.33326721191406,8.038376808166504,19.035865783691406,7.991174697875977
224.0,0.0,12.56891918182373,238.56179809570312,8.03844165802002,19.036907196044922,7.991174697875977
225.0,0.0,12.479276657104492,238.79617309570312,8.038535118103027,19.007192611694336,7.991174697875977
226.0,0.0,12.136502265930176,239.087890625,8.038893699645996,18.726953506469727,7.991174697875977
227.0,0.0,11.815385818481445,239.36412048339844,8.039229393005371,18.461448669433594,7.991174697875977
228.0,0.0,11.514129638671875,239.62620544433594,8.039544105529785,18.20944595336914,7.991174697875977
229.0,0.0,11.4542875289917,239.83441162109375,8.039606094360352,18.18921661376953,7.991174697875977
230.0,0.0,11.41999340057373,240.0369415283203,8.039642333984375,18.19036293029785,7.991174697875977
231.0,0.0,11.384702682495117,240.23902893066406,8.039679527282715,18.18689727783203,7.991174697875977
232.0,0.0,11.133126258850098,240.46890258789062,8.039941787719727,17.965415954589844,7.991174697875977
233.0,0.0,11.033825874328613,240.673095703125,8.040045738220215,17.89069366455078,7.991174697875977
234.0,0.0,11.013694763183594,240.8665313720703,8.040066719055176,17.891029357910156,7.991174697875977
235.0,0.0,10.996925354003906,241.05935668945312,8.040083885192871,17.89130973815918,7.991174697875977
236.0,0.0,10.861832618713379,241.25921630859375,8.0402250289917,17.770111083984375,7.991174697875977
237.0,0.0,10.709583282470703,241.45535278320312,8.040384292602539,17.628177642822266,7.991174697875977
238.0,0.0,10.703039169311523,241.64231872558594,8.040390968322754,17.628395080566406,7.991174697875977
239.0,0.0,10.69965648651123,241.82913208007812,8.04039478302002,17.628509521484375,7.991174697875977
240.0,0.0,10.676679611206055,242.0157012939453,8.04041862487793,17.605770111083984,7.991174697875977
241.0,0.0,10.503422737121582,242.19769287109375,8.040599822998047,17.42955207824707,7.991174697875977
242.0,0.0,10.33870792388916,242.37393188476562,8.040772438049316,17.258819580078125,7.991174697875977
243.0,0.0,10.182049751281738,242.54476928710938,8.040935516357422,17.09322738647461,7.991174697875977
244.0,0.0,10.161495208740234,242.72047424316406,8.0409574508667,17.060562133789062,7.991174697875977
245.0,0.0,10.176301002502441,242.89857482910156,8.040942192077637,17.060068130493164,7.991174697875977
246.0,0.0,10.194156646728516,243.0772247314453,8.040923118591309,17.059471130371094,7.991174697875977
247.0,0.0,10.134961128234863,243.24618530273438,8.040985107421875,16.97931480407715,7.991174697875977
248.0,0.0,10.00597858428955,243.40249633789062,8.041119575500488,16.82732582092285,7.991174697875977
249.0,0.0,9.941957473754883,243.5645294189453,8.041186332702637,16.737070083618164,7.991174697875977
250.0,0.0,9.9718656539917,243.74085998535156,8.041155815124512,16.736570358276367,7.991174697875977
251.0,0.0,10.004961967468262,243.91830444335938,8.041120529174805,16.73601722717285,7.991174697875977
252.0,0.0,10.026762008666992,244.09384155273438,8.041097640991211,16.721220016479492,7.991174697875977
253.0,0.0,9.92064380645752,244.23974609375,8.04120922088623,16.578855514526367,7.991174697875977
254.0,0.0,9.866250038146973,244.39427185058594,8.041265487670898,16.4844970703125,7.991174697875977
255.0,0.0,9.910720825195312,244.57247924804688,8.041219711303711,16.48301124572754,7.991174697875977
256.0,0.0,9.958535194396973,244.7523193359375,8.041169166564941,16.48141098022461,7.991174697875977
257.0,0.0,10.009779930114746,244.93394470214844,8.041115760803223,16.479698181152344,7.991174697875977
258.0,0.0,10.064533233642578,245.1174774169922,8.041058540344238,16.477867126464844,7.991174697875977
259.0,0.0,10.12288761138916,245.3030548095703,8.040997505187988,16.47591781616211,7.991174697875977
260.0,0.0,10.184932708740234,245.49081420898438,8.040932655334473,16.47384262084961,7.991174697875977
261.0,0.0,10.120607376098633,245.6333465576172,8.041000366210938,16.35047149658203,7.991174697875977
262.0,0.0,10.047497749328613,245.769287109375,8.04107666015625,16.21693992614746,7.991174697875977
263.0,0.0,10.048296928405762,245.93112182617188,8.041075706481934,16.149354934692383,7.991174697875977
264.0,0.0,10.12501049041748,246.12315368652344,8.040995597839355,16.1480712890625,7.991174697875977
265.0,0.0,10.205976486206055,246.3181610107422,8.040910720825195,16.146718978881836,7.991174697875977
266.0,0.0,10.22029972076416,246.48472595214844,8.040895462036133,16.081666946411133,7.991174697875977
267.0,0.0,10.163665771484375,246.61767578125,8.04095458984375,15.950618743896484,7.991174697875977
268.0,0.0,10.186756134033203,246.785400390625,8.04093074798584,15.88784408569336,7.991174697875977
269.0,0.0,10.281844139099121,246.98773193359375,8.040831565856934,15.884665489196777,7.991174697875977
270.0,0.0,10.381790161132812,247.19386291503906,8.040726661682129,15.88132381439209,7.991174697875977
271.0,0.0,10.486818313598633,247.40406799316406,8.040616989135742,15.877812385559082,7.991174697875977
272.0,0.0,10.597118377685547,247.61854553222656,8.040502548217773,15.874124526977539,7.991174697875977
273.0,0.0,10.712945938110352,247.8376007080078,8.04038143157959,15.87025260925293,7.991174697875977
274.0,0.0,10.807284355163574,248.04608154296875,8.040282249450684,15.843706130981445,7.991174697875977
275.0,0.0,10.93714714050293,248.2760009765625,8.040146827697754,15.841535568237305,7.991174697875977
276.0,0.0,11.035032272338867,248.4886932373047,8.040044784545898,15.808294296264648,7.991174697875977
277.0,0.0,11.008374214172363,248.62644958496094,8.040072441101074,15.671416282653809,7.991174697875977
278.0,0.0,11.000936508178711,248.77337646484375,8.040080070495605,15.547492980957031,7.991174697875977
279.0,0.0,11.153802871704102,249.0198211669922,8.039920806884766,15.544937133789062,7.991174697875977
280.0,0.0,11.314407348632812,249.27325439453125,8.039752960205078,15.542252540588379,7.991174697875977
281.0,0.0,11.340871810913086,249.43997192382812,8.039725303649902,15.432723999023438,7.991174697875977
282.0,0.0,11.330497741699219,249.58023071289062,8.039735794067383,15.292813301086426,7.991174697875977
283.0,0.0,11.469430923461914,249.82054138183594,8.039590835571289,15.259024620056152,7.991174697875977
284.0,0.0,11.655190467834473,250.09474182128906,8.039396286010742,15.252814292907715,7.991174697875977
285.0,0.0,11.850563049316406,250.3779296875,8.039192199707031,15.246281623840332,7.991174697875977
286.0,0.0,12.056177139282227,250.67076110839844,8.03897762298584,15.239408493041992,7.991174697875977
287.0,0.0,12.272686004638672,250.97390747070312,8.038751602172852,15.232169151306152,7.991174697875977
288.0,0.0,12.500809669494629,251.28810119628906,8.03851318359375,15.224542617797852,7.991174697875977
289.0,0.0,12.741324424743652,251.6141357421875,8.038261413574219,15.216500282287598,7.991174697875977
290.0,0.0,12.995111465454102,251.95291137695312,8.037996292114258,15.208014488220215,7.991174697875977
291.0,0.0,13.263144493103027,252.305419921875,8.03771686553955,15.199054718017578,7.991174697875977
292.0,0.0,13.546459197998047,252.67271423339844,8.037420272827148,15.189581871032715,7.991174697875977
293.0,0.0,13.84623908996582,253.05599975585938,8.037107467651367,15.179558753967285,7.991174697875977
294.0,0.0,14.163748741149902,253.45654296875,8.036775588989258,15.16894245147705,7.991174697875977
295.0,0.0,14.500443458557129,253.87582397460938,8.036423683166504,15.157686233520508,7.991174697875977
296.0,0.0,14.857898712158203,254.3154296875,8.036049842834473,15.145734786987305,7.991174697875977
297.0,0.0,15.237937927246094,254.77720642089844,8.035653114318848,15.133028984069824,7.991174697875977
298.0,0.0,15.642511367797852,255.2631072998047,8.03523063659668,15.119501113891602,7.991174697875977
299.0,0.0,16.07390022277832,255.7754364013672,8.03477954864502,15.105077743530273,7.991174697875977
300.0,0.0,17.250564575195312,256.93939208984375,8.033550262451172,15.44301986694336,7.991174697875977
301.0,0.0,17.782169342041016,257.55255126953125,8.032994270324707,15.43413257598877,7.991174697875977
302.0,0.0,18.73644256591797,258.54449462890625,8.031997680664062,15.601996421813965,7.991174697875977
303.0,0.0,19.342084884643555,259.2349853515625,8.031364440917969,15.581747055053711,7.991174697875977
304.0,0.0,21.253894805908203,261.1078796386719,8.029367446899414,16.103763580322266,7.991174697875977
305.0,0.0,23.057565689086914,262.9053955078125,8.027482986450195,16.517820358276367,7.991174697875977
306.0,0.0,25.515024185180664,265.3219299316406,8.024914741516113,17.1331729888916,7.991174697875977
307.0,0.0,47.256919860839844,285.57275390625,8.002197265625,25.0692138671875,7.991174697875977
308.0,0.0,47.256919860839844,285.8826904296875,8.002197265625,24.304889678955078,7.991174697875977
309.0,0.0,47.25690841674805,286.1792297363281,8.002197265625,23.53527069091797,7.991174697875977
310.0,0.0,47.256919860839844,286.4623107910156,8.002197265625,22.76059913635254,7.991174697875977
311.0,0.0,47.25693893432617,286.7318420410156,8.002197265625,21.981103897094727,7.991174697875977
312.0,0.0,47.256927490234375,286.9877014160156,8.002197265625,21.196998596191406,7.991174697875977
313.0,0.0,47.25691604614258,287.2298278808594,8.002197265625,20.4085750579834,7.991174697875977
314.0,0.0,47.25690460205078,287.4581604003906,8.002197265625,19.616039276123047,7.991174697875977
315.0,0.0,47.25693130493164,287.67266845703125,8.002197265625,18.81963539123535,7.991174697875977
316.0,0.0,47.25691604614258,287.8731994628906,8.002197265625,18.019617080688477,7.991174697875977
317.0,0.0,47.25694274902344,288.0597839355469,8.002197265625,17.216197967529297,7.991174697875977
318.0,0.0,47.256927490234375,288.2322692871094,8.002197265625,16.409666061401367,7.991174697875977
319.0,0.0,47.25690841674805,288.3906555175781,8.002197265625,15.600248336791992,7.991174697875977
320.0,0.0,47.25691223144531,288.534912109375,8.002197265625,14.788187026977539,7.991174697875977
321.0,0.0,47.25692367553711,288.66497802734375,8.002197265625,13.973735809326172,7.991174697875977
322.0,0.0,47.25691223144531,288.7807922363281,8.002197265625,13.157114028930664,7.991174697875977
323.0,0.0,47.25691604614258,288.8823547363281,8.002197265625,12.33861255645752,7.991174697875977
324.0,0.0,47.25691604614258,288.9696044921875,8.002197265625,11.51846981048584,7.991174697875977
325.0,0.0,47.256927490234375,289.04254150390625,8.002197265625,10.696925163269043,7.991174697875977
326.0,0.0,47.25691223144531,289.1011047363281,8.002197265625,9.874237060546875,7.991174697875977
327.0,0.0,47.256919860839844,289.14532470703125,8.002197265625,9.050625801086426,7.991174697875977
328.0,0.0,47.25690460205078,289.1751403808594,8.002197265625,8.226393699645996,7.991174697875977
329.0,0.0,47.25690841674805,289.1905822753906,8.002197265625,7.401766777038574,7.991174697875977
330.0,0.0,47.256927490234375,289.191650390625,8.002197265625,6.576992988586426,7.991174697875977
331.0,0.0,47.25690841674805,289.17828369140625,8.002197265625,5.752304553985596,7.991174697875977
332.0,0.0,47.25690460205078,289.1505432128906,8.002197265625,4.927998065948486,7.991174697875977
333.0,0.0,47.25691223144531,289.1084289550781,8.002197265625,4.104301929473877,7.991174697875977
334.0,0.0,47.25691223144531,289.05194091796875,8.002197265625,3.281466245651245,7.991174697875977
335.0,0.0,47.256919860839844,288.9811096191406,8.002197265625,2.4597418308258057,7.991174697875977
336.0,0.0,47.256919860839844,288.89593505859375,8.002197265625,1.6393544673919678,7.991174697875977
337.0,0.0,47.25690841674805,288.79644775390625,8.002197265625,0.8206017017364502,7.991174697875977
338.0,0.0,47.256919860839844,288.6827087402344,8.002197265625,0.003709830343723297,7.991174697875977
0.0,-5.625,0.9743051528930664,242.77618408203125,8.002197265625,6.438442707061768,7.991174697875977
1.0,-5.625,0.9743040800094604,242.76748657226562,8.002197265625,6.423855304718018,7.991174697875977
2.0,-5.625,0.9743105173110962,242.758544921875,8.002197265625,6.409422397613525,7.991174697875977
3.0,-5.625,0.9743094444274902,242.7493438720703,8.002197265625,6.395147800445557,7.991174697875977
4.0,-5.625,0.9743114113807678,242.73989868164062,8.002197265625,6.381035804748535,7.991174697875977
5.0,-5.625,0.9743139743804932,242.73020935058594,8.002197265625,6.367090702056885,7.991174697875977
6.0,-5.625,0.9743024110794067,242.7202606201172,8.002197265625,6.353316783905029,7.991174697875977
7.0,-5.625,0.9742990732192993,242.7100830078125,8.002197265625,6.339718341827393,7.991174697875977
8.0,-5.625,0.9743008613586426,242.69967651367188,8.002197265625,6.326300144195557,7.991174697875977
9.0,-5.625,0.9743058681488037,242.6890411376953,8.002197265625,6.313065052032471,7.991174697875977
10.0,-5.625,0.9743109941482544,242.6781768798828,8.002197265625,6.300017833709717,7.991174697875977
11.0,-5.625,0.9743020534515381,242.6670684814453,8.002197265625,6.287162780761719,7.991174697875977
12.0,-5.625,0.9743005037307739,242.65574645996094,8.002197265625,6.274502754211426,7.991174697875977
13.0,-5.625,0.974303126335144,242.6442108154297,8.002197265625,6.262042045593262,7.991174697875977
14.0,-5.625,0.9743070006370544,242.63246154785156,8.002197265625,6.24978494644165,7.991174697875977
15.0,-5.625,0.9742986559867859,242.6204833984375,8.002197265625,6.237735271453857,7.991174697875977
16.0,-5.625,0.9742981791496277,242.60830688476562,8.002197265625,6.225895404815674,7.991174697875977
17.0,-5.625,0.9743012189865112,242.59593200683594,8.002197265625,6.214271068572998,7.991174697875977
18.0,-5.625,0.9742966890335083,242.58334350585938,8.002197265625,6.2028632164001465,7.991174697875977
19.0,-5.625,0.9743008613586426,242.57057189941406,8.002197265625,6.191677570343018,7.991174697875977
20.0,-5.625,0.9743020534515381,242.55760192871094,8.002197265625,6.180716037750244,7.991174697875977
21.0,-5.625,0.9742969274520874,242.54443359375,8.002197265625,6.169983386993408,7.991174697875977
22.0,-5.625,0.9743034243583679,242.53109741210938,8.002197265625,6.159481048583984,7.991174697875977
23.0,-5.625,0.9743081331253052,242.517578125,8.002197265625,6.149213790893555,7.991174697875977
24.0,-5.625,0.9743004441261292,242.5038604736328,8.002197265625,6.13918399810791,7.991174697875977
25.0,-5.625,0.9743044376373291,242.489990234375,8.002197265625,6.129395008087158,7.991174697875977
26.0,-5.625,0.974308967590332,242.4759521484375,8.002197265625,6.119849681854248,7.991174697875977
27.0,-5.625,0.9743027687072754,242.46173095703125,8.002197265625,6.110551357269287,7.991174697875977
28.0,-5.625,0.9743008613586426,242.44735717773438,8.002197265625,6.101502418518066,7.991174697875977
29.0,-5.625,0.9743090867996216,242.43284606933594,8.002197265625,6.092704772949219,7.991174697875977
30.0,-5.625,0.9743001461029053,242.41815185546875,8.002197265625,6.084163188934326,7.991174697875977
31.0,-5.625,0.9743039608001709,242.40333557128906,8.002197265625,6.075878620147705,7.991174697875977
32.0,-5.625,0.9743032455444336,242.38836669921875,8.002197265625,6.0678534507751465,7.991174697875977
33.0,-5.625,0.9743021726608276,242.37326049804688,8.002197265625,6.060091495513916,7.991174697875977
34.0,-5.625,0.9742999076843262,242.35801696777344,8.002197265625,6.05259370803833,7.991174697875977
35.0,-5.625,0.9743063449859619,242.34266662597656,8.002197265625,6.045363426208496,7.991174697875977
36.0,-5.625,0.9743008017539978,242.32716369628906,8.002197265625,6.038402557373047,7.991174697875977
37.0,-5.625,0.9743008017539978,242.31155395507812,8.002197265625,6.031712532043457,7.991174697875977
38.0,-5.625,0.9743038415908813,242.29583740234375,8.002197265625,6.025295734405518,7.991174697875977
39.0,-5.625,0.9743011593818665,242.27999877929688,8.002197265625,6.019155502319336,7.991174697875977
40.0,-5.625,0.9742990732192993,242.26405334472656,8.002197265625,6.013291358947754,7.991174697875977
41.0,-5.625,0.974299430847168,242.24801635742188,8.002197265625,6.007706642150879,7.991174697875977
42.0,-5.625,0.9743003845214844,242.2318878173828,8.002197265625,6.002403259277344,7.991174697875977
43.0,-5.625,0.9743012189865112,242.21566772460938,8.002197265625,5.997381687164307,7.991174697875977
44.0,-5.625,0.9743004441261292,242.19935607910156,8.002197265625,5.9926438331604,7.991174697875977
45.0,-5.625,0.9743000268936157,242.18296813964844,8.002197265625,5.988192081451416,7.991174697875977
46.0,-5.625,0.9742967486381531,242.16648864746094,8.002197265625,5.984025955200195,7.991174697875977
47.0,-5.625,0.9743016958236694,242.1499786376953,8.002197265625,5.980148792266846,7.991174697875977
48.0,-5.625,0.9743012189865112,242.1333770751953,8.002197265625,5.976560115814209,7.991174697875977
49.0,-5.625,0.974299967288971,242.11671447753906,8.002197265625,5.973262310028076,7.991174697875977
50.0,-5.625,0.9742982387542725,242.09999084472656,8.002197265625,5.970255374908447,7.991174697875977
51.0,-5.625,0.9742995500564575,242.08323669433594,8.002197265625,5.967540740966797,7.991174697875977
52.0,-5.625,0.9743006229400635,242.06643676757812,8.002197265625,5.965118885040283,7.991174697875977
53.0,-5.625,0.9742989540100098,242.04957580566406,8.002197265625,5.962990760803223,7.991174697875977
54.0,-5.625,0.9742981791496277,242.03268432617188,8.002197265625,5.961156845092773,7.991174697875977
55.0,-5.625,0.9742986559867859,242.01577758789062,8.002197265625,5.959618091583252,7.991174697875977
56.0,-5.625,0.974297821521759,241.99884033203125,8.002197265625,5.958375453948975,7.991174697875977
57.0,-5.625,0.974298357963562,241.9818878173828,8.002197265625,5.957427501678467,7.991174697875977
58.0,-5.625,0.9742981195449829,241.9649200439453,8.002197265625,5.956776142120361,7.991174697875977
59.0,-5.625,0.9742977619171143,241.94793701171875,8.002197265625,5.9564208984375,7.991174697875977
60.0,-5.625,0.9742979407310486,241.93096923828125,8.002197265625,5.956361770629883,7.991174697875977
61.0,-5.625,0.9742969274520874,241.91397094726562,8.002197265625,5.956600189208984,7.991174697875977
62.0,-5.625,0.9742969274520874,241.89700317382812,8.002197265625,5.957133769989014,7.991174697875977
63.0,-5.625,0.974297285079956,241.88003540039062,8.002197265625,5.957963466644287,7.991174697875977
64.0,-5.625,0.9742969274520874,241.8630828857422,8.002197265625,5.959090232849121,7.991174697875977
65.0,-5.625,0.9742974042892456,241.84616088867188,8.002197265625,5.960511207580566,7.991174697875977
66.0,-5.625,0.9742969274520874,241.8292694091797,8.002197265625,5.962227821350098,7.991174697875977
67.0,-5.625,0.974296510219574,241.81240844726562,8.002197265625,5.964239120483398,7.991174697875977
68.0,-5.625,0.974297285079956,241.7955780029297,8.002197265625,5.966544151306152,7.991174697875977
69.0,-5.625,0.974294900894165,241.77880859375,8.002197265625,5.969142913818359,7.991174697875977
70.0,-5.625,0.9742948412895203,241.76206970214844,8.002197265625,5.972034454345703,7.991174697875977
71.0,-5.625,0.9742941856384277,241.74539184570312,8.002197265625,5.975216865539551,7.991174697875977
72.0,-5.625,0.9742957353591919,241.728759765625,8.002197265625,5.978690147399902,7.991174697875977
73.0,-5.625,0.9742951393127441,241.7122039794922,8.002197265625,5.982452392578125,7.991174697875977
74.0,-5.625,0.9742947816848755,241.69570922851562,8.002197265625,5.986504554748535,7.991174697875977
75.0,-5.625,0.9742987751960754,241.6792755126953,8.002197265625,5.990842819213867,7.991174697875977
76.0,-5.625,0.9742946028709412,241.66294860839844,8.002197265625,5.995467662811279,7.991174697875977
77.0,-5.625,0.9742968082427979,241.6466827392578,8.002197265625,6.0003767013549805,7.991174697875977
78.0,-5.625,0.9742940664291382,241.63052368164062,8.002197265625,6.005568027496338,7.991174697875977
79.0,-5.625,0.9742956757545471,241.61444091796875,8.002197265625,6.011041641235352,7.991174697875977
80.0,-5.625,0.9742899537086487,241.59848022460938,8.002197265625,6.016794204711914,7.991174697875977
81.0,-5.625,0.9742918610572815,241.5825958251953,8.002197265625,6.022826194763184,7.991174697875977
82.0,-5.625,0.974295437335968,241.5668182373047,8.002197265625,6.029133319854736,7.991174697875977
83.0,-5.625,0.9742954969406128,241.55116271972656,8.002197265625,6.035714626312256,7.991174697875977
84.0,-5.625,0.9742931127548218,241.53562927246094,8.002197265625,6.042568683624268,7.991174697875977
85.0,-5.625,0.9742977023124695,241.52020263671875,8.002197265625,6.049692153930664,7.991174697875977
86.0,-5.625,0.9742974638938904,241.50491333007812,8.002197265625,6.057084083557129,7.991174697875977
87.0,-5.625,0.9742875099182129,241.48977661132812,8.002197265625,6.064741611480713,7.991174697875977
88.0,-5.625,0.9742981791496277,241.4747314453125,8.002197265625,6.072662353515625,7.991174697875977
89.0,-5.625,0.9742962121963501,241.45985412597656,8.002197265625,6.080843925476074,7.991174697875977
90.0,-5.625,0.9742900133132935,241.44512939453125,8.002197265625,6.089284420013428,7.991174697875977
91.0,-5.625,0.9742975234985352,241.43052673339844,8.002197265625,6.097980976104736,7.991174697875977
92.0,-5.625,0.9742904901504517,241.41610717773438,8.002197265625,6.106930255889893,7.991174697875977
93.0,-5.625,0.9742863774299622,241.40184020996094,8.002197265625,6.1161298751831055,7.991174697875977
94.0,-5.625,0.9742871522903442,241.38772583007812,8.002197265625,6.125577926635742,7.991174697875977
95.0,-5.625,0.9742876291275024,241.373779296875,8.002197265625,6.135270595550537,7.991174697875977
96.0,-5.625,0.974299430847168,241.3599853515625,8.002197265625,6.145205020904541,7.991174697875977
97.0,-5.625,0.9742887020111084,241.34640502929688,8.002197265625,6.155378341674805,7.991174697875977
98.0,-5.625,0.9742844700813293,241.33299255371094,8.002197265625,6.165787696838379,7.991174697875977
99.0,-5.625,0.9743001461029053,241.31973266601562,8.002197265625,6.176429271697998,7.991174697875977
100.0,-5.625,0.9742895364761353,241.30670166015625,8.002197265625,6.187300682067871,7.991174697875977
101.0,-5.625,0.9742845296859741,241.29385375976562,8.002197265625,6.198397636413574,7.991174697875977
102.0,-5.625,0.9742876887321472,241.28118896484375,8.002197265625,6.209717273712158,7.991174697875977
103.0,-5.625,0.9742918014526367,241.2687225341797,8.002197265625,6.221256256103516,7.991174697875977
104.0,-5.625,0.9742884635925293,241.2564697265625,8.002197265625,6.233011245727539,7.991174697875977
105.0,-5.625,0.9742807149887085,241.2444305419922,8.002197265625,6.244977951049805,7.991174697875977
106.0,-5.625,0.9742813110351562,241.2325897216797,8.002197265625,6.257153511047363,7.991174697875977
107.0,-5.625,0.9742941856384277,241.220947265625,8.002197265625,6.269533157348633,7.991174697875977
108.0,-5.625,0.9742986559867859,241.20953369140625,8.002197265625,6.282114505767822,7.991174697875977
109.0,-5.625,0.9742859601974487,241.1983642578125,8.002197265625,6.294893264770508,7.991174697875977
110.0,-5.625,0.9742931127548218,241.18739318847656,8.002197265625,6.307865142822266,7.991174697875977
111.0,-5.625,0.9742883443832397,241.17666625976562,8.002197265625,6.321025848388672,7.991174697875977
112.0,-5.625,0.9742972254753113,241.16615295410156,8.002197265625,6.334372043609619,7.991174697875977
113.0,-5.625,0.9742869138717651,241.15589904785156,8.002197265625,6.347898960113525,7.991174697875977
114.0,-5.625,0.9742949604988098,241.14585876464844,8.002197265625,6.3616042137146,7.991174697875977
115.0,-5.625,0.9742886424064636,241.13607788085938,8.002197265625,6.375481128692627,7.991174697875977
116.0,-5.625,0.9742939472198486,241.12652587890625,8.002197265625,6.389527797698975,7.991174697875977
117.0,-5.625,0.974289059638977,241.1172332763672,8.002197265625,6.403738021850586,7.991174697875977
118.0,-5.625,0.9742879271507263,241.10818481445312,8.002197265625,6.41810941696167,7.991174697875977
119.0,-5.625,0.9742941856384277,241.09938049316406,8.002197265625,6.43263578414917,7.991174697875977
120.0,-5.625,0.9742966890335083,241.09083557128906,8.002197265625,6.44731330871582,7.991174697875977
121.0,-5.625,0.9742839932441711,241.0825653076172,8.002197265625,6.4621381759643555,7.991174697875977
122.0,-5.625,0.9742848873138428,241.0745391845703,8.002197265625,6.477105617523193,7.991174697875977
123.0,-5.625,0.9742887616157532,241.0667724609375,8.002197265625,6.492210388183594,7.991174697875977
124.0,-5.625,0.9742838740348816,241.0592803955078,8.002197265625,6.507448196411133,7.991174697875977
125.0,-5.625,0.9742996692657471,241.05203247070312,8.002197265625,6.522814750671387,7.991174697875977
126.0,-5.625,0.9742966294288635,241.04507446289062,8.002197265625,6.538305282592773,7.991174697875977
127.0,-5.625,0.9742909073829651,241.03839111328125,8.002197265625,6.553914546966553,7.991174697875977
128.0,-5.625,0.9742980003356934,241.03196716308594,8.002197265625,6.569638252258301,7.991174697875977
129.0,-5.625,0.9742771983146667,241.02584838867188,8.002197265625,6.585472106933594,7.991174697875977
130.0,-5.625,0.9742874503135681,241.0199737548828,8.002197265625,6.601410388946533,7.991174697875977
131.0,-5.625,0.9742729663848877,241.014404296875,8.002197265625,6.617448806762695,7.991174697875977
132.0,-5.625,0.9742933511734009,241.0090789794922,8.002197265625,6.633581638336182,7.991174697875977
133.0,-5.625,0.9742920398712158,241.00405883789062,8.002197265625,6.649805068969727,7.991174697875977
134.0,-5.625,0.974284827709198,240.99932861328125,8.002197265625,6.66611385345459,7.991174697875977
135.0,-5.625,0.9742882251739502,240.994873046875,8.002197265625,6.682501792907715,7.991174697875977
136.0,-5.625,0.9742883443832397,240.99070739746094,8.002197265625,6.698965549468994,7.991174697875977
137.0,-5.625,0.9743013381958008,240.98681640625,8.002197265625,6.7154998779296875,7.991174697875977
138.0,-5.625,0.9742838144302368,240.98324584960938,8.002197265625,6.732099533081055,7.991174697875977
139.0,-5.625,0.9742966294288635,240.9799346923828,8.002197265625,6.748758792877197,7.991174697875977
140.0,-5.625,0.9742956161499023,240.9769287109375,8.002197265625,6.765472888946533,7.991174697875977
141.0,-5.625,0.9742969870567322,240.97421264648438,8.002197265625,6.7822370529174805,7.991174697875977
142.0,-5.625,0.9742862582206726,240.9718017578125,8.002197265625,6.799046039581299,7.991174697875977
143.0,-5.625,0.9742792248725891,240.9696807861328,8.002197265625,6.815895080566406,7.991174697875977
144.0,-5.625,0.9742916822433472,240.96783447265625,8.002197265625,6.832778453826904,7.991174697875977
145.0,-5.625,0.9742941856384277,240.96629333496094,8.002197265625,6.849690914154053,7.991174697875977
146.0,-5.625,0.9742869138717651,240.96505737304688,8.002197265625,6.8666276931762695,7.991174697875977
147.0,-5.625,0.974285364151001,240.964111328125,8.002197265625,6.883584499359131,7.991174697875977
148.0,-5.625,0.9742899537086487,240.9634552001953,8.002197265625,6.900554180145264,7.991174697875977
149.0,-5.625,0.9743009805679321,240.9630889892578,8.002197265625,6.9175333976745605,7.991174697875977
150.0,-5.625,0.9742880463600159,240.96304321289062,8.002197265625,6.934515476226807,7.991174697875977
151.0,-5.625,0.9742966294288635,240.96327209472656,8.002197265625,6.951496601104736,7.991174697875977
152.0,-5.625,0.974296510219574,240.96380615234375,8.002197265625,6.968471050262451,7.991174697875977
153.0,-5.625,0.9742873907089233,240.9646453857422,8.002197265625,6.985433578491211,7.991174697875977
154.0,-5.625,0.974284291267395,240.9657745361328,8.002197265625,7.002378940582275,7.991174697875977
155.0,-5.625,0.974286675453186,240.96719360351562,8.002197265625,7.019301414489746,7.991174697875977
156.0,-5.625,0.9742943048477173,240.96890258789062,8.002197265625,7.036197662353516,7.991174697875977
157.0,-5.625,0.9742763042449951,240.97093200683594,8.002197265625,7.053060054779053,7.991174697875977
158.0,-5.625,0.9742775559425354,240.97323608398438,8.002197265625,7.069885730743408,7.991174697875977
159.0,-5.625,0.9742821455001831,240.975830078125,8.002197265625,7.086668491363525,7.991174697875977
160.0,-5.625,0.974274218082428,240.97872924804688,8.002197265625,7.103403091430664,7.991174697875977
161.0,-5.625,0.9742830395698547,240.98190307617188,8.002197265625,7.1200852394104,7.991174697875977
162.0,-5.625,0.9742775559425354,240.98538208007812,8.002197265625,7.136708736419678,7.991174697875977
163.0,-5.625,0.9742865562438965,240.9891357421875,8.002197265625,7.153268814086914,7.991174697875977
164.0,-5.625,0.9742794632911682,240.99319458007812,8.002197265625,7.169761657714844,7.991174697875977
165.0,-5.625,0.9742991328239441,240.9975128173828,8.002197265625,7.186180591583252,7.991174697875977
166.0,-5.625,0.9742854833602905,241.0021514892578,8.002197265625,7.202521324157715,7.991174697875977
167.0,-5.625,0.9742814302444458,241.00706481933594,8.002197265625,7.21877908706665,7.991174697875977
168.0,-5.625,0.9742853045463562,241.0122528076172,8.002197265625,7.234948635101318,7.991174697875977
169.0,-5.625,0.9742810726165771,241.01773071289062,8.002197265625,7.251025199890137,7.991174697875977
170.0,-5.625,0.9742816686630249,241.0234832763672,8.002197265625,7.267003536224365,7.991174697875977
171.0,-5.625,0.9742854833602905,241.02951049804688,8.002197265625,7.28287935256958,7.991174697875977
172.0,-5.625,0.9742904901504517,241.0358123779297,8.002197265625,7.298647403717041,7.991174697875977
173.0,-5.625,0.9742809534072876,241.0424041748047,8.002197265625,7.314302444458008,7.991174697875977
174.0,-5.625,0.9742833375930786,241.04925537109375,8.002197265625,7.329840660095215,7.991174697875977
175.0,-5.625,0.9742953777313232,241.05636596679688,8.002197265625,7.345256805419922,7.991174697875977
176.0,-5.625,0.9742875695228577,241.0637664794922,8.002197265625,7.360546588897705,7.991174697875977
177.0,-5.625,0.9742855429649353,241.07142639160156,8.002197265625,7.375704765319824,7.991174697875977
178.0,-5.625,0.9742872714996338,241.079345703125,8.002197265625,7.390727519989014,7.991174697875977
179.0,-5.625,0.9742897748947144,241.0875244140625,8.002197265625,7.405608654022217,7.991174697875977
180.0,-5.625,0.9742788076400757,241.09597778320312,8.002197265625,7.420345783233643,7.991174697875977
181.0,-5.625,0.9742910861968994,241.1046600341797,8.002197265625,7.434933185577393,7.991174697875977
182.0,-5.625,0.9742976427078247,241.1136016845703,8.002197265625,7.449366092681885,7.991174697875977
183.0,-5.625,0.9742839336395264,241.12281799316406,8.002197265625,7.4636406898498535,7.991174697875977
184.0,-5.625,0.9742988348007202,241.1322479248047,8.002197265625,7.477752685546875,7.991174697875977
185.0,-5.625,0.9742892980575562,241.14195251464844,8.002197265625,7.491698265075684,7.991174697875977
186.0,-5.625,0.9742897748947144,241.15188598632812,8.002197265625,7.505471229553223,7.991174697875977
187.0,-5.625,0.9742869138717651,241.1620635986328,8.002197265625,7.519070148468018,7.991174697875977
188.0,-5.625,0.974288821220398,241.17247009277344,8.002197265625,7.5324883460998535,7.991174697875977
189.0,-5.625,0.9742939472198486,241.18310546875,8.002197265625,7.5457234382629395,7.991174697875977
190.0,-5.625,0.974287748336792,241.19398498535156,8.002197265625,7.558770656585693,7.991174697875977
191.0,-5.625,0.9742906093597412,241.205078125,8.002197265625,7.571625709533691,7.991174697875977
192.0,-5.625,0.9742892384529114,241.21640014648438,8.002197265625,7.584285736083984,7.991174697875977
193.0,-5.625,0.9742920398712158,241.22793579101562,8.002197265625,7.596746444702148,7.991174697875977
194.0,-5.625,0.9742960929870605,241.23968505859375,8.002197265625,7.60900354385376,7.991174697875977
195.0,-5.625,0.9742879271507263,241.2516632080078,8.002197265625,7.621053218841553,7.991174697875977
196.0,-5.625,0.9742873311042786,241.2638397216797,8.002197265625,7.632892608642578,7.991174697875977
197.0,-5.625,0.9742908477783203,241.27621459960938,8.002197265625,7.644517421722412,7.991174697875977
198.0,-5.625,0.9742861986160278,241.28880310058594,8.002197265625,7.6559247970581055,7.991174697875977
199.0,-5.625,0.9742905497550964,241.30157470703125,8.002197265625,7.667110443115234,7.991174697875977
200.0,-5.625,0.9742825627326965,241.31455993652344,8.002197265625,7.678072452545166,7.991174697875977
201.0,-5.625,0.9742873907089233,241.3277130126953,8.002197265625,7.688805103302002,7.991174697875977
202.0,-5.625,0.974294126033783,241.34104919433594,8.002197265625,7.699307441711426,7.991174697875977
203.0,-5.625,0.9742990732192993,241.3545684814453,8.002197265625,7.7095746994018555,7.991174697875977
204.0,-5.625,0.9742915630340576,241.3682861328125,8.002197265625,7.7196044921875,7.991174697875977
205.0,-5.625,0.974295437335968,241.3821563720703,8.002197265625,7.729393005371094,7.991174697875977
206.0,-5.625,0.9742996692657471,241.3961944580078,8.002197265625,7.738937854766846,7.991174697875977
207.0,-5.625,0.974294126033783,241.41041564941406,8.002197265625,7.748236656188965,7.991174697875977
208.0,-5.625,0.9742928147315979,241.42478942871094,8.002197265625,7.757286071777344,7.991174697875977
209.0,-5.625,0.9742934703826904,241.43931579589844,8.002197265625,7.766083717346191,7.991174697875977
210.0,-5.625,0.9742926359176636,241.45399475097656,8.002197265625,7.774625301361084,7.991174697875977
211.0,-5.625,0.9742966294288635,241.46881103515625,8.002197265625,7.782909870147705,7.991174697875977
212.0,-5.625,0.9742961525917053,241.48377990722656,8.002197265625,7.790935039520264,7.991174697875977
213.0,-5.625,0.9742953777313232,241.49888610839844,8.002197265625,7.798696994781494,7.991174697875977
214.0,-5.625,0.9742932915687561,241.51412963867188,8.002197265625,7.80619478225708,7.991174697875977
215.0,-5.625,0.9742937088012695,241.5294952392578,8.002197265625,7.813425064086914,7.991174697875977
216.0,-5.625,0.9742885231971741,241.5449981689453,8.002197265625,7.820385932922363,7.991174697875977
217.0,-5.625,0.9742890000343323,241.56060791015625,8.002197265625,7.827075958251953,7.991174697875977
218.0,-5.625,0.9742916822433472,241.57632446289062,8.002197265625,7.833491802215576,7.991174697875977
219.0,-5.625,0.9742957353591919,241.59214782714844,8.002197265625,7.839632987976074,7.991174697875977
220.0,-5.625,0.9742938876152039,241.60809326171875,8.002197265625,7.845497131347656,7.991174697875977
221.0,-5.625,0.9742946028709412,241.62413024902344,8.002197265625,7.851081848144531,7.991174697875977
222.0,-5.625,0.9742957949638367,241.6402587890625,8.002197265625,7.856385231018066,7.991174697875977
223.0,-5.625,0.9742964506149292,241.65647888183594,8.002197265625,7.861406326293945,7.991174697875977
224.0,-5.625,0.9742962718009949,241.67279052734375,8.002197265625,7.86614465713501,7.991174697875977
225.0,-5.625,0.9742922782897949,241.68919372558594,8.002197265625,7.870596408843994,7.991174697875977
226.0,-5.625,0.9742926359176636,241.70565795898438,8.002197265625,7.874762058258057,7.991174697875977
227.0,-5.625,0.9742950201034546,241.72218322753906,8.002197265625,7.8786396980285645,7.991174697875977
228.0,-5.625,0.9742976427078247,241.73876953125,8.002197265625,7.882227897644043,7.991174697875977
229.0,-5.625,0.9742971062660217,241.75543212890625,8.002197265625,7.885526180267334,7.991174697875977
230.0,-5.625,0.9742956161499023,241.77215576171875,8.002197265625,7.888533115386963,7.991174697875977
231.0,-5.625,0.974297285079956,241.78890991210938,8.002197265625,7.891247749328613,7.991174697875977
232.0,-5.625,0.9742965698242188,241.80572509765625,8.002197265625,7.893669605255127,7.991174697875977
233.0,-5.625,0.9742953777313232,241.8225860595703,8.002197265625,7.8957977294921875,7.991174697875977
234.0,-5.625,0.9742966890335083,241.83946228027344,8.002197265625,7.897631645202637,7.991174697875977
235.0,-5.625,0.9742962121963501,241.85638427734375,8.002197265625,7.899170398712158,7.991174697875977
236.0,-5.625,0.9742968678474426,241.87330627441406,8.002197265625,7.9004130363464355,7.991174697875977
237.0,-5.625,0.9742975831031799,241.8902587890625,8.002197265625,7.901360988616943,7.991174697875977
238.0,-5.625,0.9742975831031799,241.9072265625,8.002197265625,7.902012348175049,7.991174697875977
239.0,-5.625,0.9742969274520874,241.92422485351562,8.002197265625,7.902367115020752,7.991174697875977
240.0,-5.625,0.9742975831031799,241.94119262695312,8.002197265625,7.902426242828369,7.991174697875977
241.0,-5.625,0.9742973446846008,241.9581756591797,8.002197265625,7.902188301086426,7.991174697875977
242.0,-5.625,0.9742975234985352,241.9751434326172,8.002197265625,7.9016547203063965,7.991174697875977
243.0,-5.625,0.9742977023124695,241.9921112060547,8.002197265625,7.900824546813965,7.991174697875977
244.0,-5.625,0.9742990732192993,242.00906372070312,8.002197265625,7.8996992111206055,7.991174697875977
245.0,-5.625,0.9742987751960754,242.02598571777344,8.002197265625,7.898277282714844,7.991174697875977
246.0,-5.625,0.9742985963821411,242.04287719726562,8.002197265625,7.8965606689453125,7.991174697875977
247.0,-5.625,0.9742984175682068,242.0597381591797,8.002197265625,7.894549369812012,7.991174697875977
248.0,-5.625,0.9742994904518127,242.07656860351562,8.002197265625,7.892244338989258,7.991174697875977
249.0,-5.625,0.9742968678474426,242.0933380126953,8.002197265625,7.889645099639893,7.991174697875977
250.0,-5.625,0.9742975831031799,242.11007690429688,8.002197265625,7.886754035949707,7.991174697875977
251.0,-5.625,0.9743001461029053,242.12677001953125,8.002197265625,7.883571624755859,7.991174697875977
252.0,-5.625,0.9742990136146545,242.1433868408203,8.002197265625,7.880098342895508,7.991174697875977
253.0,-5.625,0.9743016958236694,242.1599578857422,8.002197265625,7.876335620880127,7.991174697875977
254.0,-5.625,0.9742985367774963,242.1764373779297,8.002197265625,7.872283935546875,7.991174697875977
255.0,-5.625,0.9743027687072754,242.19287109375,8.002197265625,7.867945671081543,7.991174697875977
256.0,-5.625,0.974298894405365,242.20919799804688,8.002197265625,7.863320827484131,7.991174697875977
257.0,-5.625,0.9743013978004456,242.2254638671875,8.002197265625,7.85841178894043,7.991174697875977
258.0,-5.625,0.9743031859397888,242.24163818359375,8.002197265625,7.853219985961914,7.991174697875977
259.0,-5.625,0.974300742149353,242.25770568847656,8.002197265625,7.847746849060059,7.991174697875977
260.0,-5.625,0.9742996692657471,242.273681640625,8.002197265625,7.84199333190918,7.991174697875977
261.0,-5.625,0.9742974638938904,242.28955078125,8.002197265625,7.835962295532227,7.991174697875977
262.0,-5.625,0.9743012189865112,242.30532836914062,8.002197265625,7.829655170440674,7.991174697875977
263.0,-5.625,0.9743015766143799,242.32098388671875,8.002197265625,7.823073863983154,7.991174697875977
264.0,-5.625,0.9743061065673828,242.33653259277344,8.002197265625,7.816220283508301,7.991174697875977
265.0,-5.625,0.9743041396141052,242.35194396972656,8.002197265625,7.809096336364746,7.991174697875977
266.0,-5.625,0.97430419921875,242.3672332763672,8.002197265625,7.801704406738281,7.991174697875977
267.0,-5.625,0.9742945432662964,242.3823699951172,8.002197265625,7.794046878814697,7.991174697875977
268.0,-5.625,0.9743058681488037,242.3974151611328,8.002197265625,7.786126613616943,7.991174697875977
269.0,-5.625,0.9743033051490784,242.41229248046875,8.002197265625,7.777944087982178,7.991174697875977
270.0,-5.625,0.9743054509162903,242.42703247070312,8.002197265625,7.769504070281982,7.991174697875977
271.0,-5.625,0.9743055105209351,242.44161987304688,8.002197265625,7.760807514190674,7.991174697875977
272.0,-5.625,0.9743068218231201,242.4560546875,8.002197265625,7.751858234405518,7.991174697875977
273.0,-5.625,0.974302351474762,242.47032165527344,8.002197265625,7.742657661437988,7.991174697875977
274.0,-5.625,0.9742956757545471,242.4844207763672,8.002197265625,7.733210563659668,7.991174697875977
275.0,-5.625,0.974296510219574,242.4983673095703,8.002197265625,7.723517894744873,7.991174697875977
276.0,-5.625,0.9743084907531738,242.5121612548828,8.002197265625,7.713583469390869,7.991174697875977
277.0,-5.625,0.9743068218231201,242.5257568359375,8.002197265625,7.703409671783447,7.991174697875977
278.0,-5.625,0.9742939472198486,242.53915405273438,8.002197265625,7.693000793457031,7.991174697875977
279.0,-5.625,0.9743098020553589,242.5524139404297,8.002197265625,7.682359218597412,7.991174697875977
280.0,-5.625,0.974299430847168,242.56544494628906,8.002197265625,7.671487808227539,7.991174697875977
281.0,-5.625,0.9743046760559082,242.57830810546875,8.002197265625,7.660390853881836,7.991174697875977
282.0,-5.625,0.9742980003356934,242.59095764160156,8.002197265625,7.649071216583252,7.991174697875977
283.0,-5.625,0.9743021726608276,242.60342407226562,8.002197265625,7.6375322341918945,7.991174697875977
284.0,-5.625,0.9742991924285889,242.6156768798828,8.002197265625,7.625777244567871,7.991174697875977
285.0,-5.625,0.9743024110794067,242.6277313232422,8.002197265625,7.6138105392456055,7.991174697875977
286.0,-5.625,0.9743033647537231,242.6395721435547,8.002197265625,7.601634979248047,7.991174697875977
287.0,-5.625,0.9743050336837769,242.6511993408203,8.002197265625,7.589254856109619,7.991174697875977
288.0,-5.625,0.9743097424507141,242.66261291503906,8.002197265625,7.57667350769043,7.991174697875977
289.0,-5.625,0.974308967590332,242.67379760742188,8.002197265625,7.563895225524902,7.991174697875977
290.0,-5.625,0.9743053913116455,242.68475341796875,8.002197265625,7.550924301147461,7.991174697875977
291.0,-5.625,0.97430020570755,242.6954803466797,8.002197265625,7.537762641906738,7.991174697875977
292.0,-5.625,0.9743093252182007,242.70599365234375,8.002197265625,7.524416446685791,7.991174697875977
293.0,-5.625,0.974311351776123,242.7162628173828,8.002197265625,7.510889530181885,7.991174697875977
294.0,-5.625,0.9743072986602783,242.72628784179688,8.002197265625,7.4971842765808105,7.991174697875977
295.0,-5.625,0.9743012189865112,242.73606872558594,8.002197265625,7.483307361602783,7.991174697875977
296.0,-5.625,0.974306583404541,242.74562072753906,8.002197265625,7.4692606925964355,7.991174697875977
297.0,-5.625,0.9743015766143799,242.75491333007812,8.002197265625,7.455049991607666,7.991174697875977
298.0,-5.625,0.9743009805679321,242.7639617919922,8.002197265625,7.44067907333374,7.991174697875977
299.0,-5.625,0.9743072986602783,242.77276611328125,8.002197265625,7.42615270614624,7.991174697875977
300.0,-5.625,0.9743097424507141,242.78131103515625,8.002197265625,7.411474704742432,7.991174697875977
301.0,-5.625,0.9743106961250305,242.7895965576172,8.002197265625,7.396650314331055,7.991174697875977
302.0,-5.625,0.974311888217926,242.79762268066406,8.002197265625,7.381682872772217,7.991174697875977
303.0,-5.625,0.974302351474762,242.8053741455078,8.002197265625,7.366578102111816,7.991174697875977
304.0,-5.625,0.9742976427078247,242.8128662109375,8.002197265625,7.351340293884277,7.991174697875977
305.0,-5.625,0.974313497543335,242.8201141357422,8.002197265625,7.335973739624023,7.991174697875977
306.0,-5.625,0.9743106961250305,242.8270721435547,8.002197265625,7.320483207702637,7.991174697875977
307.0,-5.625,0.9743049144744873,242.83375549316406,8.002197265625,7.304873943328857,7.991174697875977
308.0,-5.625,0.9743120074272156,242.84017944335938,8.002197265625,7.289149761199951,7.991174697875977
309.0,-5.625,0.9743056893348694,242.8463134765625,8.002197265625,7.273316383361816,7.991174697875977
310.0,-5.625,0.9743017554283142,242.8521728515625,8.002197265625,7.257378101348877,7.991174697875977
311.0,-5.625,0.9743019938468933,242.85775756835938,8.002197265625,7.241340160369873,7.991174697875977
312.0,-5.625,0.9743078947067261,242.86306762695312,8.002197265625,7.2252068519592285,7.991174697875977
313.0,-5.625,0.974306583404541,242.8680877685547,8.002197265625,7.208983421325684,7.991174697875977
314.0,-5.625,0.9743142127990723,242.87283325195312,8.002197265625,7.19267463684082,7.991174697875977
315.0,-5.625,0.9743030071258545,242.8772735595703,8.002197265625,7.176286697387695,7.991174697875977
316.0,-5.625,0.9743179678916931,242.88145446777344,8.002197265625,7.159822940826416,7.991174697875977
317.0,-5.625,0.9743161201477051,242.8853302001953,8.002197265625,7.1432881355285645,7.991174697875977
318.0,-5.625,0.9742987155914307,242.88890075683594,8.002197265625,7.1266889572143555,7.991174697875977
319.0,-5.625,0.9743115305900574,242.8922119140625,8.002197265625,7.110029697418213,7.991174697875977
320.0,-5.625,0.9743106961250305,242.8952178955078,8.002197265625,7.093315601348877,7.991174697875977
321.0,-5.625,0.9743121266365051,242.89793395996094,8.002197265625,7.076551914215088,7.991174697875977
322.0,-5.625,0.9743013381958008,242.9003448486328,8.002197265625,7.059742450714111,7.991174697875977
323.0,-5.625,0.9743094444274902,242.90248107910156,8.002197265625,7.042893409729004,7.991174697875977
324.0,-5.625,0.9743069410324097,242.90431213378906,8.002197265625,7.026010036468506,7.991174697875977
325.0,-5.625,0.9743093848228455,242.90585327148438,8.002197265625,7.009097576141357,7.991174697875977
326.0,-5.625,0.9743021130561829,242.90708923339844,8.002197265625,6.992160797119141,7.991174697875977
327.0,-5.625,0.9743005633354187,242.9080352783203,8.002197265625,6.975203990936279,7.991174697875977
328.0,-5.625,0.974305272102356,242.90869140625,8.002197265625,6.9582343101501465,7.991174697875977
329.0,-5.625,0.9743162989616394,242.9090576171875,8.002197265625,6.94125509262085,7.991174697875977
330.0,-5.625,0.9743033051490784,242.9091033935547,8.002197265625,6.9242730140686035,7.991174697875977
331.0,-5.625,0.974311888217926,242.90887451171875,8.002197265625,6.907291889190674,7.991174697875977
332.0,-5.625,0.9743117690086365,242.90834045410156,8.002197265625,6.890317440032959,7.991174697875977
333.0,-5.625,0.9743025898933411,242.90750122070312,8.002197265625,6.873354911804199,7.991174697875977
334.0,-5.625,0.974299430847168,242.9063720703125,8.002197265625,6.856410026550293,7.991174697875977
335.0,-5.625,0.9743170142173767,242.90496826171875,8.002197265625,6.839487075805664,7.991174697875977
336.0,-5.625,0.9743095636367798,242.9032440185547,8.002197265625,6.8225908279418945,7.991174697875977
337.0,-5.625,0.974306583404541,242.90122985839844,8.002197265625,6.805727958679199,7.991174697875977
338.0,-5.625,0.9742927551269531,242.89891052246094,8.002197265625,6.788902282714844,7.991174697875977
339.0,-5.625,0.9743122458457947,242.89633178710938,8.002197265625,6.772119998931885,7.991174697875977
340.0,-5.625,0.97430419921875,242.8934326171875,8.002197265625,6.755385398864746,7.991174697875977
341.0,-5.625,0.9742980599403381,242.89024353027344,8.002197265625,6.73870325088501,7.991174697875977
342.0,-5.625,0.9743073582649231,242.88677978515625,8.002197265625,6.722079753875732,7.991174697875977
343.0,-5.625,0.9743162989616394,242.88302612304688,8.002197265625,6.705519199371338,7.991174697875977
344.0,-5.625,0.9743090867996216,242.87896728515625,8.002197265625,6.689026832580566,7.991174697875977
345.0,-5.625,0.9743138551712036,242.8746337890625,8.002197265625,6.672607898712158,7.991174697875977
346.0,-5.625,0.9743147492408752,242.87001037597656,8.002197265625,6.656267166137695,7.991174697875977
347.0,-5.625,0.9742960333824158,242.86508178710938,8.002197265625,6.64000940322876,7.991174697875977
348.0,-5.625,0.9742997884750366,242.85989379882812,8.002197265625,6.623839855194092,7.991174697875977
349.0,-5.625,0.9743097424507141,242.85443115234375,8.002197265625,6.607763767242432,7.991174697875977
350.0,-5.625,0.9742960333824158,242.84866333007812,8.002197265625,6.591784954071045,7.991174697875977
351.0,-5.625,0.9743138551712036,242.8426513671875,8.002197265625,6.57590913772583,7.991174697875977
352.0,-5.625,0.9743046164512634,242.83633422851562,8.002197265625,6.560141086578369,7.991174697875977
353.0,-5.625,0.974308967590332,242.8297576904297,8.002197265625,6.544486045837402,7.991174697875977
354.0,-5.625,0.974311113357544,242.82290649414062,8.002197265625,6.528947830200195,7.991174697875977
355.0,-5.625,0.9743090867996216,242.81578063964844,8.002197265625,6.513531684875488,7.991174697875977
356.0,-5.625,0.9743015170097351,242.80838012695312,8.002197265625,6.498241424560547,7.991174697875977
357.0,-5.625,0.9743126630783081,242.8007354736328,8.002197265625,6.483083724975586,7.991174697875977
358.0,-5.625,0.9743138551712036,242.79281616210938,8.002197265625,6.468061447143555,7.991174697875977
359.0,-5.625,0.9743030667304993,242.7846221923828,8.002197265625,6.453179836273193,7.991174697875977
0.0,-11.25,0.4946369230747223,242.36257934570312,8.002197265625,6.6838059425354,7.991174697875977
1.0,-11.25,0.4946388602256775,242.3582305908203,8.002197265625,6.6763997077941895,7.991174697875977
2.0,-11.25,0.494633287191391,242.35374450683594,8.002197265625,6.669070720672607,7.991174697875977
3.0,-11.25,0.4946322441101074,242.34913635253906,8.002197265625,6.661820888519287,7.991174697875977
4.0,-11.25,0.4946468472480774,242.34442138671875,8.002197265625,6.6546525955200195,7.991174697875977
5.0,-11.25,0.49463796615600586,242.3395538330078,8.002197265625,6.647568225860596,7.991174697875977
6.0,-11.25,0.49464231729507446,242.33457946777344,8.002197265625,6.640569686889648,7.991174697875977
7.0,-11.25,0.4946339726448059,242.3294677734375,8.002197265625,6.6336588859558105,7.991174697875977
8.0,-11.25,0.49463602900505066,242.32424926757812,8.002197265625,6.626838207244873,7.991174697875977
9.0,-11.25,0.49463486671447754,242.31890869140625,8.002197265625,6.620110034942627,7.991174697875977
10.0,-11.25,0.49464166164398193,242.31346130371094,8.002197265625,6.613475322723389,7.991174697875977
11.0,-11.25,0.4946311116218567,242.30787658691406,8.002197265625,6.606937408447266,7.991174697875977
12.0,-11.25,0.4946371912956238,242.3022003173828,8.002197265625,6.600497245788574,7.991174697875977
13.0,-11.25,0.4946351945400238,242.29640197753906,8.002197265625,6.594157695770264,7.991174697875977
14.0,-11.25,0.49463534355163574,242.29049682617188,8.002197265625,6.587920188903809,7.991174697875977
15.0,-11.25,0.49462562799453735,242.2844696044922,8.002197265625,6.581786632537842,7.991174697875977
16.0,-11.25,0.4946368932723999,242.2783660888672,8.002197265625,6.575758934020996,7.991174697875977
17.0,-11.25,0.4946356415748596,242.2721405029297,8.002197265625,6.569839000701904,7.991174697875977
18.0,-11.25,0.4946313500404358,242.26580810546875,8.002197265625,6.564028739929199,7.991174697875977
19.0,-11.25,0.49463319778442383,242.25938415527344,8.002197265625,6.5583295822143555,7.991174697875977
20.0,-11.25,0.49463939666748047,242.25286865234375,8.002197265625,6.552743434906006,7.991174697875977
21.0,-11.25,0.49463871121406555,242.24624633789062,8.002197265625,6.547272205352783,7.991174697875977
22.0,-11.25,0.49463051557540894,242.23951721191406,8.002197265625,6.541917324066162,7.991174697875977
23.0,-11.25,0.4946325421333313,242.2327117919922,8.002197265625,6.536680221557617,7.991174697875977
24.0,-11.25,0.4946426749229431,242.225830078125,8.002197265625,6.531562805175781,7.991174697875977
25.0,-11.25,0.4946410059928894,242.21884155273438,8.002197265625,6.526567459106445,7.991174697875977
26.0,-11.25,0.4946291744709015,242.2117462158203,8.002197265625,6.521693229675293,7.991174697875977
27.0,-11.25,0.494637668132782,242.20460510253906,8.002197265625,6.516944408416748,7.991174697875977
28.0,-11.25,0.49463266134262085,242.19735717773438,8.002197265625,6.5123209953308105,7.991174697875977
29.0,-11.25,0.49463802576065063,242.19004821777344,8.002197265625,6.507823944091797,7.991174697875977
30.0,-11.25,0.49463534355163574,242.18264770507812,8.002197265625,6.503456115722656,7.991174697875977
31.0,-11.25,0.49463266134262085,242.1751708984375,8.002197265625,6.499217510223389,7.991174697875977
32.0,-11.25,0.4946351647377014,242.16763305664062,8.002197265625,6.495110511779785,7.991174697875977
33.0,-11.25,0.4946354925632477,242.16001892089844,8.002197265625,6.491135120391846,7.991174697875977
34.0,-11.25,0.4946313798427582,242.15232849121094,8.002197265625,6.4872941970825195,7.991174697875977
35.0,-11.25,0.494636595249176,242.14459228515625,8.002197265625,6.483587265014648,7.991174697875977
36.0,-11.25,0.49463653564453125,242.13677978515625,8.002197265625,6.480015754699707,7.991174697875977
37.0,-11.25,0.49463021755218506,242.12889099121094,8.002197265625,6.476581573486328,7.991174697875977
38.0,-11.25,0.49463504552841187,242.1209716796875,8.002197265625,6.47328519821167,7.991174697875977
39.0,-11.25,0.4946320652961731,242.11297607421875,8.002197265625,6.470128059387207,7.991174697875977
40.0,-11.25,0.49463221430778503,242.1049346923828,8.002197265625,6.467110633850098,7.991174697875977
41.0,-11.25,0.49463436007499695,242.0968475341797,8.002197265625,6.464233875274658,7.991174697875977
42.0,-11.25,0.49463212490081787,242.0886993408203,8.002197265625,6.461499214172363,7.991174697875977
43.0,-11.25,0.49463072419166565,242.08050537109375,8.002197265625,6.458906650543213,7.991174697875977
44.0,-11.25,0.4946329891681671,242.07228088378906,8.002197265625,6.456457614898682,7.991174697875977
45.0,-11.25,0.49462994933128357,242.06399536132812,8.002197265625,6.454152584075928,7.991174697875977
46.0,-11.25,0.4946291446685791,242.05567932128906,8.002197265625,6.451992511749268,7.991174697875977
47.0,-11.25,0.49463018774986267,242.04733276367188,8.002197265625,6.449977397918701,7.991174697875977
48.0,-11.25,0.49462831020355225,242.0389404296875,8.002197265625,6.448108673095703,7.991174697875977
49.0,-11.25,0.49463289976119995,242.03054809570312,8.002197265625,6.446386337280273,7.991174697875977
50.0,-11.25,0.4946335554122925,242.02210998535156,8.002197265625,6.4448113441467285,7.991174697875977
51.0,-11.25,0.49463072419166565,242.0136260986328,8.002197265625,6.443384170532227,7.991174697875977
52.0,-11.25,0.49463021755218506,242.005126953125,8.002197265625,6.442104339599609,7.991174697875977
53.0,-11.25,0.49463212490081787,241.9966278076172,8.002197265625,6.440973281860352,7.991174697875977
54.0,-11.25,0.49463221430778503,241.98809814453125,8.002197265625,6.439990997314453,7.991174697875977
55.0,-11.25,0.494629442691803,241.97952270507812,8.002197265625,6.439157962799072,7.991174697875977
56.0,-11.25,0.49463018774986267,241.97097778320312,8.002197265625,6.438474655151367,7.991174697875977
57.0,-11.25,0.4946305751800537,241.96240234375,8.002197265625,6.437939643859863,7.991174697875977
58.0,-11.25,0.49462974071502686,241.9538116455078,8.002197265625,6.437555313110352,7.991174697875977
59.0,-11.25,0.49462974071502686,241.9452362060547,8.002197265625,6.437320709228516,7.991174697875977
60.0,-11.25,0.49462953209877014,241.9366455078125,8.002197265625,6.4372358322143555,7.991174697875977
61.0,-11.25,0.49462980031967163,241.92803955078125,8.002197265625,6.437300682067871,7.991174697875977
62.0,-11.25,0.4946293830871582,241.91946411132812,8.002197265625,6.437515735626221,7.991174697875977
63.0,-11.25,0.49462971091270447,241.91087341308594,8.002197265625,6.437880516052246,7.991174697875977
64.0,-11.25,0.49462875723838806,241.90231323242188,8.002197265625,6.438395023345947,7.991174697875977
65.0,-11.25,0.49462804198265076,241.8937530517578,8.002197265625,6.439059257507324,7.991174697875977
66.0,-11.25,0.49462705850601196,241.8852081298828,8.002197265625,6.439872741699219,7.991174697875977
67.0,-11.25,0.49462762475013733,241.8766632080078,8.002197265625,6.440835475921631,7.991174697875977
68.0,-11.25,0.4946272671222687,241.86814880371094,8.002197265625,6.441946506500244,7.991174697875977
69.0,-11.25,0.4946274161338806,241.85964965820312,8.002197265625,6.443206310272217,7.991174697875977
70.0,-11.25,0.49462616443634033,241.85118103027344,8.002197265625,6.444614410400391,7.991174697875977
71.0,-11.25,0.49462994933128357,241.84271240234375,8.002197265625,6.446169853210449,7.991174697875977
72.0,-11.25,0.4946240186691284,241.83432006835938,8.002197265625,6.447873115539551,7.991174697875977
73.0,-11.25,0.4946281909942627,241.82591247558594,8.002197265625,6.4497222900390625,7.991174697875977
74.0,-11.25,0.494629830121994,241.8175506591797,8.002197265625,6.451717853546143,7.991174697875977
75.0,-11.25,0.49462541937828064,241.8092498779297,8.002197265625,6.453858852386475,7.991174697875977
76.0,-11.25,0.4946261942386627,241.80096435546875,8.002197265625,6.456145286560059,7.991174697875977
77.0,-11.25,0.49462687969207764,241.792724609375,8.002197265625,6.4585747718811035,7.991174697875977
78.0,-11.25,0.494625985622406,241.78453063964844,8.002197265625,6.461148738861084,7.991174697875977
79.0,-11.25,0.49462607502937317,241.77638244628906,8.002197265625,6.463864326477051,7.991174697875977
80.0,-11.25,0.4946264326572418,241.76828002929688,8.002197265625,6.46672248840332,7.991174697875977
81.0,-11.25,0.49462854862213135,241.76022338867188,8.002197265625,6.469721794128418,7.991174697875977
82.0,-11.25,0.49462318420410156,241.7522430419922,8.002197265625,6.472860336303711,7.991174697875977
83.0,-11.25,0.49462705850601196,241.74429321289062,8.002197265625,6.476138114929199,7.991174697875977
84.0,-11.25,0.4946238398551941,241.73641967773438,8.002197265625,6.479554176330566,7.991174697875977
85.0,-11.25,0.49462640285491943,241.7285919189453,8.002197265625,6.483107566833496,7.991174697875977
86.0,-11.25,0.4946235716342926,241.72084045410156,8.002197265625,6.486796855926514,7.991174697875977
87.0,-11.25,0.4946228861808777,241.71315002441406,8.002197265625,6.4906206130981445,7.991174697875977
88.0,-11.25,0.49461841583251953,241.70553588867188,8.002197265625,6.494577884674072,7.991174697875977
89.0,-11.25,0.4946252703666687,241.69796752929688,8.002197265625,6.4986677169799805,7.991174697875977
90.0,-11.25,0.4946233034133911,241.69049072265625,8.002197265625,6.5028886795043945,7.991174697875977
91.0,-11.25,0.49461978673934937,241.68309020996094,8.002197265625,6.507240295410156,7.991174697875977
92.0,-11.25,0.49462512135505676,241.67575073242188,8.002197265625,6.511719703674316,7.991174697875977
93.0,-11.25,0.4946237802505493,241.6685028076172,8.002197265625,6.516326904296875,7.991174697875977
94.0,-11.25,0.49462592601776123,241.6613311767578,8.002197265625,6.521059036254883,7.991174697875977
95.0,-11.25,0.4946233034133911,241.6542510986328,8.002197265625,6.52591609954834,7.991174697875977
96.0,-11.25,0.4946171045303345,241.6472625732422,8.002197265625,6.530896186828613,7.991174697875977
97.0,-11.25,0.49462658166885376,241.6403350830078,8.002197265625,6.5359978675842285,7.991174697875977
98.0,-11.25,0.4946174621582031,241.63352966308594,8.002197265625,6.5412187576293945,7.991174697875977
99.0,-11.25,0.4946170449256897,241.62680053710938,8.002197265625,6.546558856964111,7.991174697875977
100.0,-11.25,0.4946189522743225,241.6201629638672,8.002197265625,6.5520148277282715,7.991174697875977
101.0,-11.25,0.4946243464946747,241.61361694335938,8.002197265625,6.5575852394104,7.991174697875977
102.0,-11.25,0.49462342262268066,241.607177734375,8.002197265625,6.563270092010498,7.991174697875977
103.0,-11.25,0.4946289658546448,241.600830078125,8.002197265625,6.569065570831299,7.991174697875977
104.0,-11.25,0.49463117122650146,241.59458923339844,8.002197265625,6.5749711990356445,7.991174697875977
105.0,-11.25,0.49463167786598206,241.5884552001953,8.002197265625,6.580984592437744,7.991174697875977
106.0,-11.25,0.4946313202381134,241.58242797851562,8.002197265625,6.587104320526123,7.991174697875977
107.0,-11.25,0.49462080001831055,241.57652282714844,8.002197265625,6.59332799911499,7.991174697875977
108.0,-11.25,0.49462273716926575,241.57070922851562,8.002197265625,6.599654674530029,7.991174697875977
109.0,-11.25,0.49461692571640015,241.5650177001953,8.002197265625,6.606081485748291,7.991174697875977
110.0,-11.25,0.4946274161338806,241.55941772460938,8.002197265625,6.612606525421143,7.991174697875977
111.0,-11.25,0.4946208596229553,241.553955078125,8.002197265625,6.619227886199951,7.991174697875977
112.0,-11.25,0.4946213960647583,241.54859924316406,8.002197265625,6.625944137573242,7.991174697875977
113.0,-11.25,0.4946187138557434,241.54336547851562,8.002197265625,6.632752895355225,7.991174697875977
114.0,-11.25,0.4946141242980957,241.5382537841797,8.002197265625,6.639651775360107,7.991174697875977
115.0,-11.25,0.4946211576461792,241.5332489013672,8.002197265625,6.646638870239258,7.991174697875977
116.0,-11.25,0.49461621046066284,241.52838134765625,8.002197265625,6.653712272644043,7.991174697875977
117.0,-11.25,0.49462541937828064,241.52362060546875,8.002197265625,6.66087007522583,7.991174697875977
118.0,-11.25,0.49461251497268677,241.51901245117188,8.002197265625,6.668108940124512,7.991174697875977
119.0,-11.25,0.4946165680885315,241.51451110839844,8.002197265625,6.675427436828613,7.991174697875977
120.0,-11.25,0.49461281299591064,241.51014709472656,8.002197265625,6.682823657989502,7.991174697875977
121.0,-11.25,0.4946157932281494,241.5059051513672,8.002197265625,6.6902947425842285,7.991174697875977
122.0,-11.25,0.4946264326572418,241.5017852783203,8.002197265625,6.697839260101318,7.991174697875977
123.0,-11.25,0.4946194887161255,241.49781799316406,8.002197265625,6.705453872680664,7.991174697875977
124.0,-11.25,0.4946228861808777,241.4939727783203,8.002197265625,6.713136196136475,7.991174697875977
125.0,-11.25,0.4946100115776062,241.4902801513672,8.002197265625,6.720884799957275,7.991174697875977
126.0,-11.25,0.4946230947971344,241.4866943359375,8.002197265625,6.728697299957275,7.991174697875977
127.0,-11.25,0.4946220815181732,241.48326110839844,8.002197265625,6.736570835113525,7.991174697875977
128.0,-11.25,0.4946075677871704,241.47998046875,8.002197265625,6.744503021240234,7.991174697875977
129.0,-11.25,0.4946228265762329,241.476806640625,8.002197265625,6.752490997314453,7.991174697875977
130.0,-11.25,0.4946264922618866,241.47378540039062,8.002197265625,6.760532855987549,7.991174697875977
131.0,-11.25,0.4946187436580658,241.47091674804688,8.002197265625,6.768627166748047,7.991174697875977
132.0,-11.25,0.4946299195289612,241.46817016601562,8.002197265625,6.776769161224365,7.991174697875977
133.0,-11.25,0.49463140964508057,241.465576171875,8.002197265625,6.784958362579346,7.991174697875977
134.0,-11.25,0.4946241080760956,241.463134765625,8.002197265625,6.793191432952881,7.991174697875977
135.0,-11.25,0.4946083724498749,241.46084594726562,8.002197265625,6.801466464996338,7.991174697875977
136.0,-11.25,0.49461451172828674,241.45867919921875,8.002197265625,6.809780120849609,7.991174697875977
137.0,-11.25,0.4946138262748718,241.4566650390625,8.002197265625,6.818130016326904,7.991174697875977
138.0,-11.25,0.4946066737174988,241.45480346679688,8.002197265625,6.82651424407959,7.991174697875977
139.0,-11.25,0.494623601436615,241.45306396484375,8.002197265625,6.8349289894104,7.991174697875977
140.0,-11.25,0.4946202337741852,241.4514923095703,8.002197265625,6.843372821807861,7.991174697875977
141.0,-11.25,0.49462682008743286,241.45005798339844,8.002197265625,6.85184383392334,7.991174697875977
142.0,-11.25,0.4946141242980957,241.44879150390625,8.002197265625,6.860337257385254,7.991174697875977
143.0,-11.25,0.4946122467517853,241.44766235351562,8.002197265625,6.868852138519287,7.991174697875977
144.0,-11.25,0.4946065843105316,241.44668579101562,8.002197265625,6.87738561630249,7.991174697875977
145.0,-11.25,0.49461260437965393,241.4458465576172,8.002197265625,6.885934829711914,7.991174697875977
146.0,-11.25,0.49461543560028076,241.44515991210938,8.002197265625,6.894496917724609,7.991174697875977
147.0,-11.25,0.49461522698402405,241.4446258544922,8.002197265625,6.903069972991943,7.991174697875977
148.0,-11.25,0.4946272671222687,241.44422912597656,8.002197265625,6.911651611328125,7.991174697875977
149.0,-11.25,0.4946214258670807,241.44400024414062,8.002197265625,6.920238018035889,7.991174697875977
150.0,-11.25,0.4946129322052002,241.4439239501953,8.002197265625,6.928827285766602,7.991174697875977
151.0,-11.25,0.49461692571640015,241.44398498535156,8.002197265625,6.937416076660156,7.991174697875977
152.0,-11.25,0.4946182668209076,241.44419860839844,8.002197265625,6.946003437042236,7.991174697875977
153.0,-11.25,0.494616836309433,241.44456481933594,8.002197265625,6.954585075378418,7.991174697875977
154.0,-11.25,0.49462777376174927,241.445068359375,8.002197265625,6.963160037994385,7.991174697875977
155.0,-11.25,0.4946204721927643,241.44573974609375,8.002197265625,6.971723556518555,7.991174697875977
156.0,-11.25,0.49462515115737915,241.44654846191406,8.002197265625,6.980274677276611,7.991174697875977
157.0,-11.25,0.49461132287979126,241.44752502441406,8.002197265625,6.988810062408447,7.991174697875977
158.0,-11.25,0.49462392926216125,241.44862365722656,8.002197265625,6.99732780456543,7.991174697875977
159.0,-11.25,0.49463239312171936,241.4498748779297,8.002197265625,7.005824565887451,7.991174697875977
160.0,-11.25,0.49462148547172546,241.4512939453125,8.002197265625,7.014297962188721,7.991174697875977
161.0,-11.25,0.49462074041366577,241.45285034179688,8.002197265625,7.022745609283447,7.991174697875977
162.0,-11.25,0.4946296811103821,241.4545440673828,8.002197265625,7.03116512298584,7.991174697875977
163.0,-11.25,0.49461793899536133,241.45640563964844,8.002197265625,7.039553165435791,7.991174697875977
164.0,-11.25,0.49462950229644775,241.45838928222656,8.002197265625,7.047907829284668,7.991174697875977
165.0,-11.25,0.4946194887161255,241.46054077148438,8.002197265625,7.0562262535095215,7.991174697875977
166.0,-11.25,0.4946167767047882,241.46282958984375,8.002197265625,7.0645060539245605,7.991174697875977
167.0,-11.25,0.4946206212043762,241.4652557373047,8.002197265625,7.072744846343994,7.991174697875977
168.0,-11.25,0.4946157932281494,241.46783447265625,8.002197265625,7.080940246582031,7.991174697875977
169.0,-11.25,0.4946158528327942,241.47055053710938,8.002197265625,7.0890889167785645,7.991174697875977
170.0,-11.25,0.49460604786872864,241.47341918945312,8.002197265625,7.097189426422119,7.991174697875977
171.0,-11.25,0.49462807178497314,241.4763946533203,8.002197265625,7.105238914489746,7.991174697875977
172.0,-11.25,0.4946097731590271,241.47955322265625,8.002197265625,7.113234043121338,7.991174697875977
173.0,-11.25,0.49462151527404785,241.48281860351562,8.002197265625,7.121173858642578,7.991174697875977
174.0,-11.25,0.49461984634399414,241.48623657226562,8.002197265625,7.129055023193359,7.991174697875977
175.0,-11.25,0.4946178197860718,241.4897918701172,8.002197265625,7.136875152587891,7.991174697875977
176.0,-11.25,0.49462831020355225,241.49346923828125,8.002197265625,7.144632339477539,7.991174697875977
177.0,-11.25,0.49462276697158813,241.49729919433594,8.002197265625,7.1523237228393555,7.991174697875977
178.0,-11.25,0.49462786316871643,241.50125122070312,8.002197265625,7.159947872161865,7.991174697875977
179.0,-11.25,0.49461492896080017,241.50535583496094,8.002197265625,7.167500972747803,7.991174697875977
180.0,-11.25,0.49462375044822693,241.5095672607422,8.002197265625,7.17498254776001,7.991174697875977
181.0,-11.25,0.49462583661079407,241.513916015625,8.002197265625,7.182388782501221,7.991174697875977
182.0,-11.25,0.494620144367218,241.51840209960938,8.002197265625,7.1897172927856445,7.991174697875977
183.0,-11.25,0.4946194887161255,241.52301025390625,8.002197265625,7.196967601776123,7.991174697875977
184.0,-11.25,0.4946216344833374,241.52774047851562,8.002197265625,7.204135894775391,7.991174697875977
185.0,-11.25,0.4946255683898926,241.5325927734375,8.002197265625,7.2112202644348145,7.991174697875977
186.0,-11.25,0.49463000893592834,241.53756713867188,8.002197265625,7.218218803405762,7.991174697875977
187.0,-11.25,0.49462181329727173,241.5426788330078,8.002197265625,7.2251296043396,7.991174697875977
188.0,-11.25,0.49461206793785095,241.54791259765625,8.002197265625,7.231950283050537,7.991174697875977
189.0,-11.25,0.494623064994812,241.55323791503906,8.002197265625,7.238678455352783,7.991174697875977
190.0,-11.25,0.49463003873825073,241.55868530273438,8.002197265625,7.2453131675720215,7.991174697875977
191.0,-11.25,0.4946196377277374,241.56427001953125,8.002197265625,7.2518510818481445,7.991174697875977
192.0,-11.25,0.4946146011352539,241.56996154785156,8.002197265625,7.258291244506836,7.991174697875977
193.0,-11.25,0.4946240782737732,241.57574462890625,8.002197265625,7.2646307945251465,7.991174697875977
194.0,-11.25,0.4946240782737732,241.58164978027344,8.002197265625,7.270867824554443,7.991174697875977
195.0,-11.25,0.494614839553833,241.58767700195312,8.002197265625,7.277001857757568,7.991174697875977
196.0,-11.25,0.4946157932281494,241.5937957763672,8.002197265625,7.283029556274414,7.991174697875977
197.0,-11.25,0.4946253001689911,241.60000610351562,8.002197265625,7.288949489593506,7.991174697875977
198.0,-11.25,0.4946211576461792,241.60633850097656,8.002197265625,7.294759750366211,7.991174697875977
199.0,-11.25,0.49462318420410156,241.61276245117188,8.002197265625,7.300458908081055,7.991174697875977
200.0,-11.25,0.4946194291114807,241.61929321289062,8.002197265625,7.306044578552246,7.991174697875977
201.0,-11.25,0.4946291446685791,241.6259002685547,8.002197265625,7.311516284942627,7.991174697875977
202.0,-11.25,0.4946211576461792,241.63262939453125,8.002197265625,7.316871166229248,7.991174697875977
203.0,-11.25,0.49462342262268066,241.63943481445312,8.002197265625,7.322108268737793,7.991174697875977
204.0,-11.25,0.49462446570396423,241.64633178710938,8.002197265625,7.327225208282471,7.991174697875977
205.0,-11.25,0.494623601436615,241.6533203125,8.002197265625,7.332221031188965,7.991174697875977
206.0,-11.25,0.494620680809021,241.660400390625,8.002197265625,7.337095260620117,7.991174697875977
207.0,-11.25,0.4946211278438568,241.6675567626953,8.002197265625,7.341844081878662,7.991174697875977
208.0,-11.25,0.49462461471557617,241.67478942871094,8.002197265625,7.3464674949646,7.991174697875977
209.0,-11.25,0.49462196230888367,241.68211364746094,8.002197265625,7.350964069366455,7.991174697875977
210.0,-11.25,0.494620144367218,241.68951416015625,8.002197265625,7.355332374572754,7.991174697875977
211.0,-11.25,0.49461790919303894,241.69699096679688,8.002197265625,7.3595709800720215,7.991174697875977
212.0,-11.25,0.49462801218032837,241.7045135498047,8.002197265625,7.363677978515625,7.991174697875977
213.0,-11.25,0.49462857842445374,241.71212768554688,8.002197265625,7.3676533699035645,7.991174697875977
214.0,-11.25,0.49462467432022095,241.71981811523438,8.002197265625,7.371494293212891,7.991174697875977
215.0,-11.25,0.4946301579475403,241.72755432128906,8.002197265625,7.375201225280762,7.991174697875977
216.0,-11.25,0.49462416768074036,241.73538208007812,8.002197265625,7.378772735595703,7.991174697875977
217.0,-11.25,0.4946242570877075,241.74325561523438,8.002197265625,7.382206916809082,7.991174697875977
218.0,-11.25,0.49462890625,241.7511749267578,8.002197265625,7.385502815246582,7.991174697875977
219.0,-11.25,0.49462661147117615,241.75917053222656,8.002197265625,7.388660430908203,7.991174697875977
220.0,-11.25,0.49462181329727173,241.76722717285156,8.002197265625,7.3916778564453125,7.991174697875977
221.0,-11.25,0.4946293830871582,241.77529907226562,8.002197265625,7.394554615020752,7.991174697875977
222.0,-11.25,0.49462270736694336,241.78346252441406,8.002197265625,7.397289276123047,7.991174697875977
223.0,-11.25,0.4946262538433075,241.79164123535156,8.002197265625,7.399881839752197,7.991174697875977
224.0,-11.25,0.49462878704071045,241.79986572265625,8.002197265625,7.4023308753967285,7.991174697875977
225.0,-11.25,0.494625985622406,241.8081512451172,8.002197265625,7.404635906219482,7.991174697875977
226.0,-11.25,0.494625449180603,241.81646728515625,8.002197265625,7.406795978546143,7.991174697875977
227.0,-11.25,0.4946267902851105,241.82481384277344,8.002197265625,7.408811092376709,7.991174697875977
228.0,-11.25,0.49462515115737915,241.8332061767578,8.002197265625,7.410679817199707,7.991174697875977
229.0,-11.25,0.49462705850601196,241.84161376953125,8.002197265625,7.412402153015137,7.991174697875977
230.0,-11.25,0.4946282207965851,241.8500518798828,8.002197265625,7.413977146148682,7.991174697875977
231.0,-11.25,0.49462834000587463,241.8585205078125,8.002197265625,7.415404319763184,7.991174697875977
232.0,-11.25,0.49462807178497314,241.8670196533203,8.002197265625,7.416684150695801,7.991174697875977
233.0,-11.25,0.494628369808197,241.8755340576172,8.002197265625,7.417815208435059,7.991174697875977
234.0,-11.25,0.49462902545928955,241.88406372070312,8.002197265625,7.418797492980957,7.991174697875977
235.0,-11.25,0.49462807178497314,241.8926239013672,8.002197265625,7.419630527496338,7.991174697875977
236.0,-11.25,0.4946291446685791,241.9011688232422,8.002197265625,7.420313835144043,7.991174697875977
237.0,-11.25,0.4946289360523224,241.90975952148438,8.002197265625,7.420848846435547,7.991174697875977
238.0,-11.25,0.4946292042732239,241.9183349609375,8.002197265625,7.421233177185059,7.991174697875977
239.0,-11.25,0.4946291744709015,241.9269256591797,8.002197265625,7.4214677810668945,7.991174697875977
240.0,-11.25,0.49462953209877014,241.9355010986328,8.002197265625,7.421552658081055,7.991174697875977
241.0,-11.25,0.49462956190109253,241.94410705566406,8.002197265625,7.421487331390381,7.991174697875977
242.0,-11.25,0.4946294128894806,241.9526824951172,8.002197265625,7.421272277832031,7.991174697875977
243.0,-11.25,0.49463048577308655,241.96127319335938,8.002197265625,7.420907974243164,7.991174697875977
244.0,-11.25,0.49462980031967163,241.96983337402344,8.002197265625,7.420393466949463,7.991174697875977
245.0,-11.25,0.4946293234825134,241.9783935546875,8.002197265625,7.419729232788086,7.991174697875977
246.0,-11.25,0.49463021755218506,241.98695373535156,8.002197265625,7.418915748596191,7.991174697875977
247.0,-11.25,0.49463126063346863,241.99549865722656,8.002197265625,7.417953014373779,7.991174697875977
248.0,-11.25,0.49463146924972534,242.00401306152344,8.002197265625,7.416841983795166,7.991174697875977
249.0,-11.25,0.49462977051734924,242.0124969482422,8.002197265625,7.415582180023193,7.991174697875977
250.0,-11.25,0.4946313798427582,242.02098083496094,8.002197265625,7.4141740798950195,7.991174697875977
251.0,-11.25,0.4946328103542328,242.02943420410156,8.002197265625,7.412618637084961,7.991174697875977
252.0,-11.25,0.4946303069591522,242.037841796875,8.002197265625,7.410915374755859,7.991174697875977
253.0,-11.25,0.4946349859237671,242.04624938964844,8.002197265625,7.409066200256348,7.991174697875977
254.0,-11.25,0.4946334958076477,242.05459594726562,8.002197265625,7.407070636749268,7.991174697875977
255.0,-11.25,0.4946332275867462,242.0629119873047,8.002197265625,7.4049296379089355,7.991174697875977
256.0,-11.25,0.4946308434009552,242.07118225097656,8.002197265625,7.40264368057251,7.991174697875977
257.0,-11.25,0.4946357309818268,242.07943725585938,8.002197265625,7.400213718414307,7.991174697875977
258.0,-11.25,0.4946306645870209,242.08761596679688,8.002197265625,7.397639751434326,7.991174697875977
259.0,-11.25,0.4946359395980835,242.0957794189453,8.002197265625,7.394924163818359,7.991174697875977
260.0,-11.25,0.49463680386543274,242.1038818359375,8.002197265625,7.39206600189209,7.991174697875977
261.0,-11.25,0.4946339726448059,242.11192321777344,8.002197265625,7.389066696166992,7.991174697875977
262.0,-11.25,0.4946345388889313,242.1199188232422,8.002197265625,7.385928153991699,7.991174697875977
263.0,-11.25,0.4946325719356537,242.1278533935547,8.002197265625,7.382649898529053,7.991174697875977
264.0,-11.25,0.4946361780166626,242.1357421875,8.002197265625,7.379234313964844,7.991174697875977
265.0,-11.25,0.4946327805519104,242.1435546875,8.002197265625,7.375680923461914,7.991174697875977
266.0,-11.25,0.4946368634700775,242.1513214111328,8.002197265625,7.3719916343688965,7.991174697875977
267.0,-11.25,0.49462977051734924,242.15899658203125,8.002197265625,7.368167877197266,7.991174697875977
268.0,-11.25,0.49463266134262085,242.1666259765625,8.002197265625,7.364210605621338,7.991174697875977
269.0,-11.25,0.49463263154029846,242.17417907714844,8.002197265625,7.36012077331543,7.991174697875977
270.0,-11.25,0.49463045597076416,242.18165588378906,8.002197265625,7.355899333953857,7.991174697875977
271.0,-11.25,0.4946279525756836,242.18905639648438,8.002197265625,7.351548671722412,7.991174697875977
272.0,-11.25,0.49463319778442383,242.19639587402344,8.002197265625,7.347068786621094,7.991174697875977
273.0,-11.25,0.4946402609348297,242.2036590576172,8.002197265625,7.342461585998535,7.991174697875977
274.0,-11.25,0.4946429133415222,242.21083068847656,8.002197265625,7.337729454040527,7.991174697875977
275.0,-11.25,0.4946407079696655,242.21791076660156,8.002197265625,7.33287239074707,7.991174697875977
276.0,-11.25,0.4946349263191223,242.2248992919922,8.002197265625,7.327892303466797,7.991174697875977
277.0,-11.25,0.4946357011795044,242.2318115234375,8.002197265625,7.322790622711182,7.991174697875977
278.0,-11.25,0.4946361184120178,242.23863220214844,8.002197265625,7.317569732666016,7.991174697875977
279.0,-11.25,0.49462655186653137,242.24534606933594,8.002197265625,7.312229633331299,7.991174697875977
280.0,-11.25,0.4946286678314209,242.25198364257812,8.002197265625,7.306773662567139,7.991174697875977
281.0,-11.25,0.49463433027267456,242.25852966308594,8.002197265625,7.30120325088501,7.991174697875977
282.0,-11.25,0.4946335554122925,242.2649688720703,8.002197265625,7.295518398284912,7.991174697875977
283.0,-11.25,0.4946393072605133,242.2713165283203,8.002197265625,7.289722919464111,7.991174697875977
284.0,-11.25,0.4946417212486267,242.27755737304688,8.002197265625,7.283817291259766,7.991174697875977
285.0,-11.25,0.49464237689971924,242.28369140625,8.002197265625,7.277803897857666,7.991174697875977
286.0,-11.25,0.4946422576904297,242.2897186279297,8.002197265625,7.271684169769287,7.991174697875977
287.0,-11.25,0.494642972946167,242.29563903808594,8.002197265625,7.26546049118042,7.991174697875977
288.0,-11.25,0.49464529752731323,242.30145263671875,8.002197265625,7.259133815765381,7.991174697875977
289.0,-11.25,0.494628369808197,242.30712890625,8.002197265625,7.252707004547119,7.991174697875977
290.0,-11.25,0.4946390390396118,242.31272888183594,8.002197265625,7.246181964874268,7.991174697875977
291.0,-11.25,0.4946444630622864,242.31820678710938,8.002197265625,7.239560604095459,7.991174697875977
292.0,-11.25,0.49463337659835815,242.32354736328125,8.002197265625,7.232844352722168,7.991174697875977
293.0,-11.25,0.4946308135986328,242.3287811279297,8.002197265625,7.2260355949401855,7.991174697875977
294.0,-11.25,0.49463868141174316,242.3339080810547,8.002197265625,7.219136714935303,7.991174697875977
295.0,-11.25,0.49464574456214905,242.3389129638672,8.002197265625,7.212149143218994,7.991174697875977
296.0,-11.25,0.49462878704071045,242.34376525878906,8.002197265625,7.205076217651367,7.991174697875977
297.0,-11.25,0.4946381449699402,242.34852600097656,8.002197265625,7.19791841506958,7.991174697875977
298.0,-11.25,0.49462538957595825,242.35313415527344,8.002197265625,7.190679550170898,7.991174697875977
299.0,-11.25,0.49464255571365356,242.35765075683594,8.002197265625,7.183361053466797,7.991174697875977
300.0,-11.25,0.4946390986442566,242.3620147705078,8.002197265625,7.175964832305908,7.991174697875977
301.0,-11.25,0.4946290850639343,242.36624145507812,8.002197265625,7.168493747711182,7.991174697875977
302.0,-11.25,0.4946398437023163,242.370361328125,8.002197265625,7.160949230194092,7.991174697875977
303.0,-11.25,0.4946330487728119,242.37432861328125,8.002197265625,7.153334617614746,7.991174697875977
304.0,-11.25,0.49463632702827454,242.378173828125,8.002197265625,7.145651817321777,7.991174697875977
305.0,-11.25,0.49463751912117004,242.3818817138672,8.002197265625,7.137903690338135,7.991174697875977
306.0,-11.25,0.4946369528770447,242.3854522705078,8.002197265625,7.130091190338135,7.991174697875977
307.0,-11.25,0.49463602900505066,242.38888549804688,8.002197265625,7.122217655181885,7.991174697875977
308.0,-11.25,0.494635671377182,242.39218139648438,8.002197265625,7.114285469055176,7.991174697875977
309.0,-11.25,0.49463701248168945,242.3953399658203,8.002197265625,7.106297492980957,7.991174697875977
310.0,-11.25,0.4946407675743103,242.3983612060547,8.002197265625,7.098255634307861,7.991174697875977
311.0,-11.25,0.4946476221084595,242.4012451171875,8.002197265625,7.0901618003845215,7.991174697875977
312.0,-11.25,0.49464425444602966,242.4039764404297,8.002197265625,7.082018852233887,7.991174697875977
313.0,-11.25,0.49464577436447144,242.4065704345703,8.002197265625,7.073829650878906,7.991174697875977
314.0,-11.25,0.4946531653404236,242.40902709960938,8.002197265625,7.065596580505371,7.991174697875977
315.0,-11.25,0.49463769793510437,242.41131591796875,8.002197265625,7.057322025299072,7.991174697875977
316.0,-11.25,0.49462923407554626,242.41346740722656,8.002197265625,7.049008369445801,7.991174697875977
317.0,-11.25,0.4946434199810028,242.41549682617188,8.002197265625,7.040658473968506,7.991174697875977
318.0,-11.25,0.4946363568305969,242.4173583984375,8.002197265625,7.03227424621582,7.991174697875977
319.0,-11.25,0.49463847279548645,242.41908264160156,8.002197265625,7.02385950088501,7.991174697875977
320.0,-11.25,0.4946351945400238,242.420654296875,8.002197265625,7.015415668487549,7.991174697875977
321.0,-11.25,0.49464187026023865,242.42208862304688,8.002197265625,7.0069451332092285,7.991174697875977
322.0,-11.25,0.4946291744709015,242.42335510253906,8.002197265625,6.998451232910156,7.991174697875977
323.0,-11.25,0.49462732672691345,242.4244842529297,8.002197265625,6.989936351776123,7.991174697875977
324.0,-11.25,0.4946368634700775,242.42547607421875,8.002197265625,6.98140287399292,7.991174697875977
325.0,-11.25,0.49464285373687744,242.4263153076172,8.002197265625,6.972853660583496,7.991174697875977
326.0,-11.25,0.4946306049823761,242.42698669433594,8.002197265625,6.964291572570801,7.991174697875977
327.0,-11.25,0.494630366563797,242.42752075195312,8.002197265625,6.955718040466309,7.991174697875977
328.0,-11.25,0.4946424663066864,242.42791748046875,8.002197265625,6.947136878967285,7.991174697875977
329.0,-11.25,0.4946366250514984,242.4281463623047,8.002197265625,6.9385504722595215,7.991174697875977
330.0,-11.25,0.4946281313896179,242.42822265625,8.002197265625,6.929961204528809,7.991174697875977
331.0,-11.25,0.4946472942829132,242.4281768798828,8.002197265625,6.9213714599609375,7.991174697875977
332.0,-11.25,0.49464863538742065,242.42796325683594,8.002197265625,6.912784576416016,7.991174697875977
333.0,-11.25,0.4946320056915283,242.42758178710938,8.002197265625,6.904203414916992,7.991174697875977
334.0,-11.25,0.4946429431438446,242.4270782470703,8.002197265625,6.895628452301025,7.991174697875977
335.0,-11.25,0.4946507215499878,242.42642211914062,8.002197265625,6.8870649337768555,7.991174697875977
336.0,-11.25,0.4946402907371521,242.42559814453125,8.002197265625,6.878513813018799,7.991174697875977
337.0,-11.25,0.4946414530277252,242.4246368408203,8.002197265625,6.869978427886963,7.991174697875977
338.0,-11.25,0.49463897943496704,242.42352294921875,8.002197265625,6.8614606857299805,7.991174697875977
339.0,-11.25,0.49464741349220276,242.42227172851562,8.002197265625,6.852963924407959,7.991174697875977
340.0,-11.25,0.4946364462375641,242.4208526611328,8.002197265625,6.8444905281066895,7.991174697875977
341.0,-11.25,0.494635671377182,242.41929626464844,8.002197265625,6.836042881011963,7.991174697875977
342.0,-11.25,0.49464455246925354,242.4176025390625,8.002197265625,6.82762336730957,7.991174697875977
343.0,-11.25,0.4946327209472656,242.41574096679688,8.002197265625,6.819235324859619,7.991174697875977
344.0,-11.25,0.49464425444602966,242.41375732421875,8.002197265625,6.810880661010742,7.991174697875977
345.0,-11.25,0.494648814201355,242.41162109375,8.002197265625,6.802562236785889,7.991174697875977
346.0,-11.25,0.4946460723876953,242.40933227539062,8.002197265625,6.794281959533691,7.991174697875977
347.0,-11.25,0.49463513493537903,242.40689086914062,8.002197265625,6.786043643951416,7.991174697875977
348.0,-11.25,0.49463027715682983,242.40431213378906,8.002197265625,6.777848243713379,7.991174697875977
349.0,-11.25,0.49463021755218506,242.40159606933594,8.002197265625,6.769699573516846,7.991174697875977
350.0,-11.25,0.49463459849357605,242.39874267578125,8.002197265625,6.761599063873291,7.991174697875977
351.0,-11.25,0.4946422576904297,242.395751953125,8.002197265625,6.753549575805664,7.991174697875977
352.0,-11.25,0.49463796615600586,242.39260864257812,8.002197265625,6.745554447174072,7.991174697875977
353.0,-11.25,0.49463555216789246,242.3893280029297,8.002197265625,6.737614631652832,7.991174697875977
354.0,-11.25,0.4946476221084595,242.38592529296875,8.002197265625,6.729733467102051,7.991174697875977
355.0,-11.25,0.4946317672729492,242.38235473632812,8.002197265625,6.721912860870361,7.991174697875977
356.0,-11.25,0.4946421682834625,242.37867736816406,8.002197265625,6.714155673980713,7.991174697875977
357.0,-11.25,0.494636595249176,242.37484741210938,8.002197265625,6.7064642906188965,7.991174697875977
358.0,-11.25,0.4946412742137909,242.3708953857422,8.002197265625,6.698840618133545,7.991174697875977
359.0,-11.25,0.4946417212486267,242.36680603027344,8.002197265625,6.691287040710449,7.991174697875977
0.0,-16.875,0.33361783623695374,242.22373962402344,8.002197265625,6.767819404602051,7.991174697875977
1.0,-16.875,0.3336135149002075,242.2208709716797,8.002197265625,6.762823581695557,7.991174697875977
2.0,-16.875,0.3336179852485657,242.21792602539062,8.002197265625,6.75787878036499,7.991174697875977
3.0,-16.875,0.3336176872253418,242.2148895263672,8.002197265625,6.752985954284668,7.991174697875977
4.0,-16.875,0.3335990011692047,242.2117462158203,8.002197265625,6.748147487640381,7.991174697875977
5.0,-16.875,0.3336123824119568,242.20855712890625,8.002197265625,6.743363380432129,7.991174697875977
6.0,-16.875,0.33360618352890015,242.20526123046875,8.002197265625,6.738636016845703,7.991174697875977
7.0,-16.875,0.33361655473709106,242.201904296875,8.002197265625,6.733967304229736,7.991174697875977
8.0,-16.875,0.33361852169036865,242.19845581054688,8.002197265625,6.729357719421387,7.991174697875977
9.0,-16.875,0.333611398935318,242.19491577148438,8.002197265625,6.724809169769287,7.991174697875977
10.0,-16.875,0.3336063027381897,242.19129943847656,8.002197265625,6.720323085784912,7.991174697875977
11.0,-16.875,0.3336026072502136,242.18760681152344,8.002197265625,6.715900421142578,7.991174697875977
12.0,-16.875,0.3336104154586792,242.18385314941406,8.002197265625,6.711543083190918,7.991174697875977
13.0,-16.875,0.3336062431335449,242.1800079345703,8.002197265625,6.707252025604248,7.991174697875977
14.0,-16.875,0.33361172676086426,242.1761016845703,8.002197265625,6.703028678894043,7.991174697875977
15.0,-16.875,0.33360418677330017,242.17210388183594,8.002197265625,6.698873996734619,7.991174697875977
16.0,-16.875,0.33360421657562256,242.1680450439453,8.002197265625,6.694789886474609,7.991174697875977
17.0,-16.875,0.33361074328422546,242.16392517089844,8.002197265625,6.69077730178833,7.991174697875977
18.0,-16.875,0.33360233902931213,242.1597137451172,8.002197265625,6.686837196350098,7.991174697875977
19.0,-16.875,0.33360928297042847,242.15545654296875,8.002197265625,6.6829705238342285,7.991174697875977
20.0,-16.875,0.3336096405982971,242.151123046875,8.002197265625,6.6791791915893555,7.991174697875977
21.0,-16.875,0.33360275626182556,242.14671325683594,8.002197265625,6.675464630126953,7.991174697875977
22.0,-16.875,0.3336173892021179,242.14227294921875,8.002197265625,6.6718268394470215,7.991174697875977
23.0,-16.875,0.3336045742034912,242.13772583007812,8.002197265625,6.668267726898193,7.991174697875977
24.0,-16.875,0.33361053466796875,242.13314819335938,8.002197265625,6.664788246154785,7.991174697875977
25.0,-16.875,0.33360719680786133,242.1284942626953,8.002197265625,6.661388874053955,7.991174697875977
26.0,-16.875,0.33361101150512695,242.12379455566406,8.002197265625,6.658071517944336,7.991174697875977
27.0,-16.875,0.33360421657562256,242.1190185546875,8.002197265625,6.654836654663086,7.991174697875977
28.0,-16.875,0.33361098170280457,242.1142120361328,8.002197265625,6.65168571472168,7.991174697875977
29.0,-16.875,0.33360570669174194,242.1093292236328,8.002197265625,6.648619651794434,7.991174697875977
30.0,-16.875,0.33361247181892395,242.1044158935547,8.002197265625,6.645638465881348,7.991174697875977
31.0,-16.875,0.33360669016838074,242.09942626953125,8.002197265625,6.6427435874938965,7.991174697875977
32.0,-16.875,0.33360278606414795,242.09439086914062,8.002197265625,6.639936447143555,7.991174697875977
33.0,-16.875,0.3336072266101837,242.08932495117188,8.002197265625,6.6372175216674805,7.991174697875977
34.0,-16.875,0.3336048126220703,242.08419799804688,8.002197265625,6.63458776473999,7.991174697875977
35.0,-16.875,0.333609402179718,242.07904052734375,8.002197265625,6.632047176361084,7.991174697875977
36.0,-16.875,0.33360594511032104,242.07382202148438,8.002197265625,6.6295976638793945,7.991174697875977
37.0,-16.875,0.3336079716682434,242.06857299804688,8.002197265625,6.627238750457764,7.991174697875977
38.0,-16.875,0.33360734581947327,242.0632781982422,8.002197265625,6.624972343444824,7.991174697875977
39.0,-16.875,0.33360353112220764,242.0579376220703,8.002197265625,6.622799396514893,7.991174697875977
40.0,-16.875,0.3336030840873718,242.0525665283203,8.002197265625,6.620718955993652,7.991174697875977
41.0,-16.875,0.33360910415649414,242.04718017578125,8.002197265625,6.618732929229736,7.991174697875977
42.0,-16.875,0.3336060643196106,242.04173278808594,8.002197265625,6.6168413162231445,7.991174697875977
43.0,-16.875,0.3336082696914673,242.03627014160156,8.002197265625,6.615045070648193,7.991174697875977
44.0,-16.875,0.3336057662963867,242.03076171875,8.002197265625,6.613344669342041,7.991174697875977
45.0,-16.875,0.33360755443573,242.02523803710938,8.002197265625,6.6117401123046875,7.991174697875977
46.0,-16.875,0.3336043953895569,242.01966857910156,8.002197265625,6.610232353210449,7.991174697875977
47.0,-16.875,0.3336070775985718,242.01409912109375,8.002197265625,6.608822345733643,7.991174697875977
48.0,-16.875,0.33360493183135986,242.00848388671875,8.002197265625,6.607509613037109,7.991174697875977
49.0,-16.875,0.3336016535758972,242.00283813476562,8.002197265625,6.606294631958008,7.991174697875977
50.0,-16.875,0.33360517024993896,241.99720764160156,8.002197265625,6.605178356170654,7.991174697875977
51.0,-16.875,0.33360570669174194,241.99154663085938,8.002197265625,6.604161262512207,7.991174697875977
52.0,-16.875,0.3336043059825897,241.98585510253906,8.002197265625,6.603242874145508,7.991174697875977
53.0,-16.875,0.3336033225059509,241.9801483154297,8.002197265625,6.602423667907715,7.991174697875977
54.0,-16.875,0.33360230922698975,241.97442626953125,8.002197265625,6.601704120635986,7.991174697875977
55.0,-16.875,0.3336023986339569,241.9687042236328,8.002197265625,6.6010847091674805,7.991174697875977
56.0,-16.875,0.33360356092453003,241.96298217773438,8.002197265625,6.600564956665039,7.991174697875977
57.0,-16.875,0.3336024284362793,241.9572296142578,8.002197265625,6.6001458168029785,7.991174697875977
58.0,-16.875,0.33360323309898376,241.9514923095703,8.002197265625,6.599826335906982,7.991174697875977
59.0,-16.875,0.3336026668548584,241.9457244873047,8.002197265625,6.599607467651367,7.991174697875977
60.0,-16.875,0.333602637052536,241.93997192382812,8.002197265625,6.599489212036133,7.991174697875977
61.0,-16.875,0.33360230922698975,241.93421936035156,8.002197265625,6.599471569061279,7.991174697875977
62.0,-16.875,0.33360254764556885,241.92845153808594,8.002197265625,6.599554061889648,7.991174697875977
63.0,-16.875,0.3336024582386017,241.92269897460938,8.002197265625,6.599737167358398,7.991174697875977
64.0,-16.875,0.3336009383201599,241.91696166992188,8.002197265625,6.6000213623046875,7.991174697875977
65.0,-16.875,0.3336016833782196,241.9112091064453,8.002197265625,6.600404739379883,7.991174697875977
66.0,-16.875,0.3336024880409241,241.90545654296875,8.002197265625,6.600889205932617,7.991174697875977
67.0,-16.875,0.33360233902931213,241.8997344970703,8.002197265625,6.601472854614258,7.991174697875977
68.0,-16.875,0.3336026966571808,241.89401245117188,8.002197265625,6.602157115936279,7.991174697875977
69.0,-16.875,0.33360064029693604,241.88832092285156,8.002197265625,6.602941036224365,7.991174697875977
70.0,-16.875,0.3336007595062256,241.88262939453125,8.002197265625,6.603824138641357,7.991174697875977
71.0,-16.875,0.33360061049461365,241.876953125,8.002197265625,6.604806900024414,7.991174697875977
72.0,-16.875,0.3336021900177002,241.8712921142578,8.002197265625,6.605887413024902,7.991174697875977
73.0,-16.875,0.33360058069229126,241.86566162109375,8.002197265625,6.607067584991455,7.991174697875977
74.0,-16.875,0.33360061049461365,241.86004638671875,8.002197265625,6.6083455085754395,7.991174697875977
75.0,-16.875,0.33359888195991516,241.85446166992188,8.002197265625,6.6097211837768555,7.991174697875977
76.0,-16.875,0.3335995674133301,241.84889221191406,8.002197265625,6.611194133758545,7.991174697875977
77.0,-16.875,0.3336031138896942,241.8433380126953,8.002197265625,6.612764358520508,7.991174697875977
78.0,-16.875,0.33360210061073303,241.83782958984375,8.002197265625,6.614430904388428,7.991174697875977
79.0,-16.875,0.3335961699485779,241.83236694335938,8.002197265625,6.6161932945251465,7.991174697875977
80.0,-16.875,0.33359992504119873,241.826904296875,8.002197265625,6.618051052093506,7.991174697875977
81.0,-16.875,0.3335998058319092,241.8214874267578,8.002197265625,6.620003700256348,7.991174697875977
82.0,-16.875,0.33359599113464355,241.8161163330078,8.002197265625,6.6220502853393555,7.991174697875977
83.0,-16.875,0.3335990905761719,241.81076049804688,8.002197265625,6.6241912841796875,7.991174697875977
84.0,-16.875,0.3336000144481659,241.80545043945312,8.002197265625,6.626424789428711,7.991174697875977
85.0,-16.875,0.33359256386756897,241.80020141601562,8.002197265625,6.628750324249268,7.991174697875977
86.0,-16.875,0.3336016535758972,241.79495239257812,8.002197265625,6.631167888641357,7.991174697875977
87.0,-16.875,0.33360373973846436,241.78976440429688,8.002197265625,6.633676052093506,7.991174697875977
88.0,-16.875,0.3335980176925659,241.78463745117188,8.002197265625,6.636274814605713,7.991174697875977
89.0,-16.875,0.3336002230644226,241.779541015625,8.002197265625,6.6389617919921875,7.991174697875977
90.0,-16.875,0.33359548449516296,241.77450561523438,8.002197265625,6.641737937927246,7.991174697875977
91.0,-16.875,0.3335920572280884,241.76951599121094,8.002197265625,6.644601821899414,7.991174697875977
92.0,-16.875,0.3335992395877838,241.76455688476562,8.002197265625,6.647552013397217,7.991174697875977
93.0,-16.875,0.3335937261581421,241.75967407226562,8.002197265625,6.650588512420654,7.991174697875977
94.0,-16.875,0.3335926830768585,241.7548370361328,8.002197265625,6.653709411621094,7.991174697875977
95.0,-16.875,0.3336050510406494,241.75003051757812,8.002197265625,6.656914710998535,7.991174697875977
96.0,-16.875,0.33359768986701965,241.7453155517578,8.002197265625,6.660203456878662,7.991174697875977
97.0,-16.875,0.3335980176925659,241.7406463623047,8.002197265625,6.663573265075684,7.991174697875977
98.0,-16.875,0.33359697461128235,241.7360382080078,8.002197265625,6.667024612426758,7.991174697875977
99.0,-16.875,0.3335961103439331,241.7314910888672,8.002197265625,6.670555591583252,7.991174697875977
100.0,-16.875,0.3335960805416107,241.7270050048828,8.002197265625,6.67416524887085,7.991174697875977
101.0,-16.875,0.333587646484375,241.72259521484375,8.002197265625,6.677853107452393,7.991174697875977
102.0,-16.875,0.3335916996002197,241.71823120117188,8.002197265625,6.681617259979248,7.991174697875977
103.0,-16.875,0.3335992693901062,241.71392822265625,8.002197265625,6.685457229614258,7.991174697875977
104.0,-16.875,0.33359116315841675,241.709716796875,8.002197265625,6.689371109008789,7.991174697875977
105.0,-16.875,0.33359891176223755,241.70555114746094,8.002197265625,6.693357944488525,7.991174697875977
106.0,-16.875,0.333591490983963,241.70147705078125,8.002197265625,6.697417259216309,7.991174697875977
107.0,-16.875,0.33359137177467346,241.6974639892578,8.002197265625,6.701547145843506,7.991174697875977
108.0,-16.875,0.3335995674133301,241.69351196289062,8.002197265625,6.705746650695801,7.991174697875977
109.0,-16.875,0.3335956335067749,241.6896514892578,8.002197265625,6.710013389587402,7.991174697875977
110.0,-16.875,0.33359038829803467,241.6858673095703,8.002197265625,6.7143473625183105,7.991174697875977
111.0,-16.875,0.33359599113464355,241.68214416503906,8.002197265625,6.718747615814209,7.991174697875977
112.0,-16.875,0.3335912823677063,241.6785125732422,8.002197265625,6.723211288452148,7.991174697875977
113.0,-16.875,0.3335880935192108,241.67495727539062,8.002197265625,6.727737903594971,7.991174697875977
114.0,-16.875,0.333599716424942,241.6714630126953,8.002197265625,6.732325553894043,7.991174697875977
115.0,-16.875,0.3335902988910675,241.66807556152344,8.002197265625,6.736973762512207,7.991174697875977
116.0,-16.875,0.3335849642753601,241.66476440429688,8.002197265625,6.74168062210083,7.991174697875977
117.0,-16.875,0.3335849940776825,241.66152954101562,8.002197265625,6.746444225311279,7.991174697875977
118.0,-16.875,0.33360379934310913,241.65835571289062,8.002197265625,6.751263618469238,7.991174697875977
119.0,-16.875,0.33359140157699585,241.65530395507812,8.002197265625,6.756137371063232,7.991174697875977
120.0,-16.875,0.3335992693901062,241.65231323242188,8.002197265625,6.761064529418945,7.991174697875977
121.0,-16.875,0.33360329270362854,241.6494140625,8.002197265625,6.766042232513428,7.991174697875977
122.0,-16.875,0.33360379934310913,241.6466064453125,8.002197265625,6.771069526672363,7.991174697875977
123.0,-16.875,0.3336011469364166,241.64389038085938,8.002197265625,6.7761454582214355,7.991174697875977
124.0,-16.875,0.3335961699485779,241.64126586914062,8.002197265625,6.781268119812012,7.991174697875977
125.0,-16.875,0.33358949422836304,241.63873291015625,8.002197265625,6.786436080932617,7.991174697875977
126.0,-16.875,0.33359596133232117,241.6362762451172,8.002197265625,6.791646480560303,7.991174697875977
127.0,-16.875,0.3336019515991211,241.6339111328125,8.002197265625,6.796899795532227,7.991174697875977
128.0,-16.875,0.33358076214790344,241.6316680908203,8.002197265625,6.8021931648254395,7.991174697875977
129.0,-16.875,0.33358827233314514,241.62948608398438,8.002197265625,6.807525634765625,7.991174697875977
130.0,-16.875,0.33358344435691833,241.62741088867188,8.002197265625,6.81289529800415,7.991174697875977
131.0,-16.875,0.3335810899734497,241.62542724609375,8.002197265625,6.818299770355225,7.991174697875977
132.0,-16.875,0.33359572291374207,241.62351989746094,8.002197265625,6.8237385749816895,7.991174697875977
133.0,-16.875,0.3335995376110077,241.62171936035156,8.002197265625,6.829209804534912,7.991174697875977
134.0,-16.875,0.33359307050704956,241.62002563476562,8.002197265625,6.834711074829102,7.991174697875977
135.0,-16.875,0.33360546827316284,241.618408203125,8.002197265625,6.840241432189941,7.991174697875977
136.0,-16.875,0.3335939347743988,241.61691284179688,8.002197265625,6.845798492431641,7.991174697875977
137.0,-16.875,0.3336021900177002,241.61549377441406,8.002197265625,6.851381778717041,7.991174697875977
138.0,-16.875,0.3335871398448944,241.61419677734375,8.002197265625,6.856987953186035,7.991174697875977
139.0,-16.875,0.3335929811000824,241.61297607421875,8.002197265625,6.862616539001465,7.991174697875977
140.0,-16.875,0.333590567111969,241.6118621826172,8.002197265625,6.8682661056518555,7.991174697875977
141.0,-16.875,0.33358049392700195,241.61085510253906,8.002197265625,6.8739333152771,7.991174697875977
142.0,-16.875,0.3335925042629242,241.60992431640625,8.002197265625,6.879618167877197,7.991174697875977
143.0,-16.875,0.333597332239151,241.60910034179688,8.002197265625,6.885317802429199,7.991174697875977
144.0,-16.875,0.3335951268672943,241.60838317871094,8.002197265625,6.891030788421631,7.991174697875977
145.0,-16.875,0.3335859477519989,241.60777282714844,8.002197265625,6.896755695343018,7.991174697875977
146.0,-16.875,0.33358511328697205,241.6072540283203,8.002197265625,6.902490615844727,7.991174697875977
147.0,-16.875,0.3335927724838257,241.60682678222656,8.002197265625,6.908233642578125,7.991174697875977
148.0,-16.875,0.33359405398368835,241.60650634765625,8.002197265625,6.91398286819458,7.991174697875977
149.0,-16.875,0.33358892798423767,241.60629272460938,8.002197265625,6.919737339019775,7.991174697875977
150.0,-16.875,0.33359265327453613,241.60617065429688,8.002197265625,6.9254937171936035,7.991174697875977
151.0,-16.875,0.33360522985458374,241.60614013671875,8.002197265625,6.9312520027160645,7.991174697875977
152.0,-16.875,0.33359646797180176,241.60623168945312,8.002197265625,6.937009811401367,7.991174697875977
153.0,-16.875,0.33359646797180176,241.60641479492188,8.002197265625,6.942765235900879,7.991174697875977
154.0,-16.875,0.33359023928642273,241.60670471191406,8.002197265625,6.948516845703125,7.991174697875977
155.0,-16.875,0.33359265327453613,241.60708618164062,8.002197265625,6.9542622566223145,7.991174697875977
156.0,-16.875,0.33358854055404663,241.60757446289062,8.002197265625,6.960000038146973,7.991174697875977
157.0,-16.875,0.33359286189079285,241.608154296875,8.002197265625,6.965728759765625,7.991174697875977
158.0,-16.875,0.3335902690887451,241.6088409423828,8.002197265625,6.971445560455322,7.991174697875977
159.0,-16.875,0.33359575271606445,241.609619140625,8.002197265625,6.9771504402160645,7.991174697875977
160.0,-16.875,0.3335939645767212,241.61050415039062,8.002197265625,6.982840538024902,7.991174697875977
161.0,-16.875,0.3335847854614258,241.6114959716797,8.002197265625,6.988514423370361,7.991174697875977
162.0,-16.875,0.3335975408554077,241.61256408691406,8.002197265625,6.994170188903809,7.991174697875977
163.0,-16.875,0.3336023688316345,241.61373901367188,8.002197265625,6.999806880950928,7.991174697875977
164.0,-16.875,0.33358386158943176,241.6150360107422,8.002197265625,7.005420684814453,7.991174697875977
165.0,-16.875,0.3335863947868347,241.6164093017578,8.002197265625,7.011012554168701,7.991174697875977
166.0,-16.875,0.3335944712162018,241.6178741455078,8.002197265625,7.016579627990723,7.991174697875977
167.0,-16.875,0.33359295129776,241.61944580078125,8.002197265625,7.022119522094727,7.991174697875977
168.0,-16.875,0.3335960805416107,241.62110900878906,8.002197265625,7.0276312828063965,7.991174697875977
169.0,-16.875,0.33358892798423767,241.6228790283203,8.002197265625,7.0331130027771,7.991174697875977
170.0,-16.875,0.33359989523887634,241.62472534179688,8.002197265625,7.0385637283325195,7.991174697875977
171.0,-16.875,0.33358529210090637,241.62669372558594,8.002197265625,7.043980598449707,7.991174697875977
172.0,-16.875,0.3336015045642853,241.62872314453125,8.002197265625,7.049362659454346,7.991174697875977
173.0,-16.875,0.33359143137931824,241.63087463378906,8.002197265625,7.054708003997803,7.991174697875977
174.0,-16.875,0.33358293771743774,241.63311767578125,8.002197265625,7.060015678405762,7.991174697875977
175.0,-16.875,0.3335888981819153,241.63543701171875,8.002197265625,7.065283298492432,7.991174697875977
176.0,-16.875,0.3335949778556824,241.63784790039062,8.002197265625,7.070509910583496,7.991174697875977
177.0,-16.875,0.33360013365745544,241.64035034179688,8.002197265625,7.075693130493164,7.991174697875977
178.0,-16.875,0.33359038829803467,241.64295959472656,8.002197265625,7.080831527709961,7.991174697875977
179.0,-16.875,0.3335922956466675,241.64564514160156,8.002197265625,7.08592414855957,7.991174697875977
180.0,-16.875,0.3335912823677063,241.64842224121094,8.002197265625,7.090968608856201,7.991174697875977
181.0,-16.875,0.3336004614830017,241.65127563476562,8.002197265625,7.0959649085998535,7.991174697875977
182.0,-16.875,0.33359217643737793,241.65423583984375,8.002197265625,7.10090970993042,7.991174697875977
183.0,-16.875,0.33359217643737793,241.6572723388672,8.002197265625,7.105802536010742,7.991174697875977
184.0,-16.875,0.33358636498451233,241.660400390625,8.002197265625,7.110641002655029,7.991174697875977
185.0,-16.875,0.3335874378681183,241.66360473632812,8.002197265625,7.115425109863281,7.991174697875977
186.0,-16.875,0.33359387516975403,241.66688537597656,8.002197265625,7.120152473449707,7.991174697875977
187.0,-16.875,0.3335922360420227,241.67025756835938,8.002197265625,7.124821186065674,7.991174697875977
188.0,-16.875,0.33359453082084656,241.6737060546875,8.002197265625,7.129430770874023,7.991174697875977
189.0,-16.875,0.3335877060890198,241.67724609375,8.002197265625,7.133979320526123,7.991174697875977
190.0,-16.875,0.33359432220458984,241.68084716796875,8.002197265625,7.13846492767334,7.991174697875977
191.0,-16.875,0.3335910737514496,241.68453979492188,8.002197265625,7.142888069152832,7.991174697875977
192.0,-16.875,0.3335990607738495,241.68829345703125,8.002197265625,7.147245407104492,7.991174697875977
193.0,-16.875,0.3335950970649719,241.692138671875,8.002197265625,7.151536464691162,7.991174697875977
194.0,-16.875,0.3335897922515869,241.69606018066406,8.002197265625,7.155759811401367,7.991174697875977
195.0,-16.875,0.3335933983325958,241.70004272460938,8.002197265625,7.159914493560791,7.991174697875977
196.0,-16.875,0.33359360694885254,241.7041015625,8.002197265625,7.163998603820801,7.991174697875977
197.0,-16.875,0.33358991146087646,241.70823669433594,8.002197265625,7.16801118850708,7.991174697875977
198.0,-16.875,0.3335924744606018,241.71243286132812,8.002197265625,7.171951770782471,7.991174697875977
199.0,-16.875,0.33359888195991516,241.71669006347656,8.002197265625,7.175817489624023,7.991174697875977
200.0,-16.875,0.33358997106552124,241.72103881835938,8.002197265625,7.179609298706055,7.991174697875977
201.0,-16.875,0.33359313011169434,241.72543334960938,8.002197265625,7.183323860168457,7.991174697875977
202.0,-16.875,0.3335985243320465,241.72988891601562,8.002197265625,7.186961650848389,7.991174697875977
203.0,-16.875,0.333595335483551,241.7344207763672,8.002197265625,7.190520763397217,7.991174697875977
204.0,-16.875,0.33360153436660767,241.73899841308594,8.002197265625,7.194000244140625,7.991174697875977
205.0,-16.875,0.33359840512275696,241.74365234375,8.002197265625,7.197399616241455,7.991174697875977
206.0,-16.875,0.3336023986339569,241.74835205078125,8.002197265625,7.200716972351074,7.991174697875977
207.0,-16.875,0.33359581232070923,241.7531280517578,8.002197265625,7.203951835632324,7.991174697875977
208.0,-16.875,0.3336028456687927,241.7579345703125,8.002197265625,7.2071027755737305,7.991174697875977
209.0,-16.875,0.3335977792739868,241.7628173828125,8.002197265625,7.210168838500977,7.991174697875977
210.0,-16.875,0.3335970640182495,241.7677459716797,8.002197265625,7.2131500244140625,7.991174697875977
211.0,-16.875,0.3335917592048645,241.77273559570312,8.002197265625,7.216044902801514,7.991174697875977
212.0,-16.875,0.33359554409980774,241.7777557373047,8.002197265625,7.2188520431518555,7.991174697875977
213.0,-16.875,0.3335932195186615,241.7828369140625,8.002197265625,7.22157096862793,7.991174697875977
214.0,-16.875,0.33359846472740173,241.78794860839844,8.002197265625,7.224201202392578,7.991174697875977
215.0,-16.875,0.33359628915786743,241.79312133789062,8.002197265625,7.226741313934326,7.991174697875977
216.0,-16.875,0.33359336853027344,241.79833984375,8.002197265625,7.229190826416016,7.991174697875977
217.0,-16.875,0.3336018919944763,241.80357360839844,8.002197265625,7.2315497398376465,7.991174697875977
218.0,-16.875,0.3336015045642853,241.80886840820312,8.002197265625,7.233816146850586,7.991174697875977
219.0,-16.875,0.33359795808792114,241.814208984375,8.002197265625,7.235989093780518,7.991174697875977
220.0,-16.875,0.33359774947166443,241.819580078125,8.002197265625,7.238069534301758,7.991174697875977
221.0,-16.875,0.33359891176223755,241.82498168945312,8.002197265625,7.240055561065674,7.991174697875977
222.0,-16.875,0.3336016833782196,241.83041381835938,8.002197265625,7.241947650909424,7.991174697875977
223.0,-16.875,0.3335990905761719,241.8358917236328,8.002197265625,7.243743419647217,7.991174697875977
224.0,-16.875,0.3335970938205719,241.84140014648438,8.002197265625,7.245443820953369,7.991174697875977
225.0,-16.875,0.33359938859939575,241.846923828125,8.002197265625,7.247048377990723,7.991174697875977
226.0,-16.875,0.33360013365745544,241.85247802734375,8.002197265625,7.248555660247803,7.991174697875977
227.0,-16.875,0.3335999548435211,241.85806274414062,8.002197265625,7.249966144561768,7.991174697875977
228.0,-16.875,0.3335983157157898,241.86367797851562,8.002197265625,7.251278877258301,7.991174697875977
229.0,-16.875,0.3335985839366913,241.8693084716797,8.002197265625,7.252493858337402,7.991174697875977
230.0,-16.875,0.3336023688316345,241.87493896484375,8.002197265625,7.253610134124756,7.991174697875977
231.0,-16.875,0.33360064029693604,241.880615234375,8.002197265625,7.254627227783203,7.991174697875977
232.0,-16.875,0.33360204100608826,241.88629150390625,8.002197265625,7.255545616149902,7.991174697875977
233.0,-16.875,0.33360129594802856,241.89199829101562,8.002197265625,7.256364822387695,7.991174697875977
234.0,-16.875,0.33360055088996887,241.89772033691406,8.002197265625,7.257084369659424,7.991174697875977
235.0,-16.875,0.3336009085178375,241.9034423828125,8.002197265625,7.25770378112793,7.991174697875977
236.0,-16.875,0.33360233902931213,241.90916442871094,8.002197265625,7.258223533630371,7.991174697875977
237.0,-16.875,0.3336014449596405,241.9149169921875,8.002197265625,7.258642673492432,7.991174697875977
238.0,-16.875,0.33360254764556885,241.920654296875,8.002197265625,7.258962154388428,7.991174697875977
239.0,-16.875,0.33360177278518677,241.92642211914062,8.002197265625,7.259180545806885,7.991174697875977
240.0,-16.875,0.3336024880409241,241.9321746826172,8.002197265625,7.259299278259277,7.991174697875977
241.0,-16.875,0.33360251784324646,241.9379425048828,8.002197265625,7.259316921234131,7.991174697875977
242.0,-16.875,0.3336029052734375,241.94369506835938,8.002197265625,7.259234428405762,7.991174697875977
243.0,-16.875,0.3336030840873718,241.94944763183594,8.002197265625,7.259051322937012,7.991174697875977
244.0,-16.875,0.33360230922698975,241.95518493652344,8.002197265625,7.258767604827881,7.991174697875977
245.0,-16.875,0.3336039185523987,241.96095275878906,8.002197265625,7.258383750915527,7.991174697875977
246.0,-16.875,0.3336038887500763,241.96669006347656,8.002197265625,7.257899284362793,7.991174697875977
247.0,-16.875,0.33360403776168823,241.972412109375,8.002197265625,7.257315635681152,7.991174697875977
248.0,-16.875,0.3336046040058136,241.97813415527344,8.002197265625,7.256631374359131,7.991174697875977
249.0,-16.875,0.333605021238327,241.9838409423828,8.002197265625,7.255847454071045,7.991174697875977
250.0,-16.875,0.3336036801338196,241.98951721191406,8.002197265625,7.254964828491211,7.991174697875977
251.0,-16.875,0.3336033225059509,241.9951934814453,8.002197265625,7.253981590270996,7.991174697875977
252.0,-16.875,0.3336051404476166,242.0008544921875,8.002197265625,7.252901077270508,7.991174697875977
253.0,-16.875,0.333607017993927,242.00650024414062,8.002197265625,7.251720905303955,7.991174697875977
254.0,-16.875,0.3336040675640106,242.01210021972656,8.002197265625,7.250442981719971,7.991174697875977
255.0,-16.875,0.333602637052536,242.01768493652344,8.002197265625,7.249067306518555,7.991174697875977
256.0,-16.875,0.3336075246334076,242.0232696533203,8.002197265625,7.247594356536865,7.991174697875977
257.0,-16.875,0.33360737562179565,242.02880859375,8.002197265625,7.246024131774902,7.991174697875977
258.0,-16.875,0.3336066007614136,242.03431701660156,8.002197265625,7.244357585906982,7.991174697875977
259.0,-16.875,0.33360564708709717,242.039794921875,8.002197265625,7.242595195770264,7.991174697875977
260.0,-16.875,0.33360493183135986,242.0452423095703,8.002197265625,7.240737438201904,7.991174697875977
261.0,-16.875,0.333605021238327,242.0506591796875,8.002197265625,7.2387847900390625,7.991174697875977
262.0,-16.875,0.3336065411567688,242.05604553222656,8.002197265625,7.2367377281188965,7.991174697875977
263.0,-16.875,0.3336048424243927,242.06138610839844,8.002197265625,7.234597206115723,7.991174697875977
264.0,-16.875,0.33360597491264343,242.0666961669922,8.002197265625,7.232363700866699,7.991174697875977
265.0,-16.875,0.33360499143600464,242.07196044921875,8.002197265625,7.230038166046143,7.991174697875977
266.0,-16.875,0.33360809087753296,242.0771942138672,8.002197265625,7.227620601654053,7.991174697875977
267.0,-16.875,0.3336104154586792,242.08238220214844,8.002197265625,7.225112438201904,7.991174697875977
268.0,-16.875,0.33360493183135986,242.08750915527344,8.002197265625,7.222513675689697,7.991174697875977
269.0,-16.875,0.3336069881916046,242.0926055908203,8.002197265625,7.2198262214660645,7.991174697875977
270.0,-16.875,0.3336102366447449,242.09765625,8.002197265625,7.217050552368164,7.991174697875977
271.0,-16.875,0.3336072862148285,242.10264587402344,8.002197265625,7.214186668395996,7.991174697875977
272.0,-16.875,0.3336070775985718,242.1075897216797,8.002197265625,7.211236476898193,7.991174697875977
273.0,-16.875,0.33360180258750916,242.1124725341797,8.002197265625,7.208199977874756,7.991174697875977
274.0,-16.875,0.3336092531681061,242.11732482910156,8.002197265625,7.205079078674316,7.991174697875977
275.0,-16.875,0.3336135149002075,242.1221160888672,8.002197265625,7.201873779296875,7.991174697875977
276.0,-16.875,0.33360642194747925,242.1268310546875,8.002197265625,7.198585033416748,7.991174697875977
277.0,-16.875,0.3336069583892822,242.13150024414062,8.002197265625,7.195215225219727,7.991174697875977
278.0,-16.875,0.33360612392425537,242.1361083984375,8.002197265625,7.191763877868652,7.991174697875977
279.0,-16.875,0.33360543847084045,242.14065551757812,8.002197265625,7.188232898712158,7.991174697875977
280.0,-16.875,0.33360564708709717,242.1451416015625,8.002197265625,7.1846232414245605,7.991174697875977
281.0,-16.875,0.3336068391799927,242.14956665039062,8.002197265625,7.180934906005859,7.991174697875977
282.0,-16.875,0.3336116373538971,242.1539306640625,8.002197265625,7.177171230316162,7.991174697875977
283.0,-16.875,0.333609402179718,242.15821838378906,8.002197265625,7.173331260681152,7.991174697875977
284.0,-16.875,0.3336014747619629,242.1624298095703,8.002197265625,7.169417381286621,7.991174697875977
285.0,-16.875,0.33360910415649414,242.16659545898438,8.002197265625,7.165430068969727,7.991174697875977
286.0,-16.875,0.33361294865608215,242.17068481445312,8.002197265625,7.161371231079102,7.991174697875977
287.0,-16.875,0.33360227942466736,242.1746826171875,8.002197265625,7.157241344451904,7.991174697875977
288.0,-16.875,0.3336106538772583,242.1786346435547,8.002197265625,7.153041839599609,7.991174697875977
289.0,-16.875,0.33360689878463745,242.1824951171875,8.002197265625,7.148775100708008,7.991174697875977
290.0,-16.875,0.33361324667930603,242.18629455566406,8.002197265625,7.1444411277771,7.991174697875977
291.0,-16.875,0.33360758423805237,242.19000244140625,8.002197265625,7.140040874481201,7.991174697875977
292.0,-16.875,0.3336030840873718,242.19363403320312,8.002197265625,7.135577201843262,7.991174697875977
293.0,-16.875,0.33361196517944336,242.19720458984375,8.002197265625,7.1310505867004395,7.991174697875977
294.0,-16.875,0.3336118459701538,242.20068359375,8.002197265625,7.126462936401367,7.991174697875977
295.0,-16.875,0.3336147964000702,242.20408630371094,8.002197265625,7.121814727783203,7.991174697875977
296.0,-16.875,0.33360975980758667,242.2073974609375,8.002197265625,7.11710786819458,7.991174697875977
297.0,-16.875,0.33361008763313293,242.21063232421875,8.002197265625,7.112344264984131,7.991174697875977
298.0,-16.875,0.3336164951324463,242.2137908935547,8.002197265625,7.107524871826172,7.991174697875977
299.0,-16.875,0.33360421657562256,242.2168426513672,8.002197265625,7.102651119232178,7.991174697875977
300.0,-16.875,0.33361226320266724,242.21983337402344,8.002197265625,7.097723960876465,7.991174697875977
301.0,-16.875,0.3336164057254791,242.2227325439453,8.002197265625,7.092746257781982,7.991174697875977
302.0,-16.875,0.3336170017719269,242.2255401611328,8.002197265625,7.087718963623047,7.991174697875977
303.0,-16.875,0.3336145281791687,242.22825622558594,8.002197265625,7.082643032073975,7.991174697875977
304.0,-16.875,0.3336096405982971,242.2308807373047,8.002197265625,7.077520370483398,7.991174697875977
305.0,-16.875,0.3336166739463806,242.23342895507812,8.002197265625,7.072352409362793,7.991174697875977
306.0,-16.875,0.3336096704006195,242.23587036132812,8.002197265625,7.067142009735107,7.991174697875977
307.0,-16.875,0.333615779876709,242.2382354736328,8.002197265625,7.061888694763184,7.991174697875977
308.0,-16.875,0.33360862731933594,242.24049377441406,8.002197265625,7.056595325469971,7.991174697875977
309.0,-16.875,0.33361631631851196,242.24267578125,8.002197265625,7.051262855529785,7.991174697875977
310.0,-16.875,0.33361169695854187,242.2447509765625,8.002197265625,7.04589319229126,7.991174697875977
311.0,-16.875,0.33360952138900757,242.24673461914062,8.002197265625,7.0404887199401855,7.991174697875977
312.0,-16.875,0.33361002802848816,242.24862670898438,8.002197265625,7.035049915313721,7.991174697875977
313.0,-16.875,0.33361393213272095,242.25042724609375,8.002197265625,7.029578685760498,7.991174697875977
314.0,-16.875,0.3336219787597656,242.25213623046875,8.002197265625,7.024077415466309,7.991174697875977
315.0,-16.875,0.3336201310157776,242.2537384033203,8.002197265625,7.018547534942627,7.991174697875977
316.0,-16.875,0.3336084187030792,242.25523376464844,8.002197265625,7.012989521026611,7.991174697875977
317.0,-16.875,0.33361682295799255,242.25665283203125,8.002197265625,7.007406711578369,7.991174697875977
318.0,-16.875,0.33361661434173584,242.25796508789062,8.002197265625,7.001800537109375,7.991174697875977
319.0,-16.875,0.3336077630519867,242.25917053222656,8.002197265625,6.996171951293945,7.991174697875977
320.0,-16.875,0.33360540866851807,242.26028442382812,8.002197265625,6.990522384643555,7.991174697875977
321.0,-16.875,0.33361026644706726,242.2613067626953,8.002197265625,6.9848551750183105,7.991174697875977
322.0,-16.875,0.3336223363876343,242.26223754882812,8.002197265625,6.979170322418213,7.991174697875977
323.0,-16.875,0.33362725377082825,242.2630615234375,8.002197265625,6.973470687866211,7.991174697875977
324.0,-16.875,0.33361008763313293,242.26376342773438,8.002197265625,6.967757701873779,7.991174697875977
325.0,-16.875,0.3336009681224823,242.26437377929688,8.002197265625,6.962032794952393,7.991174697875977
326.0,-16.875,0.33360016345977783,242.264892578125,8.002197265625,6.956297874450684,7.991174697875977
327.0,-16.875,0.33360785245895386,242.26531982421875,8.002197265625,6.950554847717285,7.991174697875977
328.0,-16.875,0.33360910415649414,242.26564025878906,8.002197265625,6.94480562210083,7.991174697875977
329.0,-16.875,0.333619087934494,242.265869140625,8.002197265625,6.939051151275635,7.991174697875977
330.0,-16.875,0.33362284302711487,242.2659912109375,8.002197265625,6.933294773101807,7.991174697875977
331.0,-16.875,0.3336203098297119,242.26600646972656,8.002197265625,6.9275360107421875,7.991174697875977
332.0,-16.875,0.33361154794692993,242.2659149169922,8.002197265625,6.921778202056885,7.991174697875977
333.0,-16.875,0.3336115777492523,242.26573181152344,8.002197265625,6.916023254394531,7.991174697875977
334.0,-16.875,0.3336203694343567,242.2654571533203,8.002197265625,6.910271644592285,7.991174697875977
335.0,-16.875,0.3336077034473419,242.2650604248047,8.002197265625,6.904526233673096,7.991174697875977
336.0,-16.875,0.33360356092453003,242.2645721435547,8.002197265625,6.8987884521484375,7.991174697875977
337.0,-16.875,0.33362284302711487,242.26400756835938,8.002197265625,6.893059730529785,7.991174697875977
338.0,-16.875,0.33360522985458374,242.2633056640625,8.002197265625,6.887342929840088,7.991174697875977
339.0,-16.875,0.3336256146430969,242.26254272460938,8.002197265625,6.881638050079346,7.991174697875977
340.0,-16.875,0.33360886573791504,242.2616424560547,8.002197265625,6.875947952270508,7.991174697875977
341.0,-16.875,0.3336144983768463,242.2606658935547,8.002197265625,6.870274066925049,7.991174697875977
342.0,-16.875,0.3336123526096344,242.25958251953125,8.002197265625,6.864618301391602,7.991174697875977
343.0,-16.875,0.33361712098121643,242.25840759277344,8.002197265625,6.858981609344482,7.991174697875977
344.0,-16.875,0.3335985541343689,242.25711059570312,8.002197265625,6.853367805480957,7.991174697875977
345.0,-16.875,0.3336009979248047,242.2557373046875,8.002197265625,6.847775936126709,7.991174697875977
346.0,-16.875,0.333609014749527,242.2542724609375,8.002197265625,6.8422088623046875,7.991174697875977
347.0,-16.875,0.33360743522644043,242.25270080566406,8.002197265625,6.836668968200684,7.991174697875977
348.0,-16.875,0.333610475063324,242.25103759765625,8.002197265625,6.831157207489014,7.991174697875977
349.0,-16.875,0.33360326290130615,242.249267578125,8.002197265625,6.8256754875183105,7.991174697875977
350.0,-16.875,0.33361417055130005,242.24742126464844,8.002197265625,6.820224761962891,7.991174697875977
351.0,-16.875,0.3335994482040405,242.24545288085938,8.002197265625,6.814807891845703,7.991174697875977
352.0,-16.875,0.33361560106277466,242.24342346191406,8.002197265625,6.8094258308410645,7.991174697875977
353.0,-16.875,0.33360540866851807,242.24127197265625,8.002197265625,6.804080486297607,7.991174697875977
354.0,-16.875,0.3336106538772583,242.23904418945312,8.002197265625,6.798772811889648,7.991174697875977
355.0,-16.875,0.333602637052536,242.23670959472656,8.002197265625,6.7935051918029785,7.991174697875977
356.0,-16.875,0.33360859751701355,242.2342987060547,8.002197265625,6.788278579711914,7.991174697875977
357.0,-16.875,0.33361369371414185,242.23179626464844,8.002197265625,6.783095359802246,7.991174697875977
358.0,-16.875,0.33360400795936584,242.22918701171875,8.002197265625,6.777956485748291,7.991174697875977
359.0,-16.875,0.3336055874824524,242.22650146484375,8.002197265625,6.77286434173584,7.991174697875977
0.0,-22.5,0.2535262405872345,242.15467834472656,8.002197265625,6.810878753662109,7.991174697875977
1.0,-22.5,0.25352269411087036,242.15257263183594,8.002197265625,6.807081699371338,7.991174697875977
2.0,-22.5,0.25352340936660767,242.15040588378906,8.002197265625,6.803321838378906,7.991174697875977
3.0,-22.5,0.25351473689079285,242.14816284179688,8.002197265625,6.799600601196289,7.991174697875977
4.0,-22.5,0.2535218596458435,242.1458740234375,8.002197265625,6.795918941497803,7.991174697875977
5.0,-22.5,0.25353148579597473,242.14352416992188,8.002197265625,6.7922773361206055,7.991174697875977
6.0,-22.5,0.2535175681114197,242.14108276367188,8.002197265625,6.788678169250488,7.991174697875977
7.0,-22.5,0.2535172700881958,242.1385955810547,8.002197265625,6.785121917724609,7.991174697875977
8.0,-22.5,0.2535175085067749,242.13604736328125,8.002197265625,6.781609535217285,7.991174697875977
9.0,-22.5,0.2535180449485779,242.13343811035156,8.002197265625,6.778141498565674,7.991174697875977
10.0,-22.5,0.2535175085067749,242.13076782226562,8.002197265625,6.774720191955566,7.991174697875977
11.0,-22.5,0.25352713465690613,242.1280517578125,8.002197265625,6.771346092224121,7.991174697875977
12.0,-22.5,0.25352343916893005,242.12525939941406,8.002197265625,6.768019676208496,7.991174697875977
13.0,-22.5,0.2535286545753479,242.12242126464844,8.002197265625,6.764742374420166,7.991174697875977
14.0,-22.5,0.2535189390182495,242.1195068359375,8.002197265625,6.761516094207764,7.991174697875977
15.0,-22.5,0.25351712107658386,242.11654663085938,8.002197265625,6.758340358734131,7.991174697875977
16.0,-22.5,0.25351154804229736,242.113525390625,8.002197265625,6.755216121673584,7.991174697875977
17.0,-22.5,0.253522127866745,242.1104736328125,8.002197265625,6.752145290374756,7.991174697875977
18.0,-22.5,0.2535160779953003,242.1073455810547,8.002197265625,6.749129295349121,7.991174697875977
19.0,-22.5,0.25351482629776,242.1041717529297,8.002197265625,6.7461676597595215,7.991174697875977
20.0,-22.5,0.25352710485458374,242.10096740722656,8.002197265625,6.743261814117432,7.991174697875977
21.0,-22.5,0.25352224707603455,242.09768676757812,8.002197265625,6.740412712097168,7.991174697875977
22.0,-22.5,0.2535199820995331,242.0943603515625,8.002197265625,6.737620830535889,7.991174697875977
23.0,-22.5,0.25351911783218384,242.0909881591797,8.002197265625,6.734887599945068,7.991174697875977
24.0,-22.5,0.2535192370414734,242.0875701904297,8.002197265625,6.732213497161865,7.991174697875977
25.0,-22.5,0.2535102367401123,242.08409118652344,8.002197265625,6.729599952697754,7.991174697875977
26.0,-22.5,0.25351929664611816,242.08059692382812,8.002197265625,6.727046489715576,7.991174697875977
27.0,-22.5,0.25351816415786743,242.07704162597656,8.002197265625,6.724555015563965,7.991174697875977
28.0,-22.5,0.2535151243209839,242.0734405517578,8.002197265625,6.722126483917236,7.991174697875977
29.0,-22.5,0.2535187304019928,242.06980895996094,8.002197265625,6.719760417938232,7.991174697875977
30.0,-22.5,0.2535195052623749,242.06613159179688,8.002197265625,6.717458248138428,7.991174697875977
31.0,-22.5,0.25351694226264954,242.06240844726562,8.002197265625,6.715220928192139,7.991174697875977
32.0,-22.5,0.253518283367157,242.05865478515625,8.002197265625,6.713048934936523,7.991174697875977
33.0,-22.5,0.2535160481929779,242.0548553466797,8.002197265625,6.710942268371582,7.991174697875977
34.0,-22.5,0.2535228431224823,242.05104064941406,8.002197265625,6.708902835845947,7.991174697875977
35.0,-22.5,0.2535114288330078,242.04714965820312,8.002197265625,6.706930160522461,7.991174697875977
36.0,-22.5,0.25351518392562866,242.0432586669922,8.002197265625,6.7050251960754395,7.991174697875977
37.0,-22.5,0.2535134255886078,242.03932189941406,8.002197265625,6.703188419342041,7.991174697875977
38.0,-22.5,0.2535179555416107,242.03536987304688,8.002197265625,6.701420783996582,7.991174697875977
39.0,-22.5,0.25351613759994507,242.0313720703125,8.002197265625,6.699722766876221,7.991174697875977
40.0,-22.5,0.25351420044898987,242.02734375,8.002197265625,6.698094367980957,7.991174697875977
41.0,-22.5,0.25351622700691223,242.02330017089844,8.002197265625,6.696537017822266,7.991174697875977
42.0,-22.5,0.2535170614719391,242.01922607421875,8.002197265625,6.695050239562988,7.991174697875977
43.0,-22.5,0.2535112798213959,242.01510620117188,8.002197265625,6.693634986877441,7.991174697875977
44.0,-22.5,0.2535179555416107,242.01100158691406,8.002197265625,6.692291259765625,7.991174697875977
45.0,-22.5,0.2535177171230316,242.00685119628906,8.002197265625,6.691019535064697,7.991174697875977
46.0,-22.5,0.25351482629776,242.00267028808594,8.002197265625,6.689820766448975,7.991174697875977
47.0,-22.5,0.25351351499557495,241.99847412109375,8.002197265625,6.688694953918457,7.991174697875977
48.0,-22.5,0.25351616740226746,241.99427795410156,8.002197265625,6.687643051147461,7.991174697875977
49.0,-22.5,0.25351348519325256,241.9900360107422,8.002197265625,6.686663627624512,7.991174697875977
50.0,-22.5,0.2535165846347809,241.98580932617188,8.002197265625,6.6857590675354,7.991174697875977
51.0,-22.5,0.25351664423942566,241.98155212402344,8.002197265625,6.6849284172058105,7.991174697875977
52.0,-22.5,0.25351646542549133,241.97727966308594,8.002197265625,6.6841721534729,7.991174697875977
53.0,-22.5,0.2535139322280884,241.9729766845703,8.002197265625,6.68349027633667,7.991174697875977
54.0,-22.5,0.25351449847221375,241.96868896484375,8.002197265625,6.682884216308594,7.991174697875977
55.0,-22.5,0.25351482629776,241.96438598632812,8.002197265625,6.682352542877197,7.991174697875977
56.0,-22.5,0.2535128593444824,241.96005249023438,8.002197265625,6.681896209716797,7.991174697875977
57.0,-22.5,0.25351449847221375,241.95574951171875,8.002197265625,6.681515216827393,7.991174697875977
58.0,-22.5,0.2535127103328705,241.95140075683594,8.002197265625,6.681210041046143,7.991174697875977
59.0,-22.5,0.25351274013519287,241.9470672607422,8.002197265625,6.680980205535889,7.991174697875977
60.0,-22.5,0.25351306796073914,241.9427490234375,8.002197265625,6.680826187133789,7.991174697875977
61.0,-22.5,0.2535124123096466,241.9384002685547,8.002197265625,6.680747985839844,7.991174697875977
62.0,-22.5,0.2535124719142914,241.93405151367188,8.002197265625,6.6807451248168945,7.991174697875977
63.0,-22.5,0.25351279973983765,241.92970275878906,8.002197265625,6.6808180809021,7.991174697875977
64.0,-22.5,0.25351211428642273,241.92538452148438,8.002197265625,6.680966854095459,7.991174697875977
65.0,-22.5,0.2535117566585541,241.92105102539062,8.002197265625,6.681191444396973,7.991174697875977
66.0,-22.5,0.253511518239975,241.91671752929688,8.002197265625,6.681491851806641,7.991174697875977
67.0,-22.5,0.2535111606121063,241.9123992919922,8.002197265625,6.6818671226501465,7.991174697875977
68.0,-22.5,0.2535110116004944,241.9080810546875,8.002197265625,6.682318210601807,7.991174697875977
69.0,-22.5,0.2535119652748108,241.9037628173828,8.002197265625,6.682844638824463,7.991174697875977
70.0,-22.5,0.2535105049610138,241.89947509765625,8.002197265625,6.683445930480957,7.991174697875977
71.0,-22.5,0.25351056456565857,241.8951873779297,8.002197265625,6.684122085571289,7.991174697875977
72.0,-22.5,0.2535127103328705,241.89089965820312,8.002197265625,6.684873104095459,7.991174697875977
73.0,-22.5,0.25350961089134216,241.88665771484375,8.002197265625,6.68569803237915,7.991174697875977
74.0,-22.5,0.25350847840309143,241.88241577148438,8.002197265625,6.68659782409668,7.991174697875977
75.0,-22.5,0.2535105347633362,241.878173828125,8.002197265625,6.687572002410889,7.991174697875977
76.0,-22.5,0.25351056456565857,241.87396240234375,8.002197265625,6.688619136810303,7.991174697875977
77.0,-22.5,0.253510981798172,241.86976623535156,8.002197265625,6.689740180969238,7.991174697875977
78.0,-22.5,0.25350916385650635,241.8656005859375,8.002197265625,6.690933704376221,7.991174697875977
79.0,-22.5,0.2535090744495392,241.8614501953125,8.002197265625,6.69219970703125,7.991174697875977
80.0,-22.5,0.2535063326358795,241.85733032226562,8.002197265625,6.693538188934326,7.991174697875977
81.0,-22.5,0.2535110414028168,241.85321044921875,8.002197265625,6.694948673248291,7.991174697875977
82.0,-22.5,0.253509521484375,241.84913635253906,8.002197265625,6.696430206298828,7.991174697875977
83.0,-22.5,0.25351136922836304,241.84507751464844,8.002197265625,6.697983264923096,7.991174697875977
84.0,-22.5,0.25351274013519287,241.84104919433594,8.002197265625,6.699606418609619,7.991174697875977
85.0,-22.5,0.2535075545310974,241.83706665039062,8.002197265625,6.701299667358398,7.991174697875977
86.0,-22.5,0.2535078525543213,241.83309936523438,8.002197265625,6.703062534332275,7.991174697875977
87.0,-22.5,0.25350838899612427,241.82916259765625,8.002197265625,6.704894542694092,7.991174697875977
88.0,-22.5,0.25350385904312134,241.8252716064453,8.002197265625,6.706794261932373,7.991174697875977
89.0,-22.5,0.25351351499557495,241.82138061523438,8.002197265625,6.7087626457214355,7.991174697875977
90.0,-22.5,0.253512442111969,241.8175506591797,8.002197265625,6.710797309875488,7.991174697875977
91.0,-22.5,0.253506064414978,241.8137664794922,8.002197265625,6.712899208068848,7.991174697875977
92.0,-22.5,0.2535027861595154,241.8100128173828,8.002197265625,6.715066909790039,7.991174697875977
93.0,-22.5,0.253511518239975,241.8062744140625,8.002197265625,6.717299461364746,7.991174697875977
94.0,-22.5,0.2535012364387512,241.8026123046875,8.002197265625,6.719596862792969,7.991174697875977
95.0,-22.5,0.25350409746170044,241.79896545410156,8.002197265625,6.721958160400391,7.991174697875977
96.0,-22.5,0.2535047233104706,241.7953643798828,8.002197265625,6.7243828773498535,7.991174697875977
97.0,-22.5,0.2535037398338318,241.79180908203125,8.002197265625,6.726870059967041,7.991174697875977
98.0,-22.5,0.2535106837749481,241.7882843017578,8.002197265625,6.729418754577637,7.991174697875977
99.0,-22.5,0.2535082995891571,241.78482055664062,8.002197265625,6.732028484344482,7.991174697875977
100.0,-22.5,0.25350603461265564,241.78140258789062,8.002197265625,6.734698295593262,7.991174697875977
101.0,-22.5,0.2535141706466675,241.77801513671875,8.002197265625,6.737427234649658,7.991174697875977
102.0,-22.5,0.25351428985595703,241.77468872070312,8.002197265625,6.740214824676514,7.991174697875977
103.0,-22.5,0.2535066604614258,241.77142333984375,8.002197265625,6.743060111999512,7.991174697875977
104.0,-22.5,0.2535020112991333,241.76820373535156,8.002197265625,6.745961666107178,7.991174697875977
105.0,-22.5,0.253510445356369,241.7650146484375,8.002197265625,6.74891996383667,7.991174697875977
106.0,-22.5,0.25351354479789734,241.7618865966797,8.002197265625,6.751932621002197,7.991174697875977
107.0,-22.5,0.2535002827644348,241.7588348388672,8.002197265625,6.75499963760376,7.991174697875977
108.0,-22.5,0.25350335240364075,241.7558135986328,8.002197265625,6.758119583129883,7.991174697875977
109.0,-22.5,0.253512978553772,241.75283813476562,8.002197265625,6.761291980743408,7.991174697875977
110.0,-22.5,0.2534971237182617,241.7499542236328,8.002197265625,6.764514923095703,7.991174697875977
111.0,-22.5,0.2535114586353302,241.74708557128906,8.002197265625,6.767788410186768,7.991174697875977
112.0,-22.5,0.25351181626319885,241.74429321289062,8.002197265625,6.771111488342285,7.991174697875977
113.0,-22.5,0.2535102367401123,241.74156188964844,8.002197265625,6.774482727050781,7.991174697875977
114.0,-22.5,0.25350749492645264,241.7388916015625,8.002197265625,6.777900695800781,7.991174697875977
115.0,-22.5,0.25350385904312134,241.7362823486328,8.002197265625,6.781364917755127,7.991174697875977
116.0,-22.5,0.253499835729599,241.73373413085938,8.002197265625,6.784874439239502,7.991174697875977
117.0,-22.5,0.25349631905555725,241.7312469482422,8.002197265625,6.788427829742432,7.991174697875977
118.0,-22.5,0.25350630283355713,241.7288055419922,8.002197265625,6.7920241355896,7.991174697875977
119.0,-22.5,0.2535053491592407,241.7264404296875,8.002197265625,6.795662879943848,7.991174697875977
120.0,-22.5,0.2534943222999573,241.72415161132812,8.002197265625,6.799341678619385,7.991174697875977
121.0,-22.5,0.25349897146224976,241.72190856933594,8.002197265625,6.803060054779053,7.991174697875977
122.0,-22.5,0.25350722670555115,241.7197265625,8.002197265625,6.806817054748535,7.991174697875977
123.0,-22.5,0.25350654125213623,241.71762084960938,8.002197265625,6.810611724853516,7.991174697875977
124.0,-22.5,0.25351083278656006,241.715576171875,8.002197265625,6.814442157745361,7.991174697875977
125.0,-22.5,0.2535070478916168,241.71360778808594,8.002197265625,6.818307876586914,7.991174697875977
126.0,-22.5,0.25350937247276306,241.71170043945312,8.002197265625,6.822206974029541,7.991174697875977
127.0,-22.5,0.25350433588027954,241.70986938476562,8.002197265625,6.826139450073242,7.991174697875977
128.0,-22.5,0.25350648164749146,241.70809936523438,8.002197265625,6.830102920532227,7.991174697875977
129.0,-22.5,0.25350236892700195,241.70640563964844,8.002197265625,6.834096908569336,7.991174697875977
130.0,-22.5,0.25350630283355713,241.70477294921875,8.002197265625,6.838119983673096,7.991174697875977
131.0,-22.5,0.2535052001476288,241.70321655273438,8.002197265625,6.842170238494873,7.991174697875977
132.0,-22.5,0.25349900126457214,241.7017364501953,8.002197265625,6.84624719619751,7.991174697875977
133.0,-22.5,0.25351646542549133,241.70030212402344,8.002197265625,6.8503499031066895,7.991174697875977
134.0,-22.5,0.2535013258457184,241.698974609375,8.002197265625,6.8544769287109375,7.991174697875977
135.0,-22.5,0.25351113080978394,241.69769287109375,8.002197265625,6.858625888824463,7.991174697875977
136.0,-22.5,0.25350290536880493,241.69650268554688,8.002197265625,6.862797260284424,7.991174697875977
137.0,-22.5,0.2535061240196228,241.69537353515625,8.002197265625,6.866988182067871,7.991174697875977
138.0,-22.5,0.2535064220428467,241.69432067871094,8.002197265625,6.871198654174805,7.991174697875977
139.0,-22.5,0.2534897029399872,241.693359375,8.002197265625,6.875426292419434,7.991174697875977
140.0,-22.5,0.25349974632263184,241.69244384765625,8.002197265625,6.879671096801758,7.991174697875977
141.0,-22.5,0.25350797176361084,241.6916046142578,8.002197265625,6.883930683135986,7.991174697875977
142.0,-22.5,0.25349968671798706,241.69085693359375,8.002197265625,6.888204097747803,7.991174697875977
143.0,-22.5,0.2535046637058258,241.69017028808594,8.002197265625,6.892489910125732,7.991174697875977
144.0,-22.5,0.25350818037986755,241.68955993652344,8.002197265625,6.896787643432617,7.991174697875977
145.0,-22.5,0.2535107433795929,241.68902587890625,8.002197265625,6.90109395980835,7.991174697875977
146.0,-22.5,0.25349724292755127,241.68858337402344,8.002197265625,6.905410289764404,7.991174697875977
147.0,-22.5,0.25349780917167664,241.68820190429688,8.002197265625,6.909733295440674,7.991174697875977
148.0,-22.5,0.2534976005554199,241.68789672851562,8.002197265625,6.914062023162842,7.991174697875977
149.0,-22.5,0.2534966766834259,241.6876678466797,8.002197265625,6.91839599609375,7.991174697875977
150.0,-22.5,0.25351014733314514,241.6875,8.002197265625,6.922733306884766,7.991174697875977
151.0,-22.5,0.25349313020706177,241.68743896484375,8.002197265625,6.927072525024414,7.991174697875977
152.0,-22.5,0.25349053740501404,241.68743896484375,8.002197265625,6.931412220001221,7.991174697875977
153.0,-22.5,0.25350233912467957,241.6875,8.002197265625,6.935751438140869,7.991174697875977
154.0,-22.5,0.2534986138343811,241.68765258789062,8.002197265625,6.940088272094727,7.991174697875977
155.0,-22.5,0.2535092830657959,241.6878662109375,8.002197265625,6.944422245025635,7.991174697875977
156.0,-22.5,0.25350430607795715,241.68817138671875,8.002197265625,6.948751926422119,7.991174697875977
157.0,-22.5,0.25351354479789734,241.68853759765625,8.002197265625,6.953075885772705,7.991174697875977
158.0,-22.5,0.25350692868232727,241.68899536132812,8.002197265625,6.95739221572876,7.991174697875977
159.0,-22.5,0.2534993290901184,241.6895294189453,8.002197265625,6.961699962615967,7.991174697875977
160.0,-22.5,0.253490686416626,241.6901397705078,8.002197265625,6.96599817276001,7.991174697875977
161.0,-22.5,0.25351017713546753,241.6907958984375,8.002197265625,6.970284461975098,7.991174697875977
162.0,-22.5,0.2535134553909302,241.69154357910156,8.002197265625,6.974559307098389,7.991174697875977
163.0,-22.5,0.2535001337528229,241.6923828125,8.002197265625,6.978819370269775,7.991174697875977
164.0,-22.5,0.25349968671798706,241.6932830810547,8.002197265625,6.983065128326416,7.991174697875977
165.0,-22.5,0.2535114884376526,241.69424438476562,8.002197265625,6.9872941970825195,7.991174697875977
166.0,-22.5,0.25350621342658997,241.69529724121094,8.002197265625,6.9915056228637695,7.991174697875977
167.0,-22.5,0.25349825620651245,241.69642639160156,8.002197265625,6.99569845199585,7.991174697875977
168.0,-22.5,0.2535015642642975,241.69761657714844,8.002197265625,6.999870777130127,7.991174697875977
169.0,-22.5,0.2535015642642975,241.69888305664062,8.002197265625,7.004022121429443,7.991174697875977
170.0,-22.5,0.2534976303577423,241.70022583007812,8.002197265625,7.008150100708008,7.991174697875977
171.0,-22.5,0.2535037696361542,241.70162963867188,8.002197265625,7.012254238128662,7.991174697875977
172.0,-22.5,0.25350552797317505,241.70310974121094,8.002197265625,7.01633358001709,7.991174697875977
173.0,-22.5,0.25350213050842285,241.7046661376953,8.002197265625,7.0203857421875,7.991174697875977
174.0,-22.5,0.2535075545310974,241.70628356933594,8.002197265625,7.024410724639893,7.991174697875977
175.0,-22.5,0.2535073757171631,241.70797729492188,8.002197265625,7.028407096862793,7.991174697875977
176.0,-22.5,0.2535007894039154,241.70974731445312,8.002197265625,7.03237247467041,7.991174697875977
177.0,-22.5,0.2535012662410736,241.71157836914062,8.002197265625,7.036306381225586,7.991174697875977
178.0,-22.5,0.25350865721702576,241.71347045898438,8.002197265625,7.04020881652832,7.991174697875977
179.0,-22.5,0.253508061170578,241.71543884277344,8.002197265625,7.044076442718506,7.991174697875977
180.0,-22.5,0.2535130977630615,241.71746826171875,8.002197265625,7.047909736633301,7.991174697875977
181.0,-22.5,0.2534966468811035,241.71958923339844,8.002197265625,7.051706790924072,7.991174697875977
182.0,-22.5,0.2534976005554199,241.7217559814453,8.002197265625,7.055466651916504,7.991174697875977
183.0,-22.5,0.2535020112991333,241.72398376464844,8.002197265625,7.059187889099121,7.991174697875977
184.0,-22.5,0.2535092532634735,241.7262725830078,8.002197265625,7.062869548797607,7.991174697875977
185.0,-22.5,0.25350648164749146,241.7286376953125,8.002197265625,7.066511154174805,7.991174697875977
186.0,-22.5,0.25350522994995117,241.73106384277344,8.002197265625,7.070110321044922,7.991174697875977
187.0,-22.5,0.25350508093833923,241.73355102539062,8.002197265625,7.073666572570801,7.991174697875977
188.0,-22.5,0.25349345803260803,241.73611450195312,8.002197265625,7.077178955078125,7.991174697875977
189.0,-22.5,0.2534942924976349,241.7387237548828,8.002197265625,7.080646991729736,7.991174697875977
190.0,-22.5,0.25350579619407654,241.7413787841797,8.002197265625,7.084068298339844,7.991174697875977
191.0,-22.5,0.2535156011581421,241.7440948486328,8.002197265625,7.087442398071289,7.991174697875977
192.0,-22.5,0.25351208448410034,241.74688720703125,8.002197265625,7.090768814086914,7.991174697875977
193.0,-22.5,0.2535059154033661,241.74974060058594,8.002197265625,7.094045639038086,7.991174697875977
194.0,-22.5,0.2534968852996826,241.75265502929688,8.002197265625,7.0972723960876465,7.991174697875977
195.0,-22.5,0.25350630283355713,241.75559997558594,8.002197265625,7.100448131561279,7.991174697875977
196.0,-22.5,0.2535005211830139,241.7586212158203,8.002197265625,7.103571891784668,7.991174697875977
197.0,-22.5,0.25351160764694214,241.7616729736328,8.002197265625,7.106643199920654,7.991174697875977
198.0,-22.5,0.25350573658943176,241.76480102539062,8.002197265625,7.109659194946289,7.991174697875977
199.0,-22.5,0.2535046935081482,241.76797485351562,8.002197265625,7.112620830535889,7.991174697875977
200.0,-22.5,0.25350725650787354,241.7711944580078,8.002197265625,7.1155266761779785,7.991174697875977
201.0,-22.5,0.25351253151893616,241.7744598388672,8.002197265625,7.118375778198242,7.991174697875977
202.0,-22.5,0.2535104751586914,241.7777862548828,8.002197265625,7.1211676597595215,7.991174697875977
203.0,-22.5,0.25350046157836914,241.7811737060547,8.002197265625,7.123900890350342,7.991174697875977
204.0,-22.5,0.25350064039230347,241.7845916748047,8.002197265625,7.126574516296387,7.991174697875977
205.0,-22.5,0.2535013258457184,241.78805541992188,8.002197265625,7.129188537597656,7.991174697875977
206.0,-22.5,0.2535015046596527,241.79156494140625,8.002197265625,7.131741523742676,7.991174697875977
207.0,-22.5,0.25350120663642883,241.7951202392578,8.002197265625,7.134233474731445,7.991174697875977
208.0,-22.5,0.2535068392753601,241.7987060546875,8.002197265625,7.136662006378174,7.991174697875977
209.0,-22.5,0.2535106837749481,241.80233764648438,8.002197265625,7.139028072357178,7.991174697875977
210.0,-22.5,0.25350385904312134,241.8060302734375,8.002197265625,7.141330242156982,7.991174697875977
211.0,-22.5,0.2535093426704407,241.8097381591797,8.002197265625,7.1435675621032715,7.991174697875977
212.0,-22.5,0.25351089239120483,241.81349182128906,8.002197265625,7.145739555358887,7.991174697875977
213.0,-22.5,0.25350889563560486,241.81729125976562,8.002197265625,7.147846221923828,7.991174697875977
214.0,-22.5,0.2535090148448944,241.8211212158203,8.002197265625,7.149885654449463,7.991174697875977
215.0,-22.5,0.25350475311279297,241.8249969482422,8.002197265625,7.151858329772949,7.991174697875977
216.0,-22.5,0.25350871682167053,241.82888793945312,8.002197265625,7.153763294219971,7.991174697875977
217.0,-22.5,0.25350719690322876,241.83282470703125,8.002197265625,7.155600070953369,7.991174697875977
218.0,-22.5,0.2535119950771332,241.83677673339844,8.002197265625,7.157367706298828,7.991174697875977
219.0,-22.5,0.2535046637058258,241.84078979492188,8.002197265625,7.1590657234191895,7.991174697875977
220.0,-22.5,0.25350871682167053,241.8448028564453,8.002197265625,7.160694122314453,7.991174697875977
221.0,-22.5,0.253510981798172,241.84884643554688,8.002197265625,7.1622514724731445,7.991174697875977
222.0,-22.5,0.25351205468177795,241.85292053222656,8.002197265625,7.163738250732422,7.991174697875977
223.0,-22.5,0.25350651144981384,241.85704040527344,8.002197265625,7.165153503417969,7.991174697875977
224.0,-22.5,0.253513902425766,241.86114501953125,8.002197265625,7.166497707366943,7.991174697875977
225.0,-22.5,0.2535134255886078,241.86529541015625,8.002197265625,7.167768955230713,7.991174697875977
226.0,-22.5,0.2535063326358795,241.86949157714844,8.002197265625,7.168967247009277,7.991174697875977
227.0,-22.5,0.2535097599029541,241.87367248535156,8.002197265625,7.170093536376953,7.991174697875977
228.0,-22.5,0.2535126805305481,241.87786865234375,8.002197265625,7.171145439147949,7.991174697875977
229.0,-22.5,0.2535102367401123,241.88211059570312,8.002197265625,7.172124862670898,7.991174697875977
230.0,-22.5,0.25351059436798096,241.8863525390625,8.002197265625,7.17302942276001,7.991174697875977
231.0,-22.5,0.2535111606121063,241.89060974121094,8.002197265625,7.1738600730896,7.991174697875977
232.0,-22.5,0.253511518239975,241.89488220214844,8.002197265625,7.17461633682251,7.991174697875977
233.0,-22.5,0.2535117268562317,241.899169921875,8.002197265625,7.17529821395874,7.991174697875977
234.0,-22.5,0.25351253151893616,241.90345764160156,8.002197265625,7.175904273986816,7.991174697875977
235.0,-22.5,0.2535114288330078,241.90777587890625,8.002197265625,7.176435947418213,7.991174697875977
236.0,-22.5,0.2535114288330078,241.91209411621094,8.002197265625,7.176892280578613,7.991174697875977
237.0,-22.5,0.25351211428642273,241.91641235351562,8.002197265625,7.177273273468018,7.991174697875977
238.0,-22.5,0.25351178646087646,241.92074584960938,8.002197265625,7.177578449249268,7.991174697875977
239.0,-22.5,0.25351208448410034,241.92507934570312,8.002197265625,7.1778082847595215,7.991174697875977
240.0,-22.5,0.25351226329803467,241.92941284179688,8.002197265625,7.177962303161621,7.991174697875977
241.0,-22.5,0.25351229310035706,241.93374633789062,8.002197265625,7.178040504455566,7.991174697875977
242.0,-22.5,0.25351259112358093,241.93809509277344,8.002197265625,7.178043365478516,7.991174697875977
243.0,-22.5,0.2535131871700287,241.94244384765625,8.002197265625,7.1779704093933105,7.991174697875977
244.0,-22.5,0.25351276993751526,241.94676208496094,8.002197265625,7.177821636199951,7.991174697875977
245.0,-22.5,0.2535126507282257,241.9510955810547,8.002197265625,7.1775970458984375,7.991174697875977
246.0,-22.5,0.25351381301879883,241.9554443359375,8.002197265625,7.1772966384887695,7.991174697875977
247.0,-22.5,0.25351259112358093,241.95974731445312,8.002197265625,7.176921367645264,7.991174697875977
248.0,-22.5,0.2535143792629242,241.96408081054688,8.002197265625,7.1764702796936035,7.991174697875977
249.0,-22.5,0.2535139322280884,241.9683837890625,8.002197265625,7.175943851470947,7.991174697875977
250.0,-22.5,0.2535127103328705,241.97267150878906,8.002197265625,7.175342559814453,7.991174697875977
251.0,-22.5,0.25351548194885254,241.9769744873047,8.002197265625,7.174666404724121,7.991174697875977
252.0,-22.5,0.25351542234420776,241.9812469482422,8.002197265625,7.173915386199951,7.991174697875977
253.0,-22.5,0.2535155415534973,241.98550415039062,8.002197265625,7.17309045791626,7.991174697875977
254.0,-22.5,0.2535116970539093,241.98973083496094,8.002197265625,7.1721906661987305,7.991174697875977
255.0,-22.5,0.25351402163505554,241.9939727783203,8.002197265625,7.1712164878845215,7.991174697875977
256.0,-22.5,0.2535180151462555,241.99819946289062,8.002197265625,7.170169353485107,7.991174697875977
257.0,-22.5,0.25351497530937195,242.00238037109375,8.002197265625,7.169048309326172,7.991174697875977
258.0,-22.5,0.2535133957862854,242.0065460205078,8.002197265625,7.1678547859191895,7.991174697875977
259.0,-22.5,0.2535135746002197,242.0106964111328,8.002197265625,7.16658878326416,7.991174697875977
260.0,-22.5,0.2535158395767212,242.01483154296875,8.002197265625,7.165250301361084,7.991174697875977
261.0,-22.5,0.2535160183906555,242.01893615722656,8.002197265625,7.163839817047119,7.991174697875977
262.0,-22.5,0.25351476669311523,242.02301025390625,8.002197265625,7.162358283996582,7.991174697875977
263.0,-22.5,0.2535168528556824,242.02706909179688,8.002197265625,7.1608052253723145,7.991174697875977
264.0,-22.5,0.2535184621810913,242.03109741210938,8.002197265625,7.159182071685791,7.991174697875977
265.0,-22.5,0.25351351499557495,242.0350799560547,8.002197265625,7.157488822937012,7.991174697875977
266.0,-22.5,0.25351405143737793,242.03904724121094,8.002197265625,7.155725955963135,7.991174697875977
267.0,-22.5,0.2535148561000824,242.04298400878906,8.002197265625,7.153893947601318,7.991174697875977
268.0,-22.5,0.253517210483551,242.04689025878906,8.002197265625,7.151994228363037,7.991174697875977
269.0,-22.5,0.2535204291343689,242.05076599121094,8.002197265625,7.150025844573975,7.991174697875977
270.0,-22.5,0.2535191774368286,242.05459594726562,8.002197265625,7.147990703582764,7.991174697875977
271.0,-22.5,0.2535134255886078,242.05838012695312,8.002197265625,7.1458892822265625,7.991174697875977
272.0,-22.5,0.25351038575172424,242.0621337890625,8.002197265625,7.143721580505371,7.991174697875977
273.0,-22.5,0.25351935625076294,242.0658721923828,8.002197265625,7.141489028930664,7.991174697875977
274.0,-22.5,0.2535172998905182,242.06954956054688,8.002197265625,7.139191627502441,7.991174697875977
275.0,-22.5,0.2535206079483032,242.0731964111328,8.002197265625,7.1368303298950195,7.991174697875977
276.0,-22.5,0.2535132169723511,242.0767822265625,8.002197265625,7.134405612945557,7.991174697875977
277.0,-22.5,0.253512442111969,242.08033752441406,8.002197265625,7.131918430328369,7.991174697875977
278.0,-22.5,0.25351959466934204,242.0838623046875,8.002197265625,7.129369735717773,7.991174697875977
279.0,-22.5,0.253526508808136,242.08734130859375,8.002197265625,7.126760005950928,7.991174697875977
280.0,-22.5,0.253515362739563,242.0907440185547,8.002197265625,7.124090194702148,7.991174697875977
281.0,-22.5,0.25352370738983154,242.09413146972656,8.002197265625,7.121361255645752,7.991174697875977
282.0,-22.5,0.2535240054130554,242.0974578857422,8.002197265625,7.1185736656188965,7.991174697875977
283.0,-22.5,0.2535165846347809,242.10072326660156,8.002197265625,7.115728378295898,7.991174697875977
284.0,-22.5,0.2535121440887451,242.10394287109375,8.002197265625,7.112826824188232,7.991174697875977
285.0,-22.5,0.2535207271575928,242.1071319580078,8.002197265625,7.10986852645874,7.991174697875977
286.0,-22.5,0.2535240054130554,242.11026000976562,8.002197265625,7.106855869293213,7.991174697875977
287.0,-22.5,0.2535109519958496,242.11331176757812,8.002197265625,7.10378885269165,7.991174697875977
288.0,-22.5,0.25351423025131226,242.1163330078125,8.002197265625,7.100668907165527,7.991174697875977
289.0,-22.5,0.2535240352153778,242.1193084716797,8.002197265625,7.097496509552002,7.991174697875977
290.0,-22.5,0.25351953506469727,242.12220764160156,8.002197265625,7.094273567199707,7.991174697875977
291.0,-22.5,0.2535228431224823,242.12506103515625,8.002197265625,7.091000080108643,7.991174697875977
292.0,-22.5,0.2535233497619629,242.1278533935547,8.002197265625,7.087677001953125,7.991174697875977
293.0,-22.5,0.2535219192504883,242.13058471679688,8.002197265625,7.084305763244629,7.991174697875977
294.0,-22.5,0.25351935625076294,242.1332550048828,8.002197265625,7.080887794494629,7.991174697875977
295.0,-22.5,0.2535158693790436,242.1358642578125,8.002197265625,7.077423572540283,7.991174697875977
296.0,-22.5,0.25352418422698975,242.138427734375,8.002197265625,7.073914051055908,7.991174697875977
297.0,-22.5,0.25350865721702576,242.14089965820312,8.002197265625,7.0703606605529785,7.991174697875977
298.0,-22.5,0.2535187900066376,242.14334106445312,8.002197265625,7.0667643547058105,7.991174697875977
299.0,-22.5,0.2535305619239807,242.14572143554688,8.002197265625,7.0631256103515625,7.991174697875977
300.0,-22.5,0.25351983308792114,242.14801025390625,8.002197265625,7.059446811676025,7.991174697875977
301.0,-22.5,0.25351184606552124,242.15023803710938,8.002197265625,7.055728435516357,7.991174697875977
302.0,-22.5,0.25352001190185547,242.1524200439453,8.002197265625,7.051970958709717,7.991174697875977
303.0,-22.5,0.2535197138786316,242.15452575683594,8.002197265625,7.0481767654418945,7.991174697875977
304.0,-22.5,0.2535240948200226,242.1565704345703,8.002197265625,7.044346332550049,7.991174697875977
305.0,-22.5,0.2535204291343689,242.15853881835938,8.002197265625,7.040480613708496,7.991174697875977
306.0,-22.5,0.2535229027271271,242.1604461669922,8.002197265625,7.036581516265869,7.991174697875977
307.0,-22.5,0.2535179555416107,242.1622772216797,8.002197265625,7.032649040222168,7.991174697875977
308.0,-22.5,0.2535202205181122,242.16404724121094,8.002197265625,7.028685569763184,7.991174697875977
309.0,-22.5,0.25351619720458984,242.16574096679688,8.002197265625,7.024691581726074,7.991174697875977
310.0,-22.5,0.25352025032043457,242.16737365722656,8.002197265625,7.0206685066223145,7.991174697875977
311.0,-22.5,0.25351935625076294,242.16893005371094,8.002197265625,7.016618728637695,7.991174697875977
312.0,-22.5,0.253512978553772,242.17041015625,8.002197265625,7.012540817260742,7.991174697875977
313.0,-22.5,0.2535306513309479,242.17184448242188,8.002197265625,7.008438587188721,7.991174697875977
314.0,-22.5,0.2535298466682434,242.17318725585938,8.002197265625,7.004311561584473,7.991174697875977
315.0,-22.5,0.2535254657268524,242.17445373535156,8.002197265625,7.000162601470947,7.991174697875977
316.0,-22.5,0.2535173296928406,242.17564392089844,8.002197265625,6.995991230010986,7.991174697875977
317.0,-22.5,0.2535206079483032,242.17677307128906,8.002197265625,6.991800308227539,7.991174697875977
318.0,-22.5,0.2535209655761719,242.17782592773438,8.002197265625,6.9875898361206055,7.991174697875977
319.0,-22.5,0.25351881980895996,242.17880249023438,8.002197265625,6.983361721038818,7.991174697875977
320.0,-22.5,0.2535144090652466,242.17970275878906,8.002197265625,6.979117393493652,7.991174697875977
321.0,-22.5,0.2535373866558075,242.18055725097656,8.002197265625,6.974857807159424,7.991174697875977
322.0,-22.5,0.2535291910171509,242.18130493164062,8.002197265625,6.970584392547607,7.991174697875977
323.0,-22.5,0.2535194456577301,242.18197631835938,8.002197265625,6.966298580169678,7.991174697875977
324.0,-22.5,0.2535230219364166,242.18258666992188,8.002197265625,6.962000846862793,7.991174697875977
325.0,-22.5,0.25352564454078674,242.18312072753906,8.002197265625,6.9576945304870605,7.991174697875977
326.0,-22.5,0.25352704524993896,242.18357849121094,8.002197265625,6.953378200531006,7.991174697875977
327.0,-22.5,0.2535127103328705,242.18394470214844,8.002197265625,6.949055194854736,7.991174697875977
328.0,-22.5,0.25351253151893616,242.1842498779297,8.002197265625,6.94472599029541,7.991174697875977
329.0,-22.5,0.2535116672515869,242.18447875976562,8.002197265625,6.94039249420166,7.991174697875977
330.0,-22.5,0.25352510809898376,242.1846466064453,8.002197265625,6.9360551834106445,7.991174697875977
331.0,-22.5,0.253523051738739,242.18472290039062,8.002197265625,6.931715965270996,7.991174697875977
332.0,-22.5,0.2535204589366913,242.18472290039062,8.002197265625,6.9273762702941895,7.991174697875977
333.0,-22.5,0.2535172998905182,242.1846466064453,8.002197265625,6.923037052154541,7.991174697875977
334.0,-22.5,0.25352853536605835,242.18450927734375,8.002197265625,6.918700218200684,7.991174697875977
335.0,-22.5,0.25352421402931213,242.1842803955078,8.002197265625,6.914366245269775,7.991174697875977
336.0,-22.5,0.25353413820266724,242.18399047851562,8.002197265625,6.910036563873291,7.991174697875977
337.0,-22.5,0.2535284161567688,242.18360900878906,8.002197265625,6.905712604522705,7.991174697875977
338.0,-22.5,0.2535366714000702,242.18316650390625,8.002197265625,6.90139627456665,7.991174697875977
339.0,-22.5,0.25351420044898987,242.1826171875,8.002197265625,6.897088527679443,7.991174697875977
340.0,-22.5,0.25352030992507935,242.18202209472656,8.002197265625,6.8927903175354,7.991174697875977
341.0,-22.5,0.25352492928504944,242.1813507080078,8.002197265625,6.8885040283203125,7.991174697875977
342.0,-22.5,0.2535281777381897,242.18060302734375,8.002197265625,6.8842291831970215,7.991174697875977
343.0,-22.5,0.2535147964954376,242.1797637939453,8.002197265625,6.879969120025635,7.991174697875977
344.0,-22.5,0.25351428985595703,242.17886352539062,8.002197265625,6.875723361968994,7.991174697875977
345.0,-22.5,0.25352606177330017,242.1779022216797,8.002197265625,6.871494293212891,7.991174697875977
346.0,-22.5,0.2535206973552704,242.17684936523438,8.002197265625,6.867282867431641,7.991174697875977
347.0,-22.5,0.2535126805305481,242.17572021484375,8.002197265625,6.8630900382995605,7.991174697875977
348.0,-22.5,0.2535302937030792,242.17454528808594,8.002197265625,6.858917713165283,7.991174697875977
349.0,-22.5,0.2535301148891449,242.17327880859375,8.002197265625,6.854766368865967,7.991174697875977
350.0,-22.5,0.2535260319709778,242.17193603515625,8.002197265625,6.850638389587402,7.991174697875977
351.0,-22.5,0.25351789593696594,242.17051696777344,8.002197265625,6.846534252166748,7.991174697875977
352.0,-22.5,0.25351953506469727,242.16903686523438,8.002197265625,6.84245491027832,7.991174697875977
353.0,-22.5,0.2535160481929779,242.16748046875,8.002197265625,6.83840274810791,7.991174697875977
354.0,-22.5,0.2535213828086853,242.16586303710938,8.002197265625,6.834377765655518,7.991174697875977
355.0,-22.5,0.2535210847854614,242.16416931152344,8.002197265625,6.830381393432617,7.991174697875977
356.0,-22.5,0.2535144090652466,242.1623992919922,8.002197265625,6.826416015625,7.991174697875977
357.0,-22.5,0.2535286843776703,242.16058349609375,8.002197265625,6.822481155395508,7.991174697875977
358.0,-22.5,0.25352203845977783,242.15867614746094,8.002197265625,6.81857967376709,7.991174697875977
359.0,-22.5,0.2535213232040405,242.15670776367188,8.002197265625,6.814712047576904,7.991174697875977
