angle,vert_angle,dist,x,y,z,height
0.0,16.875,47.059844970703125,94.28860473632812,16.7567195892334,228.86781311035156,7.967392921447754
1.0,16.875,46.928829193115234,94.00421142578125,16.73506736755371,229.6360321044922,7.967392921447754
2.0,16.875,46.75785446166992,93.76918029785156,16.706806182861328,230.42555236816406,7.967392921447754
3.0,16.875,46.67844009399414,93.46878051757812,16.693679809570312,231.1755828857422,7.967392921447754
4.0,16.875,46.577205657958984,93.20146942138672,16.67694854736328,231.93894958496094,7.967392921447754
5.0,16.875,46.46723556518555,92.95610046386719,16.658771514892578,232.70887756347656,7.967392921447754
6.0,16.875,46.3921012878418,92.69356536865234,16.64635467529297,233.4673614501953,7.967392921447754
7.0,16.875,46.38582229614258,92.38226318359375,16.64531707763672,234.20269775390625,7.967392921447754
8.0,16.875,46.340179443359375,92.11991119384766,16.637771606445312,234.9577178955078,7.967392921447754
9.0,16.875,46.34972381591797,91.82020568847656,16.63934898376465,235.69708251953125,7.967392921447754
10.0,16.875,46.36967468261719,91.52374267578125,16.64264678955078,236.438232421875,7.967392921447754
11.0,16.875,46.52302169799805,91.11566925048828,16.667991638183594,237.14215087890625,7.967392921447754
12.0,16.875,46.59168243408203,90.79859924316406,16.679340362548828,237.88125610351562,7.967392921447754
13.0,16.875,46.73216247558594,90.42633819580078,16.702558517456055,238.60633850097656,7.967392921447754
14.0,16.875,46.934356689453125,90.007568359375,16.735979080200195,239.32345581054688,7.967392921447754
15.0,16.875,47.1422119140625,89.59506225585938,16.770334243774414,240.04969787597656,7.967392921447754
16.0,16.875,47.40776443481445,89.13916015625,16.814224243164062,240.77284240722656,7.967392921447754
17.0,16.875,47.758018493652344,88.61345672607422,16.87211799621582,241.4896240234375,7.967392921447754
18.0,16.875,48.164268493652344,88.04501342773438,16.93926239013672,242.2100067138672,7.967392921447754
19.0,16.875,48.699981689453125,87.36246490478516,17.027809143066406,242.92291259765625,7.967392921447754
20.0,16.875,49.22736740112305,86.69889068603516,17.114974975585938,243.65811157226562,7.967392921447754
21.0,16.875,49.847843170166016,85.9560546875,17.217531204223633,244.3995361328125,7.967392921447754
350.0,16.875,49.70044708251953,96.91797637939453,17.19316864013672,220.5615692138672,7.967392921447754
351.0,16.875,49.3409309387207,96.65106201171875,17.133747100830078,221.4453582763672,7.967392921447754
352.0,16.875,49.11488723754883,96.29957580566406,17.096385955810547,222.2479705810547,7.967392921447754
353.0,16.875,48.73121643066406,96.08885955810547,17.032970428466797,223.1468048095703,7.967392921447754
354.0,16.875,48.40873718261719,95.848876953125,16.979671478271484,224.0084991455078,7.967392921447754
355.0,16.875,48.1583251953125,95.56889343261719,16.938282012939453,224.8290557861328,7.967392921447754
356.0,16.875,47.90397644042969,95.30890655517578,16.896244049072266,225.65301513671875,7.967392921447754
357.0,16.875,47.65757369995117,95.05918884277344,16.85551643371582,226.47344970703125,7.967392921447754
358.0,16.875,47.50279998779297,94.74937438964844,16.829933166503906,227.2467803955078,7.967392921447754
359.0,16.875,47.200355529785156,94.5794677734375,16.779943466186523,228.09791564941406,7.967392921447754
0.0,11.25,43.411285400390625,97.40835571289062,14.027874946594238,230.06044006347656,7.967392921447754
1.0,11.25,43.204097747802734,97.21012878417969,14.003774642944336,230.8131866455078,7.967392921447754
2.0,11.25,43.07720947265625,96.95677947998047,13.989015579223633,231.5279998779297,7.967392921447754
3.0,11.25,42.90929412841797,96.75310516357422,13.969486236572266,232.26402282714844,7.967392921447754
4.0,11.25,42.80755615234375,96.50483703613281,13.957653045654297,232.9715118408203,7.967392921447754
5.0,11.25,42.69254684448242,96.28163146972656,13.944272994995117,233.68731689453125,7.967392921447754
6.0,11.25,42.58248519897461,96.06732177734375,13.93147087097168,234.403076171875,7.967392921447754
7.0,11.25,42.48283386230469,95.85684204101562,13.919881820678711,235.1165771484375,7.967392921447754
8.0,11.25,42.455657958984375,95.59306335449219,13.916719436645508,235.8043975830078,7.967392921447754
9.0,11.25,42.40280532836914,95.3652114868164,13.91057300567627,236.50567626953125,7.967392921447754
10.0,11.25,42.43617630004883,95.06979370117188,13.91445541381836,237.17987060546875,7.967392921447754
11.0,11.25,42.42229080200195,94.83020782470703,13.912839889526367,237.87539672851562,7.967392921447754
12.0,11.25,42.431915283203125,94.58074951171875,13.913958549499512,238.5673065185547,7.967392921447754
13.0,11.25,42.52479553222656,94.26451873779297,13.924762725830078,239.23866271972656,7.967392921447754
14.0,11.25,42.660423278808594,93.91889190673828,13.940536499023438,239.9048614501953,7.967392921447754
15.0,11.25,42.74997329711914,93.62837219238281,13.95095443725586,240.59153747558594,7.967392921447754
16.0,11.25,42.95588684082031,93.23762512207031,13.974905014038086,241.25558471679688,7.967392921447754
17.0,11.25,43.16535949707031,92.85423278808594,13.999269485473633,241.928955078125,7.967392921447754
18.0,11.25,43.31858825683594,92.53633880615234,14.01709270477295,242.62464904785156,7.967392921447754
19.0,11.25,43.60852813720703,92.09706115722656,14.050816535949707,243.30111694335938,7.967392921447754
20.0,11.25,43.86692428588867,91.6994857788086,14.080870628356934,243.99583435058594,7.967392921447754
21.0,11.25,44.1649055480957,91.27455139160156,14.115530967712402,244.69525146484375,7.967392921447754
22.0,11.25,44.55226516723633,90.7732925415039,14.1605863571167,245.39381408691406,7.967392921447754
23.0,11.25,45.064002990722656,90.16090393066406,14.220108032226562,246.0913848876953,7.967392921447754
24.0,11.25,45.47072219848633,89.66329956054688,14.267416000366211,246.8203125,7.967392921447754
25.0,11.25,45.98876953125,89.06771087646484,14.327672958374023,247.5540313720703,7.967392921447754
26.0,11.25,46.620975494384766,88.37118530273438,14.401208877563477,248.29795837402344,7.967392921447754
27.0,11.25,47.37857437133789,87.56268310546875,14.489328384399414,249.0570526123047,7.967392921447754
28.0,11.25,48.125919342041016,86.77701568603516,14.576255798339844,249.84373474121094,7.967392921447754
29.0,11.25,49.10469436645508,85.77495574951172,14.690101623535156,250.6505889892578,7.967392921447754
124.0,11.25,24.440689086914062,135.97528076171875,11.821313858032227,276.2281494140625,7.967392921447754
342.0,11.25,49.673561096191406,101.88902282714844,14.756269454956055,214.9993438720703,7.967392921447754
343.0,11.25,49.16058349609375,101.59197235107422,14.696601867675781,215.95074462890625,7.967392921447754
344.0,11.25,48.512046813964844,101.41063690185547,14.62116813659668,216.9989013671875,7.967392921447754
345.0,11.25,47.95207214355469,101.19415283203125,14.556034088134766,217.9794464111328,7.967392921447754
346.0,11.25,47.5286750793457,100.9050521850586,14.50678825378418,218.861572265625,7.967392921447754
347.0,11.25,47.03916931152344,100.68408203125,14.449850082397461,219.78857421875,7.967392921447754
348.0,11.25,46.64961242675781,100.41202545166016,14.404539108276367,220.64593505859375,7.967392921447754
349.0,11.25,46.22599792480469,100.18479919433594,14.355266571044922,221.5253448486328,7.967392921447754
350.0,11.25,45.831031799316406,99.9561767578125,14.309325218200684,222.38453674316406,7.967392921447754
351.0,11.25,45.47578430175781,99.71656799316406,14.26800537109375,223.2172393798828,7.967392921447754
352.0,11.25,45.18811798095703,99.44294738769531,14.234546661376953,224.00733947753906,7.967392921447754
353.0,11.25,44.889896392822266,99.1945571899414,14.199857711791992,224.80455017089844,7.967392921447754
354.0,11.25,44.55497360229492,98.99248504638672,14.16090202331543,225.62359619140625,7.967392921447754
355.0,11.25,44.36789321899414,98.68875122070312,14.139142990112305,226.35589599609375,7.967392921447754
356.0,11.25,44.12793731689453,98.44293212890625,14.111231803894043,227.1205596923828,7.967392921447754
357.0,11.25,43.92256164550781,98.18421936035156,14.087343215942383,227.866943359375,7.967392921447754
358.0,11.25,43.755897521972656,97.90811920166016,14.067956924438477,228.5940399169922,7.967392921447754
359.0,11.25,43.561161041259766,97.67003631591797,14.045306205749512,229.33799743652344,7.967392921447754
0.0,5.625,39.554664611816406,100.70600891113281,11.598038673400879,231.65451049804688,7.967392921447754
1.0,5.625,39.46508026123047,100.43354034423828,11.592105865478516,232.2926025390625,7.967392921447754
2.0,5.625,39.29758071899414,100.2409896850586,11.581012725830078,232.9717254638672,7.967392921447754
3.0,5.625,39.157772064208984,100.0373306274414,11.57175350189209,233.6385498046875,7.967392921447754
4.0,5.625,39.031131744384766,99.83475494384766,11.56336784362793,234.3007049560547,7.967392921447754
5.0,5.625,38.91275405883789,99.63734436035156,11.555527687072754,234.96070861816406,7.967392921447754
6.0,5.625,38.85245895385742,99.39985656738281,11.551533699035645,235.59767150878906,7.967392921447754
7.0,5.625,38.81981658935547,99.14875793457031,11.549372673034668,236.2264862060547,7.967392921447754
8.0,5.625,38.744483947753906,98.9480972290039,11.544384002685547,236.87574768066406,7.967392921447754
9.0,5.625,38.686058044433594,98.74366760253906,11.540514945983887,237.52085876464844,7.967392921447754
10.0,5.625,38.66227722167969,98.51863098144531,11.538939476013184,238.15609741210938,7.967392921447754
11.0,5.625,38.651763916015625,98.29242706298828,11.538243293762207,238.7902374267578,7.967392921447754
12.0,5.625,38.68132400512695,98.0395736694336,11.540201187133789,239.4150390625,7.967392921447754
13.0,5.625,38.72365951538086,97.78538513183594,11.543004989624023,240.04067993164062,7.967392921447754
14.0,5.625,38.72671127319336,97.57941436767578,11.543206214904785,240.682861328125,7.967392921447754
15.0,5.625,38.863712310791016,97.2562026977539,11.55228042602539,241.29168701171875,7.967392921447754
16.0,5.625,38.91679763793945,97.02389526367188,11.555795669555664,241.93006896972656,7.967392921447754
17.0,5.625,39.008358001708984,96.76528930664062,11.561859130859375,242.56398010253906,7.967392921447754
18.0,5.625,39.16389083862305,96.4552230834961,11.572158813476562,243.18948364257812,7.967392921447754
19.0,5.625,39.29808044433594,96.17636108398438,11.581045150756836,243.827392578125,7.967392921447754
20.0,5.625,39.525428771972656,95.81696319580078,11.596101760864258,244.45457458496094,7.967392921447754
21.0,5.625,39.72640609741211,95.49375915527344,11.60941219329834,245.096435546875,7.967392921447754
22.0,5.625,39.856685638427734,95.25089263916016,11.618040084838867,245.75833129882812,7.967392921447754
23.0,5.625,40.094871520996094,94.91266632080078,11.633813858032227,246.4115753173828,7.967392921447754
24.0,5.625,40.40195083618164,94.51712799072266,11.65415096282959,247.0663299560547,7.967392921447754
25.0,5.625,40.74752426147461,94.0942611694336,11.67703628540039,247.7291717529297,7.967392921447754
26.0,5.625,41.079959869384766,93.69551849365234,11.699052810668945,248.4064178466797,7.967392921447754
27.0,5.625,41.37552261352539,93.34489440917969,11.718626022338867,249.09889221191406,7.967392921447754
28.0,5.625,41.8718147277832,92.80608367919922,11.751493453979492,249.7919464111328,7.967392921447754
29.0,5.625,42.28540802001953,92.36153411865234,11.77888298034668,250.50584411621094,7.967392921447754
30.0,5.625,42.75940704345703,91.86905670166016,11.810275077819824,251.2335205078125,7.967392921447754
31.0,5.625,43.366432189941406,91.25654602050781,11.850475311279297,251.97787475585938,7.967392921447754
32.0,5.625,44.02107238769531,90.60970306396484,11.893829345703125,252.7441864013672,7.967392921447754
33.0,5.625,44.64920425415039,90.00305938720703,11.93542766571045,253.53213500976562,7.967392921447754
34.0,5.625,45.59272003173828,89.09646606445312,11.997913360595703,254.3578338623047,7.967392921447754
35.0,5.625,46.67749786376953,88.06480407714844,12.06975269317627,255.22540283203125,7.967392921447754
36.0,5.625,47.91654586791992,86.89656066894531,12.151809692382812,256.1430358886719,7.967392921447754
37.0,5.625,49.51212692260742,85.39275360107422,12.257478713989258,257.139404296875,7.967392921447754
122.0,5.625,24.30257225036621,134.94052124023438,10.587956428527832,276.24224853515625,7.967392921447754
123.0,5.625,23.608182907104492,135.3397216796875,10.541971206665039,275.5389099121094,7.967392921447754
124.0,5.625,23.62665557861328,135.7514190673828,10.543193817138672,275.53955078125,7.967392921447754
125.0,5.625,23.755495071411133,136.17103576660156,10.551727294921875,275.6428527832031,7.967392921447754
257.0,5.625,48.95030212402344,168.47201538085938,12.220270156860352,216.8765869140625,7.967392921447754
258.0,5.625,48.370323181152344,167.45907592773438,12.181861877441406,216.7126007080078,7.967392921447754
259.0,5.625,47.918617248535156,166.53651428222656,12.151946067810059,216.47804260253906,7.967392921447754
260.0,5.625,47.70740509033203,165.77342224121094,12.137959480285645,216.0838165283203,7.967392921447754
261.0,5.625,47.29723358154297,164.8787078857422,12.110795974731445,215.85739135742188,7.967392921447754
262.0,5.625,47.15791702270508,164.1558380126953,12.101568222045898,215.44119262695312,7.967392921447754
263.0,5.625,46.92350769042969,163.36927795410156,12.086045265197754,215.1139373779297,7.967392921447754
264.0,5.625,46.94919204711914,162.7366180419922,12.087745666503906,214.59573364257812,7.967392921447754
265.0,5.625,47.12445068359375,162.18243408203125,12.09935188293457,213.96768188476562,7.967392921447754
266.0,5.625,47.271400451660156,161.5986785888672,12.109085083007812,213.37075805664062,7.967392921447754
267.0,5.625,47.67987060546875,161.1485137939453,12.13613510131836,212.56640625,7.967392921447754
268.0,5.625,48.32221221923828,160.8056182861328,12.178675651550293,211.5704345703125,7.967392921447754
269.0,5.625,48.99982452392578,160.45460510253906,12.223550796508789,210.54473876953125,7.967392921447754
270.0,5.625,49.41114044189453,159.9387664794922,12.250789642333984,209.7468719482422,7.967392921447754
336.0,5.625,49.38129806518555,106.28341674804688,12.24881362915039,211.6223602294922,7.967392921447754
337.0,5.625,48.641780853271484,106.01655578613281,12.19983959197998,212.71859741210938,7.967392921447754
338.0,5.625,47.80437469482422,105.83798217773438,12.144380569458008,213.8896942138672,7.967392921447754
339.0,5.625,47.07856369018555,105.6229248046875,12.0963134765625,214.9670867919922,7.967392921447754
340.0,5.625,46.39582824707031,105.40956115722656,12.05109977722168,216.0067901611328,7.967392921447754
341.0,5.625,45.76971435546875,105.18724060058594,12.009634971618652,216.9992218017578,7.967392921447754
342.0,5.625,45.14392852783203,104.99038696289062,11.968191146850586,217.98802185058594,7.967392921447754
343.0,5.625,44.70286560058594,104.69568634033203,11.938982009887695,218.8358917236328,7.967392921447754
344.0,5.625,44.15873336791992,104.49161529541016,11.902946472167969,219.75881958007812,7.967392921447754
345.0,5.625,43.624813079833984,104.30348205566406,11.867586135864258,220.6713104248047,7.967392921447754
346.0,5.625,43.23615264892578,104.03547668457031,11.84184741973877,221.47792053222656,7.967392921447754
347.0,5.625,42.885948181152344,103.75875091552734,11.818655014038086,222.25758361816406,7.967392921447754
348.0,5.625,42.52985382080078,103.50418090820312,11.795072555541992,223.04153442382812,7.967392921447754
349.0,5.625,42.144996643066406,103.2888412475586,11.769584655761719,223.84445190429688,7.967392921447754
350.0,5.625,41.79667663574219,103.06449127197266,11.746517181396484,224.62205505371094,7.967392921447754
351.0,5.625,41.57639694213867,102.75982666015625,11.731928825378418,225.31671142578125,7.967392921447754
352.0,5.625,41.22236633300781,102.57347869873047,11.708483695983887,226.09762573242188,7.967392921447754
353.0,5.625,41.062477111816406,102.25202178955078,11.697894096374512,226.7575225830078,7.967392921447754
354.0,5.625,40.79023361206055,102.0333251953125,11.679864883422852,227.4882354736328,7.967392921447754
355.0,5.625,40.57209014892578,101.7865982055664,11.665417671203613,228.18707275390625,7.967392921447754
356.0,5.625,40.42937469482422,101.4926528930664,11.655966758728027,228.84385681152344,7.967392921447754
357.0,5.625,40.19698715209961,101.2857894897461,11.64057731628418,229.55368041992188,7.967392921447754
358.0,5.625,39.93157196044922,101.12122344970703,11.62299919128418,230.2815704345703,7.967392921447754
359.0,5.625,39.789878845214844,100.86719512939453,11.613615989685059,230.94288635253906,7.967392921447754
0.0,0.0,35.12956237792969,104.48976135253906,9.522972106933594,233.7891845703125,7.967392921447754
1.0,0.0,35.038936614990234,104.25487518310547,9.521568298339844,234.36180114746094,7.967392921447754
2.0,0.0,34.913124084472656,104.06149291992188,9.519618034362793,234.95425415039062,7.967392921447754
3.0,0.0,34.76797103881836,103.89659118652344,9.51736831665039,235.55718994140625,7.967392921447754
4.0,0.0,34.798423767089844,103.58727264404297,9.517840385437012,236.08035278320312,7.967392921447754
5.0,0.0,34.79020690917969,103.32157897949219,9.517712593078613,236.6263885498047,7.967392921447754
6.0,0.0,34.63046646118164,103.20257568359375,9.515236854553223,237.24142456054688,7.967392921447754
7.0,0.0,34.592220306396484,102.9847183227539,9.514644622802734,237.80604553222656,7.967392921447754
8.0,0.0,34.46094512939453,102.86248016357422,9.512609481811523,238.4104766845703,7.967392921447754
9.0,0.0,34.42155075073242,102.66666412353516,9.511999130249023,238.98007202148438,7.967392921447754
10.0,0.0,34.3740119934082,102.48865509033203,9.511261940002441,239.55531311035156,7.967392921447754
11.0,0.0,34.4298095703125,102.22406005859375,9.512126922607422,240.09707641601562,7.967392921447754
12.0,0.0,34.504310607910156,101.95095825195312,9.51328182220459,240.63815307617188,7.967392921447754
13.0,0.0,34.49739456176758,101.7642593383789,9.513175010681152,241.21058654785156,7.967392921447754
14.0,0.0,34.57835006713867,101.50369262695312,9.514429092407227,241.76007080078125,7.967392921447754
15.0,0.0,34.56893539428711,101.339111328125,9.514283180236816,242.34060668945312,7.967392921447754
16.0,0.0,34.64348602294922,101.10372161865234,9.5154390335083,242.90171813964844,7.967392921447754
17.0,0.0,34.61475372314453,100.97793579101562,9.514993667602539,243.4934844970703,7.967392921447754
18.0,0.0,34.72759246826172,100.72480773925781,9.516742706298828,244.0545196533203,7.967392921447754
19.0,0.0,34.84638977050781,100.47525787353516,9.518583297729492,244.62051391601562,7.967392921447754
20.0,0.0,34.886268615722656,100.31260681152344,9.519201278686523,245.2081756591797,7.967392921447754
21.0,0.0,34.97506332397461,100.11196899414062,9.520578384399414,245.79058837890625,7.967392921447754
22.0,0.0,35.10589599609375,99.87977600097656,9.522605895996094,246.3712158203125,7.967392921447754
23.0,0.0,35.24906539916992,99.64519500732422,9.524825096130371,246.956298828125,7.967392921447754
24.0,0.0,35.42728805541992,99.38575744628906,9.527586936950684,247.54344177246094,7.967392921447754
25.0,0.0,35.548805236816406,99.1926040649414,9.529470443725586,248.14425659179688,7.967392921447754
26.0,0.0,35.77149963378906,98.90901184082031,9.53292179107666,248.74127197265625,7.967392921447754
27.0,0.0,35.89646911621094,98.7330093383789,9.534858703613281,249.3542022705078,7.967392921447754
28.0,0.0,36.06614685058594,98.52295684814453,9.53748893737793,249.9697723388672,7.967392921447754
29.0,0.0,36.21978759765625,98.33956146240234,9.53986930847168,250.59249877929688,7.967392921447754
30.0,0.0,36.570919036865234,97.96955871582031,9.54531192779541,251.21678161621094,7.967392921447754
31.0,0.0,36.80570983886719,97.72676086425781,9.548951148986816,251.85401916503906,7.967392921447754
32.0,0.0,37.117919921875,97.41773223876953,9.553790092468262,252.5005645751953,7.967392921447754
33.0,0.0,37.542999267578125,97.00735473632812,9.560378074645996,253.1613311767578,7.967392921447754
34.0,0.0,37.92805480957031,96.64884185791016,9.566346168518066,253.8346405029297,7.967392921447754
35.0,0.0,38.37800598144531,96.2377700805664,9.573319435119629,254.5250701904297,7.967392921447754
36.0,0.0,38.834537506103516,95.83283996582031,9.580395698547363,255.23095703125,7.967392921447754
37.0,0.0,39.40238952636719,95.33028411865234,9.58919620513916,255.96295166015625,7.967392921447754
38.0,0.0,40.07405090332031,94.73859405517578,9.59960651397705,256.7257080078125,7.967392921447754
39.0,0.0,40.81937026977539,94.08881378173828,9.61115837097168,257.520263671875,7.967392921447754
40.0,0.0,41.62660598754883,93.39369201660156,9.623669624328613,258.3483581542969,7.967392921447754
41.0,0.0,42.46733856201172,92.68238830566406,9.636699676513672,259.2080383300781,7.967392921447754
42.0,0.0,43.44595718383789,91.85338592529297,9.651867866516113,260.1202392578125,7.967392921447754
43.0,0.0,44.883033752441406,90.59500885009766,9.674140930175781,261.1570739746094,7.967392921447754
44.0,0.0,46.323909759521484,89.35655212402344,9.696473121643066,262.2410583496094,7.967392921447754
45.0,0.0,48.36634826660156,87.55879974365234,9.728128433227539,263.51422119140625,7.967392921447754
120.0,0.0,21.91400146484375,134.06053161621094,9.318144798278809,273.9029235839844,7.967392921447754
121.0,0.0,21.90899085998535,134.44293212890625,9.31806755065918,273.9027404785156,7.967392921447754
122.0,0.0,21.910913467407227,134.82528686523438,9.318098068237305,273.9028015136719,7.967392921447754
123.0,0.0,21.919769287109375,135.2078399658203,9.318235397338867,273.9031066894531,7.967392921447754
124.0,0.0,21.935575485229492,135.5908203125,9.318479537963867,273.9036865234375,7.967392921447754
125.0,0.0,21.958354949951172,135.97450256347656,9.318833351135254,273.904541015625,7.967392921447754
126.0,0.0,22.070850372314453,136.36599731445312,9.320575714111328,273.988037109375,7.967392921447754
127.0,0.0,22.219959259033203,136.7645263671875,9.322887420654297,274.1009521484375,7.967392921447754
249.0,0.0,47.35190200805664,171.94969177246094,9.71240520477295,222.9919891357422,7.967392921447754
250.0,0.0,46.11703109741211,170.47523498535156,9.693265914916992,223.1166229248047,7.967392921447754
251.0,0.0,44.73750305175781,168.90565490722656,9.671884536743164,223.37619018554688,7.967392921447754
252.0,0.0,43.87986373901367,167.75157165527344,9.658592224121094,223.34066772460938,7.967392921447754
253.0,0.0,43.253204345703125,166.77914428710938,9.648880004882812,223.1826629638672,7.967392921447754
254.0,0.0,42.87748718261719,165.99560546875,9.643056869506836,222.8793182373047,7.967392921447754
255.0,0.0,42.66334533691406,165.3280487060547,9.639738082885742,222.48269653320312,7.967392921447754
256.0,0.0,42.37757873535156,164.60545349121094,9.635309219360352,222.1509246826172,7.967392921447754
257.0,0.0,42.15083694458008,163.921875,9.631793975830078,221.7930145263672,7.967392921447754
258.0,0.0,42.021148681640625,163.3014678955078,9.62978458404541,221.3791046142578,7.967392921447754
259.0,0.0,41.6837158203125,162.53599548339844,9.624554634094238,221.13143920898438,7.967392921447754
260.0,0.0,41.59873962402344,161.9370880126953,9.623237609863281,220.7112579345703,7.967392921447754
261.0,0.0,41.6836051940918,161.4416961669922,9.624552726745605,220.17286682128906,7.967392921447754
262.0,0.0,41.71257019042969,160.9005126953125,9.625001907348633,219.68556213378906,7.967392921447754
263.0,0.0,41.67341232299805,160.30838012695312,9.624395370483398,219.260986328125,7.967392921447754
264.0,0.0,41.786155700683594,159.8013153076172,9.626142501831055,218.72625732421875,7.967392921447754
265.0,0.0,42.103355407714844,159.40423583984375,9.631058692932129,218.0343780517578,7.967392921447754
266.0,0.0,42.09231948852539,158.80136108398438,9.630887985229492,217.61441040039062,7.967392921447754
267.0,0.0,42.3338623046875,158.3334503173828,9.634631156921387,216.99632263183594,7.967392921447754
268.0,0.0,42.59838104248047,157.8638916015625,9.638731002807617,216.36492919921875,7.967392921447754
269.0,0.0,43.015472412109375,157.46083068847656,9.645195007324219,215.61026000976562,7.967392921447754
270.0,0.0,43.43626403808594,157.0404052734375,9.651717185974121,214.8557586669922,7.967392921447754
271.0,0.0,44.021766662597656,156.6834716796875,9.660792350769043,213.96266174316406,7.967392921447754
272.0,0.0,44.64447784423828,156.32028198242188,9.670443534851074,213.03839111328125,7.967392921447754
273.0,0.0,45.390384674072266,155.98971557617188,9.68200397491455,212.00682067871094,7.967392921447754
274.0,0.0,46.49626922607422,155.79434204101562,9.699143409729004,210.6550750732422,7.967392921447754
275.0,0.0,47.65549850463867,155.5817413330078,9.717110633850098,209.2504119873047,7.967392921447754
276.0,0.0,49.13032531738281,155.46090698242188,9.739969253540039,207.555419921875,7.967392921447754
328.0,0.0,49.70124053955078,112.13822174072266,9.748817443847656,207.6306915283203,7.967392921447754
329.0,0.0,48.584327697753906,111.88782501220703,9.73150634765625,209.0162811279297,7.967392921447754
330.0,0.0,47.41276550292969,111.70510864257812,9.713348388671875,210.44468688964844,7.967392921447754
331.0,0.0,46.28015899658203,111.54582977294922,9.695794105529785,211.83226013183594,7.967392921447754
332.0,0.0,45.445579528808594,111.27537536621094,9.682859420776367,212.9564208984375,7.967392921447754
333.0,0.0,44.675743103027344,111.0029525756836,9.670928001403809,214.02252197265625,7.967392921447754
334.0,0.0,43.91841125488281,110.75375366210938,9.65919017791748,215.07554626464844,7.967392921447754
335.0,0.0,43.211368560791016,110.5060806274414,9.648231506347656,216.0836944580078,7.967392921447754
336.0,0.0,42.599178314208984,110.23210906982422,9.63874340057373,217.0111846923828,7.967392921447754
337.0,0.0,41.98056411743164,109.98686981201172,9.629155158996582,217.9423370361328,7.967392921447754
338.0,0.0,41.54295349121094,109.65825653076172,9.6223726272583,218.72628784179688,7.967392921447754
339.0,0.0,40.9558219909668,109.44103240966797,9.613273620605469,219.62939453125,7.967392921447754
340.0,0.0,40.579307556152344,109.11575317382812,9.607438087463379,220.36563110351562,7.967392921447754
341.0,0.0,40.0878791809082,108.88196563720703,9.599821090698242,221.19158935546875,7.967392921447754
342.0,0.0,39.715003967285156,108.59175109863281,9.59404182434082,221.9261932373047,7.967392921447754
343.0,0.0,39.32581329345703,108.33018493652344,9.58800983428955,222.67359924316406,7.967392921447754
344.0,0.0,38.94538879394531,108.08075714111328,9.582113265991211,223.4144744873047,7.967392921447754
345.0,0.0,38.588069915771484,107.83314514160156,9.57657527923584,224.1383514404297,7.967392921447754
346.0,0.0,38.17778778076172,107.63996124267578,9.57021713256836,224.89968872070312,7.967392921447754
347.0,0.0,37.91105651855469,107.3622817993164,9.566082954406738,225.55908203125,7.967392921447754
348.0,0.0,37.5285758972168,107.18370819091797,9.560154914855957,226.29910278320312,7.967392921447754
349.0,0.0,37.192466735839844,106.98827362060547,9.55494499206543,227.00607299804688,7.967392921447754
350.0,0.0,37.102352142333984,106.62409973144531,9.553548812866211,227.5498809814453,7.967392921447754
351.0,0.0,36.78832244873047,106.44143676757812,9.548681259155273,228.2433624267578,7.967392921447754
352.0,0.0,36.52255630493164,106.23703002929688,9.544562339782715,228.90518188476562,7.967392921447754
353.0,0.0,36.26930618286133,106.03726959228516,9.540637016296387,229.55911254882812,7.967392921447754
354.0,0.0,36.08784103393555,105.79450988769531,9.537824630737305,230.1695098876953,7.967392921447754
355.0,0.0,35.86238479614258,105.59982299804688,9.534330368041992,230.8074951171875,7.967392921447754
356.0,0.0,35.714073181152344,105.3555679321289,9.532032012939453,231.401123046875,7.967392921447754
357.0,0.0,35.5229606628418,105.1585693359375,9.529069900512695,232.02085876464844,7.967392921447754
358.0,0.0,35.441505432128906,104.88255310058594,9.527807235717773,232.58108520507812,7.967392921447754
359.0,0.0,35.23194122314453,104.72550201416016,9.524559020996094,233.213134765625,7.967392921447754
0.0,-5.625,26.492633819580078,111.87488555908203,8.041269302368164,238.29150390625,7.967392921447754
1.0,-5.625,26.670516967773438,111.48546600341797,8.034975051879883,238.59957885742188,7.967392921447754
2.0,-5.625,26.572734832763672,111.34048461914062,8.038434028625488,239.05140686035156,7.967392921447754
3.0,-5.625,26.753345489501953,110.958984375,8.032045364379883,239.37283325195312,7.967392921447754
4.0,-5.625,26.70351791381836,110.78655242919922,8.033807754516602,239.808837890625,7.967392921447754
5.0,-5.625,26.832077026367188,110.46216583251953,8.02925968170166,240.16835021972656,7.967392921447754
6.0,-5.625,26.864099502563477,110.23043060302734,8.02812671661377,240.57655334472656,7.967392921447754
7.0,-5.625,26.92397689819336,109.98023986816406,8.026008605957031,240.9778289794922,7.967392921447754
8.0,-5.625,27.040451049804688,109.68466186523438,8.02188777923584,241.36212158203125,7.967392921447754
9.0,-5.625,26.999950408935547,109.54032897949219,8.023321151733398,241.81259155273438,7.967392921447754
10.0,-5.625,26.893856048583984,109.46527862548828,8.027073860168457,242.28851318359375,7.967392921447754
11.0,-5.625,26.839584350585938,109.35057067871094,8.0289945602417,242.74610900878906,7.967392921447754
12.0,-5.625,27.032014846801758,109.01132202148438,8.022186279296875,243.12376403808594,7.967392921447754
13.0,-5.625,27.05251693725586,108.84089660644531,8.021461486816406,243.56402587890625,7.967392921447754
14.0,-5.625,26.991506576538086,108.75588989257812,8.023619651794434,244.03163146972656,7.967392921447754
15.0,-5.625,26.890491485595703,108.71776580810547,8.027193069458008,244.5107421875,7.967392921447754
16.0,-5.625,26.894798278808594,108.58689880371094,8.027040481567383,244.96119689941406,7.967392921447754
17.0,-5.625,26.720523834228516,108.63692474365234,8.03320598602295,245.45765686035156,7.967392921447754
18.0,-5.625,26.688379287719727,108.55802917480469,8.034343719482422,245.91783142089844,7.967392921447754
19.0,-5.625,26.760303497314453,108.38563537597656,8.03179931640625,246.35682678222656,7.967392921447754
20.0,-5.625,26.770009994506836,108.28167724609375,8.031455993652344,246.81204223632812,7.967392921447754
21.0,-5.625,26.706470489501953,108.2576904296875,8.033703804016113,247.2821044921875,7.967392921447754
22.0,-5.625,26.667848587036133,108.21752166748047,8.035070419311523,247.74745178222656,7.967392921447754
23.0,-5.625,26.66106605529785,108.1540756225586,8.035309791564941,248.20826721191406,7.967392921447754
24.0,-5.625,26.73978042602539,108.01393127441406,8.032525062561035,248.65928649902344,7.967392921447754
25.0,-5.625,26.714279174804688,107.98506164550781,8.033427238464355,249.12527465820312,7.967392921447754
26.0,-5.625,26.692625045776367,107.9605484008789,8.03419303894043,249.59088134765625,7.967392921447754
27.0,-5.625,26.842287063598633,107.7734375,8.028899192810059,250.04403686523438,7.967392921447754
28.0,-5.625,26.857141494750977,107.7286148071289,8.028373718261719,250.51043701171875,7.967392921447754
29.0,-5.625,26.869972229003906,107.6939468383789,8.02791976928711,250.97789001464844,7.967392921447754
30.0,-5.625,26.861223220825195,107.68899536132812,8.028228759765625,251.446533203125,7.967392921447754
31.0,-5.625,26.857711791992188,107.68699645996094,8.028353691101074,251.9150390625,7.967392921447754
32.0,-5.625,26.859407424926758,107.6879653930664,8.028292655944824,252.38351440429688,7.967392921447754
33.0,-5.625,26.922948837280273,107.63533782958984,8.026044845581055,252.8538818359375,7.967392921447754
34.0,-5.625,26.93189239501953,107.64546966552734,8.025729179382324,253.3235321044922,7.967392921447754
35.0,-5.625,27.079439163208008,107.52559661865234,8.020508766174316,253.8023223876953,7.967392921447754
36.0,-5.625,27.079448699951172,107.56121826171875,8.020508766174316,254.27330017089844,7.967392921447754
37.0,-5.625,27.079450607299805,107.60505676269531,8.020508766174316,254.74359130859375,7.967392921447754
38.0,-5.625,27.07944679260254,107.6571044921875,8.020508766174316,255.21304321289062,7.967392921447754
39.0,-5.625,27.079442977905273,107.71733856201172,8.020508766174316,255.6815185546875,7.967392921447754
40.0,-5.625,27.07945442199707,107.78572082519531,8.020508766174316,256.14886474609375,7.967392921447754
41.0,-5.625,27.102956771850586,107.83911895751953,8.01967716217041,256.61895751953125,7.967392921447754
42.0,-5.625,27.143051147460938,107.8844985961914,8.018259048461914,257.091552734375,7.967392921447754
43.0,-5.625,27.420454025268555,107.70613098144531,8.008444786071777,257.6125793457031,7.967392921447754
44.0,-5.625,27.513330459594727,107.71772766113281,8.005159378051758,258.1004333496094,7.967392921447754
45.0,-5.625,27.565940856933594,107.77728271484375,8.003297805786133,258.5799560546875,7.967392921447754
46.0,-5.625,27.597061157226562,107.86619567871094,8.002197265625,259.0538024902344,7.967392921447754
47.0,-5.625,27.597049713134766,107.99342346191406,8.002197265625,259.51800537109375,7.967392921447754
48.0,-5.625,27.59705352783203,108.12873077392578,8.002197265625,259.9799499511719,7.967392921447754
49.0,-5.625,27.597055435180664,108.27208709716797,8.002197265625,260.4394836425781,7.967392921447754
50.0,-5.625,27.59706687927246,108.42342376708984,8.002197265625,260.89642333984375,7.967392921447754
51.0,-5.625,27.597063064575195,108.58272552490234,8.002197265625,261.35064697265625,7.967392921447754
52.0,-5.625,27.597063064575195,108.74993133544922,8.002197265625,261.8020324707031,7.967392921447754
53.0,-5.625,27.5970516204834,108.92498779296875,8.002197265625,262.2503967285156,7.967392921447754
54.0,-5.625,27.597049713134766,109.10784912109375,8.002197265625,262.6956787109375,7.967392921447754
55.0,-5.625,27.59705352783203,109.29844665527344,8.002197265625,263.1376953125,7.967392921447754
56.0,-5.625,27.597055435180664,109.49671936035156,8.002197265625,263.5762939453125,7.967392921447754
57.0,-5.625,27.5970458984375,109.70263671875,8.002197265625,264.0113830566406,7.967392921447754
58.0,-5.625,27.5970516204834,109.91609954833984,8.002197265625,264.44281005859375,7.967392921447754
59.0,-5.625,27.597049713134766,110.13706970214844,8.002197265625,264.8704528808594,7.967392921447754
60.0,-5.625,27.597047805786133,110.36546325683594,8.002197265625,265.2941589355469,7.967392921447754
61.0,-5.625,27.59705352783203,110.6012191772461,8.002197265625,265.7138366699219,7.967392921447754
62.0,-5.625,27.59706687927246,110.84425354003906,8.002197265625,266.12933349609375,7.967392921447754
63.0,-5.625,27.597070693969727,111.09451293945312,8.002197265625,266.54052734375,7.967392921447754
64.0,-5.625,27.597064971923828,111.35191345214844,8.002197265625,266.947265625,7.967392921447754
65.0,-5.625,27.597057342529297,111.61637115478516,8.002197265625,267.3494567871094,7.967392921447754
66.0,-5.625,27.597061157226562,111.88780212402344,8.002197265625,267.7469787597656,7.967392921447754
67.0,-5.625,27.597061157226562,112.1661376953125,8.002197265625,268.13970947265625,7.967392921447754
68.0,-5.625,27.59705924987793,112.4512710571289,8.002197265625,268.5274963378906,7.967392921447754
69.0,-5.625,27.597064971923828,112.7431411743164,8.002197265625,268.9102783203125,7.967392921447754
70.0,-5.625,27.59705924987793,113.04165649414062,8.002197265625,269.28790283203125,7.967392921447754
71.0,-5.625,27.597057342529297,113.3467025756836,8.002197265625,269.6602478027344,7.967392921447754
72.0,-5.625,27.597064971923828,113.65819549560547,8.002197265625,270.0272216796875,7.967392921447754
73.0,-5.625,27.597061157226562,113.97605895996094,8.002197265625,270.3887023925781,7.967392921447754
74.0,-5.625,27.59705924987793,114.3001708984375,8.002197265625,270.74456787109375,7.967392921447754
75.0,-5.625,27.5970516204834,114.63045501708984,8.002197265625,271.0947265625,7.967392921447754
76.0,-5.625,27.597064971923828,114.96678924560547,8.002197265625,271.4390869140625,7.967392921447754
77.0,-5.625,27.597047805786133,115.30909729003906,8.002197265625,271.7774963378906,7.967392921447754
78.0,-5.625,27.5970458984375,115.6572494506836,8.002197265625,272.1098937988281,7.967392921447754
79.0,-5.625,27.597047805786133,116.01113891601562,8.002197265625,272.4361572265625,7.967392921447754
80.0,-5.625,27.597061157226562,116.37068176269531,8.002197265625,272.7562255859375,7.967392921447754
81.0,-5.625,27.597057342529297,116.73575592041016,8.002197265625,273.0699462890625,7.967392921447754
82.0,-5.625,27.597064971923828,117.10624694824219,8.002197265625,273.37725830078125,7.967392921447754
83.0,-5.625,27.597061157226562,117.48204040527344,8.002197265625,273.67803955078125,7.967392921447754
84.0,-5.625,27.59705352783203,117.86304473876953,8.002197265625,273.97222900390625,7.967392921447754
85.0,-5.625,27.597047805786133,118.24909973144531,8.002197265625,274.25970458984375,7.967392921447754
86.0,-5.625,27.59705924987793,118.64012908935547,8.002197265625,274.5404357910156,7.967392921447754
87.0,-5.625,27.597057342529297,119.0359878540039,8.002197265625,274.81427001953125,7.967392921447754
88.0,-5.625,27.597064971923828,119.43657684326172,8.002197265625,275.0811767578125,7.967392921447754
89.0,-5.625,27.59705924987793,119.84175872802734,8.002197265625,275.3410339355469,7.967392921447754
90.0,-5.625,27.597057342529297,120.25141143798828,8.002197265625,275.5937805175781,7.967392921447754
91.0,-5.625,27.597068786621094,120.66541290283203,8.002197265625,275.83935546875,7.967392921447754
92.0,-5.625,27.597049713134766,121.0836410522461,8.002197265625,276.07763671875,7.967392921447754
93.0,-5.625,27.597068786621094,121.50596618652344,8.002197265625,276.3086242675781,7.967392921447754
94.0,-5.625,27.59705352783203,121.9322509765625,8.002197265625,276.53216552734375,7.967392921447754
95.0,-5.625,27.597064971923828,122.36237335205078,8.002197265625,276.7482604980469,7.967392921447754
96.0,-5.625,27.597076416015625,122.79620361328125,8.002197265625,276.9568176269531,7.967392921447754
97.0,-5.625,27.597057342529297,123.23361206054688,8.002197265625,277.1577453613281,7.967392921447754
98.0,-5.625,27.59705352783203,123.67444610595703,8.002197265625,277.35101318359375,7.967392921447754
99.0,-5.625,27.597043991088867,124.11859893798828,8.002197265625,277.53656005859375,7.967392921447754
100.0,-5.625,27.597063064575195,124.56591796875,8.002197265625,277.71435546875,7.967392921447754
101.0,-5.625,27.597047805786133,125.01626586914062,8.002197265625,277.88427734375,7.967392921447754
102.0,-5.625,27.597036361694336,125.46952819824219,8.002197265625,278.04632568359375,7.967392921447754
103.0,-5.625,27.597061157226562,125.925537109375,8.002197265625,278.2004699707031,7.967392921447754
104.0,-5.625,27.597068786621094,126.38417053222656,8.002197265625,278.34661865234375,7.967392921447754
105.0,-5.625,27.597049713134766,126.84528350830078,8.002197265625,278.4847106933594,7.967392921447754
106.0,-5.625,27.59707260131836,127.3087387084961,8.002197265625,278.6147766113281,7.967392921447754
107.0,-5.625,27.597055435180664,127.77438354492188,8.002197265625,278.7366943359375,7.967392921447754
108.0,-5.625,27.597063064575195,128.24209594726562,8.002197265625,278.8504943847656,7.967392921447754
109.0,-5.625,27.597076416015625,128.7117156982422,8.002197265625,278.95611572265625,7.967392921447754
110.0,-5.625,27.597057342529297,129.18312072753906,8.002197265625,279.0534973144531,7.967392921447754
111.0,-5.625,27.597076416015625,129.6561279296875,8.002197265625,279.1426696777344,7.967392921447754
112.0,-5.625,27.59705924987793,130.13064575195312,8.002197265625,279.2235412597656,7.967392921447754
113.0,-5.625,27.59706687927246,130.6064910888672,8.002197265625,279.296142578125,7.967392921447754
114.0,-5.625,27.597061157226562,131.08352661132812,8.002197265625,279.36041259765625,7.967392921447754
115.0,-5.625,27.597084045410156,131.56163024902344,8.002197265625,279.4163818359375,7.967392921447754
116.0,-5.625,27.59707260131836,132.04061889648438,8.002197265625,279.4639587402344,7.967392921447754
117.0,-5.625,27.597064971923828,132.52037048339844,8.002197265625,279.503173828125,7.967392921447754
118.0,-5.625,27.59707260131836,133.000732421875,8.002197265625,279.5340270996094,7.967392921447754
119.0,-5.625,27.597047805786133,133.48155212402344,8.002197265625,279.55645751953125,7.967392921447754
120.0,-5.625,22.130334854125977,134.0746307373047,8.19559383392334,274.1083679199219,7.967392921447754
121.0,-5.625,22.237722396850586,134.4602813720703,8.191795349121094,274.2202453613281,7.967392921447754
122.0,-5.625,22.229862213134766,134.84803771972656,8.192072868347168,274.2101745605469,7.967392921447754
123.0,-5.625,22.22923469543457,135.2356414794922,8.192094802856445,274.2005920410156,7.967392921447754
124.0,-5.625,22.235836029052734,135.6233673095703,8.191861152648926,274.1914367675781,7.967392921447754
125.0,-5.625,22.24968147277832,136.01148986816406,8.19137191772461,274.1827392578125,7.967392921447754
126.0,-5.625,22.280643463134766,136.40106201171875,8.190276145935059,274.1842956542969,7.967392921447754
127.0,-5.625,22.2480525970459,136.78469848632812,8.19143009185791,274.1158142089844,7.967392921447754
128.0,-5.625,27.597063064575195,137.80575561523438,8.002197265625,279.3808288574219,7.967392921447754
129.0,-5.625,27.59707260131836,138.28318786621094,8.002197265625,279.3194580078125,7.967392921447754
130.0,-5.625,27.5970401763916,138.75946044921875,8.002197265625,279.2497253417969,7.967392921447754
131.0,-5.625,27.597042083740234,139.2344512939453,8.002197265625,279.1717224121094,7.967392921447754
132.0,-5.625,27.5970516204834,139.7080078125,8.002197265625,279.08544921875,7.967392921447754
133.0,-5.625,27.597074508666992,140.17999267578125,8.002197265625,278.9909362792969,7.967392921447754
134.0,-5.625,27.59707260131836,140.65023803710938,8.002197265625,278.88818359375,7.967392921447754
135.0,-5.625,27.597057342529297,141.11862182617188,8.002197265625,278.7772216796875,7.967392921447754
136.0,-5.625,27.59708595275879,141.58502197265625,8.002197265625,278.65814208984375,7.967392921447754
137.0,-5.625,27.597055435180664,142.04925537109375,8.002197265625,278.5308837890625,7.967392921447754
138.0,-5.625,27.597076416015625,142.5111846923828,8.002197265625,278.3955993652344,7.967392921447754
139.0,-5.625,27.597057342529297,142.970703125,8.002197265625,278.2522277832031,7.967392921447754
140.0,-5.625,27.597068786621094,143.42764282226562,8.002197265625,278.10089111328125,7.967392921447754
141.0,-5.625,27.59706687927246,143.88186645507812,8.002197265625,277.94158935546875,7.967392921447754
142.0,-5.625,27.597064971923828,144.333251953125,8.002197265625,277.7743835449219,7.967392921447754
143.0,-5.625,27.709672927856445,144.823486328125,7.998212814331055,277.70379638671875,7.967392921447754
144.0,-5.625,28.08837127685547,145.41738891601562,7.984816074371338,277.8690185546875,7.967392921447754
145.0,-5.625,28.11466407775879,145.8778839111328,7.983885765075684,277.6990661621094,7.967392921447754
146.0,-5.625,28.16261100769043,146.34483337402344,7.982189655303955,277.5405578613281,7.967392921447754
147.0,-5.625,28.821325302124023,147.0756378173828,7.958885669708252,277.9229736328125,7.967392921447754
148.0,-5.625,29.02206039428711,147.61672973632812,7.951784133911133,277.8790588378906,7.967392921447754
149.0,-5.625,29.14990234375,148.12608337402344,7.947262287139893,277.7596740722656,7.967392921447754
150.0,-5.625,29.659709930419922,148.8192901611328,7.929226875305176,277.96478271484375,7.967392921447754
151.0,-5.625,29.975326538085938,149.4272003173828,7.918062210083008,277.98504638671875,7.967392921447754
152.0,-5.625,30.62932777404785,150.21340942382812,7.894924640655518,278.2823181152344,7.967392921447754
153.0,-5.625,31.36425018310547,151.0570831298828,7.868926048278809,278.62860107421875,7.967392921447754
154.0,-5.625,32.30179977416992,152.02728271484375,7.835757255554199,279.1234130859375,7.967392921447754
155.0,-5.625,32.856788635253906,152.8068084716797,7.816122531890869,279.2746276855469,7.967392921447754
156.0,-5.625,33.857364654541016,153.8511505126953,7.780725955963135,279.7723083496094,7.967392921447754
157.0,-5.625,34.562522888183594,154.7454376220703,7.75577974319458,280.0022277832031,7.967392921447754
158.0,-5.625,35.66139602661133,155.8893585205078,7.716904163360596,280.524169921875,7.967392921447754
159.0,-5.625,36.83549499511719,157.10357666015625,7.67536735534668,281.0738220214844,7.967392921447754
160.0,-5.625,38.09242248535156,158.39515686035156,7.630901336669922,281.65399169921875,7.967392921447754
161.0,-5.625,38.7578125,159.3350067138672,7.607361793518066,281.7436218261719,7.967392921447754
162.0,-5.625,40.373291015625,160.90586853027344,7.550211429595947,282.5278015136719,7.967392921447754
163.0,-5.625,41.57956314086914,162.23861694335938,7.507535934448242,282.96112060546875,7.967392921447754
164.0,-5.625,42.569061279296875,163.44700622558594,7.472530841827393,283.19805908203125,7.967392921447754
165.0,-5.625,43.481544494628906,164.6186065673828,7.440249919891357,283.34649658203125,7.967392921447754
166.0,-5.625,44.827144622802734,166.10916137695312,7.392646789550781,283.77032470703125,7.967392921447754
167.0,-5.625,46.04547882080078,167.5321502685547,7.349545478820801,284.0627746582031,7.967392921447754
168.0,-5.625,46.97312545776367,168.7628631591797,7.316728115081787,284.1161804199219,7.967392921447754
169.0,-5.625,48.086509704589844,170.142822265625,7.277339458465576,284.2608642578125,7.967392921447754
170.0,-5.625,48.95563507080078,171.35427856445312,7.2465925216674805,284.2062072753906,7.967392921447754
171.0,-5.625,49.89930725097656,172.6314239501953,7.213207244873047,284.1669616699219,7.967392921447754
208.0,-5.625,37.71223449707031,172.15858459472656,7.644351005554199,254.0832977294922,7.967392921447754
209.0,-5.625,33.89592742919922,168.3780975341797,7.779361248016357,253.28155517578125,7.967392921447754
210.0,-5.625,31.6489315032959,166.15025329589844,7.858853340148926,252.6445770263672,7.967392921447754
211.0,-5.625,30.56777000427246,165.07626342773438,7.897101879119873,252.0893096923828,7.967392921447754
212.0,-5.625,30.06063461303711,164.56646728515625,7.915042877197266,251.56344604492188,7.967392921447754
213.0,-5.625,29.65052032470703,164.14468383789062,7.92955207824707,251.05233764648438,7.967392921447754
214.0,-5.625,28.80116844177246,163.27590942382812,7.959599494934082,250.5774383544922,7.967392921447754
215.0,-5.625,28.5213680267334,162.96775817871094,7.9694976806640625,250.09458923339844,7.967392921447754
216.0,-5.625,28.014188766479492,162.4251708984375,7.987440586090088,249.6411895751953,7.967392921447754
217.0,-5.625,27.891077041625977,162.25741577148438,7.991796016693115,249.16714477539062,7.967392921447754
218.0,-5.625,27.660001754760742,161.97451782226562,7.999970436096191,248.71109008789062,7.967392921447754
219.0,-5.625,27.45733070373535,161.71234130859375,8.007140159606934,248.26014709472656,7.967392921447754
220.0,-5.625,27.42302894592285,161.60911560058594,8.008354187011719,247.79153442382812,7.967392921447754
221.0,-5.625,27.49394989013672,161.6014404296875,8.005845069885254,247.3074493408203,7.967392921447754
222.0,-5.625,27.812612533569336,161.82827758789062,7.994571685791016,246.77584838867188,7.967392921447754
223.0,-5.625,27.69678497314453,161.6197052001953,7.998669624328613,246.3238983154297,7.967392921447754
224.0,-5.625,27.592498779296875,161.4149627685547,8.002358436584473,245.87509155273438,7.967392921447754
225.0,-5.625,28.17586898803711,161.87014770507812,7.981720447540283,245.2674560546875,7.967392921447754
226.0,-5.625,28.572662353515625,162.1318817138672,7.967683792114258,244.68980407714844,7.967392921447754
227.0,-5.625,28.635229110717773,162.06031799316406,7.9654693603515625,244.19212341308594,7.967392921447754
228.0,-5.625,28.69985008239746,161.9817352294922,7.963184356689453,243.69410705566406,7.967392921447754
229.0,-5.625,29.102699279785156,162.21592712402344,7.948931694030762,243.09298706054688,7.967392921447754
230.0,-5.625,30.11586570739746,163.01467895507812,7.913088798522949,242.28436279296875,7.967392921447754
231.0,-5.625,30.50223731994629,163.20408630371094,7.899420261383057,241.65773010253906,7.967392921447754
232.0,-5.625,30.531465530395508,163.0465850830078,7.898386478424072,241.14845275878906,7.967392921447754
233.0,-5.625,31.0588436126709,163.34217834472656,7.879729270935059,240.4564208984375,7.967392921447754
234.0,-5.625,31.225147247314453,163.28958129882812,7.873846054077148,239.89083862304688,7.967392921447754
235.0,-5.625,31.526939392089844,163.34982299804688,7.863169193267822,239.2688751220703,7.967392921447754
236.0,-5.625,31.841466903686523,163.40858459472656,7.8520426750183105,238.6358184814453,7.967392921447754
237.0,-5.625,32.48748016357422,163.75213623046875,7.829188346862793,237.85256958007812,7.967392921447754
238.0,-5.625,32.45622253417969,163.47296142578125,7.830293655395508,237.35877990722656,7.967392921447754
239.0,-5.625,33.02691650390625,163.7174835205078,7.8101043701171875,236.58963012695312,7.967392921447754
240.0,-5.625,33.78799057006836,164.11048889160156,7.78317928314209,235.71580505371094,7.967392921447754
241.0,-5.625,34.012306213378906,164.01632690429688,7.775243759155273,235.0904998779297,7.967392921447754
242.0,-5.625,34.658634185791016,164.27146911621094,7.752379417419434,234.24745178222656,7.967392921447754
243.0,-5.625,34.861392974853516,164.12933349609375,7.745206356048584,233.6241912841797,7.967392921447754
244.0,-5.625,35.030696868896484,163.9463653564453,7.739216327667236,233.01864624023438,7.967392921447754
245.0,-5.625,35.196414947509766,163.7482452392578,7.733353614807129,232.41590881347656,7.967392921447754
246.0,-5.625,35.951385498046875,164.0214385986328,7.706644535064697,231.47805786132812,7.967392921447754
247.0,-5.625,35.945255279541016,163.6538848876953,7.70686149597168,230.97003173828125,7.967392921447754
248.0,-5.625,36.126277923583984,163.4272918701172,7.700457572937012,230.35647583007812,7.967392921447754
249.0,-5.625,36.038597106933594,162.9759979248047,7.703559875488281,229.9091339111328,7.967392921447754
250.0,-5.625,36.18574523925781,162.70074462890625,7.698354721069336,229.3238067626953,7.967392921447754
251.0,-5.625,36.24549865722656,162.3466339111328,7.696239948272705,228.79733276367188,7.967392921447754
252.0,-5.625,36.196266174316406,161.90028381347656,7.697981834411621,228.3475341796875,7.967392921447754
253.0,-5.625,36.24739456176758,161.52146911621094,7.696173667907715,227.83935546875,7.967392921447754
254.0,-5.625,36.37114715576172,161.18646240234375,7.6917948722839355,227.28785705566406,7.967392921447754
255.0,-5.625,36.46110534667969,160.81602478027344,7.688612937927246,226.76409912109375,7.967392921447754
256.0,-5.625,36.49769973754883,160.39759826660156,7.687317848205566,226.2833709716797,7.967392921447754
257.0,-5.625,36.4439697265625,159.90748596191406,7.689218997955322,225.8743133544922,7.967392921447754
258.0,-5.625,36.52672576904297,159.5043182373047,7.686291217803955,225.3750457763672,7.967392921447754
259.0,-5.625,36.651878356933594,159.119873046875,7.681863784790039,224.85049438476562,7.967392921447754
260.0,-5.625,36.716094970703125,158.68460083007812,7.679592132568359,224.3771209716797,7.967392921447754
261.0,-5.625,36.657814025878906,158.1613311767578,7.6816534996032715,224.00424194335938,7.967392921447754
262.0,-5.625,36.71334457397461,157.70425415039062,7.679688930511475,223.5530242919922,7.967392921447754
263.0,-5.625,36.91313934326172,157.32772827148438,7.672621726989746,222.99591064453125,7.967392921447754
264.0,-5.625,37.06893539428711,156.91220092773438,7.667109489440918,222.4783477783203,7.967392921447754
265.0,-5.625,37.225013732910156,156.48568725585938,7.661587715148926,221.9662628173828,7.967392921447754
266.0,-5.625,37.46330642700195,156.09542846679688,7.6531572341918945,221.39295959472656,7.967392921447754
267.0,-5.625,37.599735260009766,155.63462829589844,7.648331642150879,220.90841674804688,7.967392921447754
268.0,-5.625,37.865570068359375,155.23422241210938,7.6389265060424805,220.32241821289062,7.967392921447754
269.0,-5.625,37.999290466308594,154.74942016601562,7.634195804595947,219.8527374267578,7.967392921447754
270.0,-5.625,38.33915710449219,154.36117553710938,7.6221723556518555,219.214111328125,7.967392921447754
271.0,-5.625,38.607200622558594,153.92066955566406,7.612689971923828,218.64138793945312,7.967392921447754
272.0,-5.625,38.98570251464844,153.51998901367188,7.599299430847168,217.9777374267578,7.967392921447754
273.0,-5.625,39.35639953613281,153.09829711914062,7.586185455322266,217.32489013671875,7.967392921447754
274.0,-5.625,39.74519348144531,152.6678009033203,7.5724310874938965,216.660400390625,7.967392921447754
275.0,-5.625,40.34872817993164,152.3144073486328,7.551078796386719,215.80789184570312,7.967392921447754
276.0,-5.625,40.917518615722656,151.92190551757812,7.5309576988220215,214.98854064941406,7.967392921447754
277.0,-5.625,41.518253326416016,151.5192413330078,7.509705066680908,214.1428985595703,7.967392921447754
278.0,-5.625,42.50114059448242,151.24253845214844,7.474933624267578,212.9490966796875,7.967392921447754
279.0,-5.625,43.71971130371094,151.01817321777344,7.43182373046875,211.5355987548828,7.967392921447754
280.0,-5.625,44.53791809082031,150.60487365722656,7.4028778076171875,210.49147033691406,7.967392921447754
281.0,-5.625,46.46724319458008,150.54299926757812,7.334624290466309,208.40737915039062,7.967392921447754
282.0,-5.625,48.629337310791016,150.489501953125,7.258135795593262,206.09364318847656,7.967392921447754
304.0,-5.625,49.333133697509766,132.09703063964844,7.233237266540527,202.75424194335938,7.967392921447754
305.0,-5.625,44.896732330322266,131.53384399414062,7.390183448791504,207.2279052734375,7.967392921447754
306.0,-5.625,43.374324798583984,130.8809814453125,7.444042682647705,208.80303955078125,7.967392921447754
307.0,-5.625,42.17695236206055,130.24916076660156,7.48640251159668,210.06370544433594,7.967392921447754
308.0,-5.625,40.721702575683594,129.6908416748047,7.537884712219238,211.5887908935547,7.967392921447754
309.0,-5.625,39.43089294433594,129.16201782226562,7.583549976348877,212.9573516845703,7.967392921447754
310.0,-5.625,37.496551513671875,128.7781219482422,7.651981353759766,214.96717834472656,7.967392921447754
311.0,-5.625,35.5902099609375,128.45787048339844,7.719421863555908,216.9503631591797,7.967392921447754
312.0,-5.625,34.20907974243164,128.1063995361328,7.768282413482666,218.41734313964844,7.967392921447754
313.0,-5.625,32.773170471191406,127.8154296875,7.819080829620361,219.93907165527344,7.967392921447754
314.0,-5.625,31.12217903137207,127.62325286865234,7.877488136291504,221.66989135742188,7.967392921447754
315.0,-5.625,30.642974853515625,127.20947265625,7.8944411277771,222.26004028320312,7.967392921447754
316.0,-5.625,29.9403076171875,126.8713150024414,7.919299602508545,223.07113647460938,7.967392921447754
317.0,-5.625,29.581714630126953,126.46538543701172,7.931985855102539,223.553955078125,7.967392921447754
318.0,-5.625,28.945995330810547,126.15412139892578,7.954475402832031,224.30711364746094,7.967392921447754
319.0,-5.625,28.632266998291016,125.76813507080078,7.965574264526367,224.75595092773438,7.967392921447754
320.0,-5.625,28.56588363647461,125.31546783447266,7.967923164367676,224.97576904296875,7.967392921447754
321.0,-5.625,28.11465072631836,124.99824523925781,7.983885765075684,225.56488037109375,7.967392921447754
322.0,-5.625,28.114660263061523,124.53839111328125,7.983885765075684,225.73521423339844,7.967392921447754
323.0,-5.625,28.023448944091797,124.11548614501953,7.987112998962402,225.9981689453125,7.967392921447754
324.0,-5.625,27.59705924987793,123.82864379882812,8.002197265625,226.57659912109375,7.967392921447754
325.0,-5.625,27.597061157226562,123.38662719726562,8.002197265625,226.76719665527344,7.967392921447754
326.0,-5.625,27.5970516204834,122.9480209350586,8.002197265625,226.96548461914062,7.967392921447754
327.0,-5.625,27.597064971923828,122.5129165649414,8.002197265625,227.17138671875,7.967392921447754
328.0,-5.625,27.597057342529297,122.08149719238281,8.002197265625,227.38485717773438,7.967392921447754
329.0,-5.625,27.597061157226562,121.65386199951172,8.002197265625,227.60581970214844,7.967392921447754
330.0,-5.625,27.560537338256836,121.24774169921875,8.003488540649414,227.86619567871094,7.967392921447754
331.0,-5.625,27.37412452697754,120.9212875366211,8.01008415222168,228.2632598876953,7.967392921447754
332.0,-5.625,27.409658432006836,120.49095916748047,8.008827209472656,228.47384643554688,7.967392921447754
333.0,-5.625,27.163476943969727,120.21231079101562,8.017536163330078,228.9314422607422,7.967392921447754
334.0,-5.625,27.15743637084961,119.81522369384766,8.017749786376953,229.1898651123047,7.967392921447754
335.0,-5.625,27.038911819458008,119.4853744506836,8.021942138671875,229.5485076904297,7.967392921447754
336.0,-5.625,27.07943344116211,119.07275390625,8.020508766174316,229.78121948242188,7.967392921447754
337.0,-5.625,26.92922019958496,118.7752685546875,8.025822639465332,230.17604064941406,7.967392921447754
338.0,-5.625,26.807565689086914,118.46971893310547,8.03012752532959,230.55160522460938,7.967392921447754
339.0,-5.625,26.834095001220703,118.0816421508789,8.02918815612793,230.81417846679688,7.967392921447754
340.0,-5.625,26.625301361083984,117.84529113769531,8.036574363708496,231.26698303222656,7.967392921447754
341.0,-5.625,26.648544311523438,117.4711685180664,8.03575325012207,231.54345703125,7.967392921447754
342.0,-5.625,26.56183624267578,117.1734619140625,8.038820266723633,231.90982055664062,7.967392921447754
343.0,-5.625,26.660144805908203,116.76002502441406,8.0353422164917,232.14254760742188,7.967392921447754
344.0,-5.625,26.49294662475586,116.52982330322266,8.04125690460205,232.5782012939453,7.967392921447754
345.0,-5.625,26.561847686767578,116.14599609375,8.038820266723633,232.8455810546875,7.967392921447754
346.0,-5.625,26.535320281982422,115.83323669433594,8.039758682250977,233.18812561035156,7.967392921447754
347.0,-5.625,26.56182098388672,115.48883819580078,8.038820266723633,233.49879455566406,7.967392921447754
348.0,-5.625,26.360429763793945,115.3156967163086,8.045945167541504,233.97158813476562,7.967392921447754
349.0,-5.625,26.399747848510742,114.97492218017578,8.044554710388184,234.2832489013672,7.967392921447754
350.0,-5.625,26.336584091186523,114.71626281738281,8.046789169311523,234.66876220703125,7.967392921447754
351.0,-5.625,26.488319396972656,114.30101013183594,8.041420936584473,234.91932678222656,7.967392921447754
352.0,-5.625,26.33156967163086,114.12749481201172,8.046966552734375,235.37388610839844,7.967392921447754
353.0,-5.625,26.251707077026367,113.90323638916016,8.04979133605957,235.7817840576172,7.967392921447754
354.0,-5.625,26.344970703125,113.54913330078125,8.046492576599121,236.08787536621094,7.967392921447754
355.0,-5.625,26.22420883178711,113.37210083007812,8.050764083862305,236.5276641845703,7.967392921447754
356.0,-5.625,26.37642478942871,112.98100280761719,8.045379638671875,236.81161499023438,7.967392921447754
357.0,-5.625,26.367748260498047,112.72644805908203,8.045686721801758,237.19483947753906,7.967392921447754
358.0,-5.625,26.425716400146484,112.42295837402344,8.043636322021484,237.54586791992188,7.967392921447754
359.0,-5.625,26.535247802734375,112.08147430419922,8.039761543273926,237.8755645751953,7.967392921447754
0.0,-11.25,11.36394214630127,124.81087493896484,8.002197265625,246.18551635742188,7.967392921447754
1.0,-11.25,11.36394214630127,124.7109375,8.002197265625,246.35598754882812,7.967392921447754
2.0,-11.25,11.363938331604004,124.6139907836914,8.002197265625,246.52818298339844,7.967392921447754
3.0,-11.25,11.363934516906738,124.52007293701172,8.002197265625,246.7020263671875,7.967392921447754
4.0,-11.25,11.363946914672852,124.42918395996094,8.002197265625,246.8774871826172,7.967392921447754
5.0,-11.25,11.363934516906738,124.34139251708984,8.002197265625,247.0545196533203,7.967392921447754
6.0,-11.25,11.363945007324219,124.25668334960938,8.002197265625,247.23304748535156,7.967392921447754
7.0,-11.25,11.363941192626953,124.17511749267578,8.002197265625,247.41302490234375,7.967392921447754
8.0,-11.25,11.363945007324219,124.0967025756836,8.002197265625,247.59439086914062,7.967392921447754
9.0,-11.25,11.363945007324219,124.0214614868164,8.002197265625,247.77711486816406,7.967392921447754
10.0,-11.25,11.363948822021484,123.94941711425781,8.002197265625,247.96112060546875,7.967392921447754
11.0,-11.25,11.363938331604004,123.88060760498047,8.002197265625,248.1463623046875,7.967392921447754
12.0,-11.25,11.363941192626953,123.81503295898438,8.002197265625,248.332763671875,7.967392921447754
13.0,-11.25,11.36394214630127,123.75272369384766,8.002197265625,248.52027893066406,7.967392921447754
14.0,-11.25,11.363941192626953,123.69369506835938,8.002197265625,248.7088623046875,7.967392921447754
15.0,-11.25,11.363937377929688,123.63796997070312,8.002197265625,248.89845275878906,7.967392921447754
16.0,-11.25,11.363933563232422,123.58556365966797,8.002197265625,249.08897399902344,7.967392921447754
17.0,-11.25,11.363944053649902,123.5364761352539,8.002197265625,249.28038024902344,7.967392921447754
18.0,-11.25,11.363936424255371,123.49075317382812,8.002197265625,249.47262573242188,7.967392921447754
19.0,-11.25,11.363935470581055,123.4483871459961,8.002197265625,249.66563415527344,7.967392921447754
20.0,-11.25,11.363945007324219,123.40938568115234,8.002197265625,249.85934448242188,7.967392921447754
21.0,-11.25,11.363945960998535,123.373779296875,8.002197265625,250.0537109375,7.967392921447754
22.0,-11.25,11.36394214630127,123.3415756225586,8.002197265625,250.24867248535156,7.967392921447754
23.0,-11.25,11.363941192626953,123.31277465820312,8.002197265625,250.4441680908203,7.967392921447754
24.0,-11.25,11.36393928527832,123.28739166259766,8.002197265625,250.64013671875,7.967392921447754
25.0,-11.25,11.363945007324219,123.26542663574219,8.002197265625,250.8365020751953,7.967392921447754
26.0,-11.25,11.363946914672852,123.24689483642578,8.002197265625,251.03323364257812,7.967392921447754
27.0,-11.25,11.363944053649902,123.23180389404297,8.002197265625,251.23025512695312,7.967392921447754
28.0,-11.25,11.363941192626953,123.22015380859375,8.002197265625,251.42752075195312,7.967392921447754
29.0,-11.25,11.36394214630127,123.21194458007812,8.002197265625,251.6249542236328,7.967392921447754
30.0,-11.25,11.363940238952637,123.20718383789062,8.002197265625,251.82249450683594,7.967392921447754
31.0,-11.25,11.363946914672852,123.20586395263672,8.002197265625,252.0200958251953,7.967392921447754
32.0,-11.25,11.363940238952637,123.2080078125,8.002197265625,252.21768188476562,7.967392921447754
33.0,-11.25,11.363945960998535,123.21358489990234,8.002197265625,252.41522216796875,7.967392921447754
34.0,-11.25,11.363935470581055,123.22262573242188,8.002197265625,252.61260986328125,7.967392921447754
35.0,-11.25,11.363941192626953,123.23509216308594,8.002197265625,252.80979919433594,7.967392921447754
36.0,-11.25,11.363941192626953,123.25100708007812,8.002197265625,253.00677490234375,7.967392921447754
37.0,-11.25,11.363941192626953,123.27035522460938,8.002197265625,253.20343017578125,7.967392921447754
38.0,-11.25,11.363945960998535,123.29312896728516,8.002197265625,253.39971923828125,7.967392921447754
39.0,-11.25,11.363937377929688,123.3193359375,8.002197265625,253.59556579589844,7.967392921447754
40.0,-11.25,11.363943099975586,123.34894561767578,8.002197265625,253.7909393310547,7.967392921447754
41.0,-11.25,11.363945007324219,123.38196563720703,8.002197265625,253.98577880859375,7.967392921447754
42.0,-11.25,11.363940238952637,123.41838073730469,8.002197265625,254.1799774169922,7.967392921447754
43.0,-11.25,11.363944053649902,123.45817565917969,8.002197265625,254.37353515625,7.967392921447754
44.0,-11.25,11.36393928527832,123.50135040283203,8.002197265625,254.5663604736328,7.967392921447754
45.0,-11.25,11.363945007324219,123.5478744506836,8.002197265625,254.75840759277344,7.967392921447754
46.0,-11.25,11.363945007324219,123.59774780273438,8.002197265625,254.94961547851562,7.967392921447754
47.0,-11.25,11.36394214630127,123.65095520019531,8.002197265625,255.13992309570312,7.967392921447754
48.0,-11.25,11.363945960998535,123.70746612548828,8.002197265625,255.3292694091797,7.967392921447754
49.0,-11.25,11.363945960998535,123.76728057861328,8.002197265625,255.51760864257812,7.967392921447754
50.0,-11.25,11.36394214630127,123.83036804199219,8.002197265625,255.70484924316406,7.967392921447754
51.0,-11.25,11.363953590393066,123.89671325683594,8.002197265625,255.89100646972656,7.967392921447754
52.0,-11.25,11.3639554977417,123.96630096435547,8.002197265625,256.0759582519531,7.967392921447754
53.0,-11.25,11.363940238952637,124.03911590576172,8.002197265625,256.2596435546875,7.967392921447754
54.0,-11.25,11.36394214630127,124.1151123046875,8.002197265625,256.4420471191406,7.967392921447754
55.0,-11.25,11.363936424255371,124.19428253173828,8.002197265625,256.6230773925781,7.967392921447754
56.0,-11.25,11.363947868347168,124.27659606933594,8.002197265625,256.802734375,7.967392921447754
57.0,-11.25,11.363933563232422,124.36204528808594,8.002197265625,256.98089599609375,7.967392921447754
58.0,-11.25,11.363943099975586,124.45057678222656,8.002197265625,257.1575622558594,7.967392921447754
59.0,-11.25,11.363933563232422,124.54219055175781,8.002197265625,257.3326416015625,7.967392921447754
60.0,-11.25,11.363941192626953,124.63683319091797,8.002197265625,257.506103515625,7.967392921447754
61.0,-11.25,11.36393928527832,124.7344970703125,8.002197265625,257.6778869628906,7.967392921447754
62.0,-11.25,11.363941192626953,124.83513641357422,8.002197265625,257.8479309082031,7.967392921447754
63.0,-11.25,11.36394214630127,124.93873596191406,8.002197265625,258.0162048339844,7.967392921447754
64.0,-11.25,11.363943099975586,125.04525756835938,8.002197265625,258.1826477050781,7.967392921447754
65.0,-11.25,11.363945007324219,125.1546630859375,8.002197265625,258.3471984863281,7.967392921447754
66.0,-11.25,11.363953590393066,125.26692199707031,8.002197265625,258.50982666015625,7.967392921447754
67.0,-11.25,11.363945007324219,125.38200378417969,8.002197265625,258.6704406738281,7.967392921447754
68.0,-11.25,11.363940238952637,125.4998779296875,8.002197265625,258.82904052734375,7.967392921447754
69.0,-11.25,11.363948822021484,125.62049102783203,8.002197265625,258.9855651855469,7.967392921447754
70.0,-11.25,11.363945007324219,125.74382781982422,8.002197265625,259.13995361328125,7.967392921447754
71.0,-11.25,11.363956451416016,125.86982727050781,8.002197265625,259.29217529296875,7.967392921447754
72.0,-11.25,11.363956451416016,125.99847412109375,8.002197265625,259.4421691894531,7.967392921447754
73.0,-11.25,11.363947868347168,126.12971496582031,8.002197265625,259.5898742675781,7.967392921447754
74.0,-11.25,11.363948822021484,126.26351928710938,8.002197265625,259.73529052734375,7.967392921447754
75.0,-11.25,11.363935470581055,126.39984130859375,8.002197265625,259.8783264160156,7.967392921447754
76.0,-11.25,11.363938331604004,126.53863525390625,8.002197265625,260.01898193359375,7.967392921447754
77.0,-11.25,11.363948822021484,126.67985534667969,8.002197265625,260.1571960449219,7.967392921447754
78.0,-11.25,11.363937377929688,126.82347869873047,8.002197265625,260.29290771484375,7.967392921447754
79.0,-11.25,11.363947868347168,126.96944427490234,8.002197265625,260.4261169433594,7.967392921447754
80.0,-11.25,11.363941192626953,127.11770629882812,8.002197265625,260.5567321777344,7.967392921447754
81.0,-11.25,11.363964080810547,127.26823425292969,8.002197265625,260.6847839355469,7.967392921447754
82.0,-11.25,11.363956451416016,127.42097473144531,8.002197265625,260.8101501464844,7.967392921447754
83.0,-11.25,11.363951683044434,127.57587432861328,8.002197265625,260.9328308105469,7.967392921447754
84.0,-11.25,11.363953590393066,127.7328872680664,8.002197265625,261.05279541015625,7.967392921447754
85.0,-11.25,11.363957405090332,127.89198303222656,8.002197265625,261.1700134277344,7.967392921447754
86.0,-11.25,11.363926887512207,128.0531005859375,8.002197265625,261.2843933105469,7.967392921447754
87.0,-11.25,11.363947868347168,128.21617126464844,8.002197265625,261.39599609375,7.967392921447754
88.0,-11.25,11.363957405090332,128.3811798095703,8.002197265625,261.5047302246094,7.967392921447754
89.0,-11.25,11.363943099975586,128.5480499267578,8.002197265625,261.61053466796875,7.967392921447754
90.0,-11.25,11.363948822021484,128.7167510986328,8.002197265625,261.71343994140625,7.967392921447754
91.0,-11.25,11.3639554977417,128.88722229003906,8.002197265625,261.8133850097656,7.967392921447754
92.0,-11.25,11.36396598815918,129.0594024658203,8.002197265625,261.91033935546875,7.967392921447754
93.0,-11.25,11.363943099975586,129.23326110839844,8.002197265625,262.0042419433594,7.967392921447754
94.0,-11.25,11.363946914672852,129.40872192382812,8.002197265625,262.0951232910156,7.967392921447754
95.0,-11.25,11.363941192626953,129.58575439453125,8.002197265625,262.18292236328125,7.967392921447754
96.0,-11.25,11.363958358764648,129.7642822265625,8.002197265625,262.26763916015625,7.967392921447754
97.0,-11.25,11.36396312713623,129.9442596435547,8.002197265625,262.3492126464844,7.967392921447754
98.0,-11.25,11.363946914672852,130.12564086914062,8.002197265625,262.4276123046875,7.967392921447754
99.0,-11.25,11.363937377929688,130.308349609375,8.002197265625,262.5028381347656,7.967392921447754
100.0,-11.25,11.363948822021484,130.4923553466797,8.002197265625,262.57489013671875,7.967392921447754
101.0,-11.25,11.363945960998535,130.67759704589844,8.002197265625,262.6437072753906,7.967392921447754
102.0,-11.25,11.363956451416016,130.86399841308594,8.002197265625,262.70928955078125,7.967392921447754
103.0,-11.25,11.363934516906738,131.051513671875,8.002197265625,262.7715759277344,7.967392921447754
104.0,-11.25,11.363956451416016,131.24009704589844,8.002197265625,262.83062744140625,7.967392921447754
105.0,-11.25,11.3639554977417,131.42967224121094,8.002197265625,262.8863525390625,7.967392921447754
106.0,-11.25,11.363945960998535,131.6201934814453,8.002197265625,262.9387512207031,7.967392921447754
107.0,-11.25,11.36396598815918,131.81161499023438,8.002197265625,262.98785400390625,7.967392921447754
108.0,-11.25,11.3639554977417,132.00384521484375,8.002197265625,263.0335693359375,7.967392921447754
109.0,-11.25,11.363945960998535,132.1968536376953,8.002197265625,263.075927734375,7.967392921447754
110.0,-11.25,11.36395263671875,132.3905792236328,8.002197265625,263.11492919921875,7.967392921447754
111.0,-11.25,11.363931655883789,132.58494567871094,8.002197265625,263.1505126953125,7.967392921447754
112.0,-11.25,11.3639497756958,132.7799072265625,8.002197265625,263.1827392578125,7.967392921447754
113.0,-11.25,11.363958358764648,132.9753875732422,8.002197265625,263.2115478515625,7.967392921447754
114.0,-11.25,11.363964080810547,133.17135620117188,8.002197265625,263.2369384765625,7.967392921447754
115.0,-11.25,11.363945007324219,133.36773681640625,8.002197265625,263.2588806152344,7.967392921447754
116.0,-11.25,11.363940238952637,133.56446838378906,8.002197265625,263.27740478515625,7.967392921447754
117.0,-11.25,11.363951683044434,133.76148986816406,8.002197265625,263.2925109863281,7.967392921447754
118.0,-11.25,11.363956451416016,133.95875549316406,8.002197265625,263.3041687011719,7.967392921447754
119.0,-11.25,11.363956451416016,134.15618896484375,8.002197265625,263.3123779296875,7.967392921447754
120.0,-11.25,11.3639554977417,134.35372924804688,8.002197265625,263.317138671875,7.967392921447754
121.0,-11.25,11.363954544067383,134.55133056640625,8.002197265625,263.3184509277344,7.967392921447754
122.0,-11.25,11.363954544067383,134.74891662597656,8.002197265625,263.3163146972656,7.967392921447754
123.0,-11.25,11.363953590393066,134.94644165039062,8.002197265625,263.31072998046875,7.967392921447754
124.0,-11.25,11.3639497756958,135.14382934570312,8.002197265625,263.30169677734375,7.967392921447754
125.0,-11.25,11.363973617553711,135.34104919433594,8.002197265625,263.28924560546875,7.967392921447754
126.0,-11.25,11.434042930603027,135.5442352294922,7.996175765991211,263.3428649902344,7.967392921447754
127.0,-11.25,11.508901596069336,135.75006103515625,7.989743709564209,263.3975524902344,7.967392921447754
128.0,-11.25,11.577088356018066,135.957275390625,7.983885765075684,263.44189453125,7.967392921447754
129.0,-11.25,11.577075958251953,136.15679931640625,7.983885765075684,263.4151916503906,7.967392921447754
130.0,-11.25,11.577094078063965,136.3558349609375,7.983885765075684,263.3850402832031,7.967392921447754
131.0,-11.25,11.57710075378418,136.55430603027344,7.983885765075684,263.3514099121094,7.967392921447754
132.0,-11.25,11.577089309692383,136.75216674804688,7.983885765075684,263.3143005371094,7.967392921447754
133.0,-11.25,11.577107429504395,136.94935607910156,7.983885765075684,263.2737731933594,7.967392921447754
134.0,-11.25,11.591547012329102,137.14906311035156,7.982645511627197,263.2438049316406,7.967392921447754
135.0,-11.25,11.669694900512695,137.36395263671875,7.9759297370910645,263.2718505859375,7.967392921447754
136.0,-11.25,11.748580932617188,137.58079528808594,7.969152927398682,263.2965087890625,7.967392921447754
137.0,-11.25,11.790236473083496,137.78907775878906,7.965574264526367,263.2813720703125,7.967392921447754
138.0,-11.25,11.790215492248535,137.9855194091797,7.965574264526367,263.22271728515625,7.967392921447754
139.0,-11.25,11.790231704711914,138.18092346191406,7.965574264526367,263.1606750488281,7.967392921447754
140.0,-11.25,11.82903003692627,138.3878631591797,7.962242603302002,263.1317443847656,7.967392921447754
141.0,-11.25,11.909543991088867,138.6092071533203,7.955325126647949,263.13800048828125,7.967392921447754
142.0,-11.25,11.990638732910156,138.83213806152344,7.948357582092285,263.14044189453125,7.967392921447754
143.0,-11.25,12.003374099731445,139.03074645996094,7.947262287139893,263.07537841796875,7.967392921447754
144.0,-11.25,12.003361701965332,139.22341918945312,7.947262287139893,262.9950866699219,7.967392921447754
145.0,-11.25,12.003396987915039,139.41465759277344,7.947262287139893,262.9114990234375,7.967392921447754
146.0,-11.25,12.06842041015625,139.63189697265625,7.941675186157227,262.8832092285156,7.967392921447754
147.0,-11.25,12.150307655334473,139.85704040527344,7.934638977050781,262.86572265625,7.967392921447754
148.0,-11.25,12.216525077819824,140.0760040283203,7.928950786590576,262.82977294921875,7.967392921447754
149.0,-11.25,12.216522216796875,140.26422119140625,7.928950786590576,262.7312927246094,7.967392921447754
150.0,-11.25,12.306534767150879,140.4943389892578,7.921219348907471,262.7078857421875,7.967392921447754
151.0,-11.25,12.400321960449219,140.7272491455078,7.913160800933838,262.6829528808594,7.967392921447754
152.0,-11.25,12.4296875,140.9279327392578,7.910638809204102,262.5981750488281,7.967392921447754
153.0,-11.25,12.429656982421875,141.11196899414062,7.910638809204102,262.4848327636719,7.967392921447754
154.0,-11.25,12.500340461730957,141.33248901367188,7.904568195343018,262.42730712890625,7.967392921447754
155.0,-11.25,12.600260734558105,141.5693359375,7.895981311798096,262.3893737792969,7.967392921447754
156.0,-11.25,12.642824172973633,141.77403259277344,7.892327308654785,262.2995910644531,7.967392921447754
157.0,-11.25,12.714925765991211,141.99508666992188,7.886133193969727,262.2295837402344,7.967392921447754
158.0,-11.25,12.797538757324219,142.2222137451172,7.879034996032715,262.163330078125,7.967392921447754
159.0,-11.25,12.880128860473633,142.44927978515625,7.871938705444336,262.09222412109375,7.967392921447754
160.0,-11.25,13.047060012817383,142.72918701171875,7.857597827911377,262.08148193359375,7.967392921447754
161.0,-11.25,13.268964767456055,143.04641723632812,7.838532447814941,262.1058654785156,7.967392921447754
162.0,-11.25,13.497589111328125,143.371337890625,7.818891525268555,262.12725830078125,7.967392921447754
163.0,-11.25,13.647401809692383,143.6468963623047,7.8060197830200195,262.08209228515625,7.967392921447754
164.0,-11.25,13.69363021850586,143.85301208496094,7.802048683166504,261.95501708984375,7.967392921447754
165.0,-11.25,13.711318969726562,144.03765869140625,7.800528526306152,261.80340576171875,7.967392921447754
166.0,-11.25,13.909297943115234,144.34713745117188,7.783519744873047,261.7751159667969,7.967392921447754
167.0,-11.25,14.16446304321289,144.6995391845703,7.761598110198975,261.7784729003906,7.967392921447754
168.0,-11.25,14.3035888671875,144.97027587890625,7.749645233154297,261.69378662109375,7.967392921447754
169.0,-11.25,14.265558242797852,145.10971069335938,7.752912521362305,261.4847717285156,7.967392921447754
170.0,-11.25,14.174009323120117,145.20472717285156,7.760777950286865,261.23895263671875,7.967392921447754
171.0,-11.25,14.47091293334961,145.59140014648438,7.735270023345947,261.2408752441406,7.967392921447754
172.0,-11.25,14.921192169189453,146.10028076171875,7.696585655212402,261.3279724121094,7.967392921447754
173.0,-11.25,15.190511703491211,146.47315979003906,7.67344856262207,261.2893371582031,7.967392921447754
174.0,-11.25,15.947332382202148,147.2366485595703,7.608428955078125,261.531982421875,7.967392921447754
175.0,-11.25,15.802064895629883,147.2838592529297,7.620909690856934,261.2239074707031,7.967392921447754
176.0,-11.25,16.0003719329834,147.60504150390625,7.603871822357178,261.11285400390625,7.967392921447754
177.0,-11.25,17.144744873046875,148.7086944580078,7.505555152893066,261.5188293457031,7.967392921447754
178.0,-11.25,17.93731117248535,149.53585815429688,7.437464237213135,261.6985778808594,7.967392921447754
179.0,-11.25,18.018112182617188,149.77125549316406,7.430521011352539,261.4776916503906,7.967392921447754
180.0,-11.25,19.460201263427734,151.16748046875,7.306629180908203,261.9476318359375,7.967392921447754
181.0,-11.25,19.795320510864258,151.62811279296875,7.277836799621582,261.8220520019531,7.967392921447754
182.0,-11.25,19.728404998779297,151.7386016845703,7.283586502075195,261.48992919921875,7.967392921447754
183.0,-11.25,19.73819351196289,151.91029357910156,7.282746315002441,261.1926574707031,7.967392921447754
184.0,-11.25,19.759166717529297,152.08677673339844,7.280944347381592,260.8973388671875,7.967392921447754
185.0,-11.25,19.848241806030273,152.3192901611328,7.273290634155273,260.6282653808594,7.967392921447754
186.0,-11.25,19.71615219116211,152.34783935546875,7.284637928009033,260.2610778808594,7.967392921447754
187.0,-11.25,19.668201446533203,152.4456787109375,7.288759231567383,259.9294738769531,7.967392921447754
188.0,-11.25,19.474170684814453,152.40328979492188,7.3054280281066895,259.5404052734375,7.967392921447754
189.0,-11.25,19.347412109375,152.4150390625,7.316317558288574,259.1802062988281,7.967392921447754
190.0,-11.25,18.97951316833496,152.19522094726562,7.34792423248291,258.7362976074219,7.967392921447754
191.0,-11.25,18.64205551147461,151.9939727783203,7.376918315887451,258.3126220703125,7.967392921447754
192.0,-11.25,18.827756881713867,152.276611328125,7.360963344573975,258.0666809082031,7.967392921447754
193.0,-11.25,18.960853576660156,152.50604248046875,7.34952974319458,257.7967224121094,7.967392921447754
194.0,-11.25,18.399402618408203,152.0692596435547,7.397765159606934,257.31964111328125,7.967392921447754
195.0,-11.25,18.134037017822266,151.9051971435547,7.420563697814941,256.9403381347656,7.967392921447754
196.0,-11.25,18.013044357299805,151.87232971191406,7.430956840515137,256.6053466796875,7.967392921447754
197.0,-11.25,18.05670928955078,151.9923553466797,7.427206039428711,256.3123779296875,7.967392921447754
198.0,-11.25,17.8323917388916,151.84715270996094,7.446476936340332,255.9571075439453,7.967392921447754
199.0,-11.25,17.51871681213379,151.60781860351562,7.473424911499023,255.5898895263672,7.967392921447754
200.0,-11.25,17.34890365600586,151.5017852783203,7.4880146980285645,255.2593231201172,7.967392921447754
201.0,-11.25,17.250276565551758,151.45933532714844,7.496488571166992,254.94573974609375,7.967392921447754
202.0,-11.25,17.081586837768555,151.34217834472656,7.510980129241943,254.62384033203125,7.967392921447754
203.0,-11.25,17.492177963256836,151.79067993164062,7.475707054138184,254.3860626220703,7.967392921447754
204.0,-11.25,16.798267364501953,151.1433868408203,7.535322189331055,254.00160217285156,7.967392921447754
205.0,-11.25,16.68860626220703,151.06716918945312,7.54474401473999,253.7001190185547,7.967392921447754
206.0,-11.25,16.580156326293945,150.98672485351562,7.554059982299805,253.4020233154297,7.967392921447754
207.0,-11.25,16.485517501831055,150.9146728515625,7.562191486358643,253.10816955566406,7.967392921447754
208.0,-11.25,16.587738037109375,151.03329467773438,7.553408622741699,252.82713317871094,7.967392921447754
209.0,-11.25,16.69133758544922,151.1484375,7.54450798034668,252.54232788085938,7.967392921447754
210.0,-11.25,16.374160766601562,150.83946228027344,7.571758270263672,252.24732971191406,7.967392921447754
211.0,-11.25,16.086658477783203,150.55491638183594,7.596457481384277,251.9632110595703,7.967392921447754
212.0,-11.25,16.466506958007812,150.93026733398438,7.56382417678833,251.6761016845703,7.967392921447754
213.0,-11.25,16.392963409423828,150.8489532470703,7.57014274597168,251.39259338378906,7.967392921447754
214.0,-11.25,16.190616607666016,150.63462829589844,7.587525844573975,251.1188201904297,7.967392921447754
215.0,-11.25,15.922650337219238,150.35057067871094,7.610548496246338,250.8570098876953,7.967392921447754
216.0,-11.25,15.839959144592285,150.2462158203125,7.617652416229248,250.58839416503906,7.967392921447754
217.0,-11.25,15.839948654174805,150.21923828125,7.617652416229248,250.31430053710938,7.967392921447754
218.0,-11.25,15.786140441894531,150.13429260253906,7.622276782989502,250.04734802246094,7.967392921447754
219.0,-11.25,15.691976547241211,150.00502014160156,7.630365371704102,249.78851318359375,7.967392921447754
220.0,-11.25,15.677253723144531,149.94964599609375,7.6316304206848145,249.52105712890625,7.967392921447754
221.0,-11.25,15.765686988830566,149.99082946777344,7.6240339279174805,249.23680114746094,7.967392921447754
222.0,-11.25,15.839948654174805,150.01290893554688,7.617652416229248,248.95309448242188,7.967392921447754
223.0,-11.25,15.815974235534668,149.93408203125,7.6197123527526855,248.68832397460938,7.967392921447754
224.0,-11.25,15.827589988708496,149.88526916503906,7.618715286254883,248.4173126220703,7.967392921447754
225.0,-11.25,16.37701416015625,150.351318359375,7.5715131759643555,248.01629638671875,7.967392921447754
226.0,-11.25,16.44302749633789,150.3429412841797,7.565840721130371,247.72360229492188,7.967392921447754
227.0,-11.25,16.820270538330078,150.6270294189453,7.533431529998779,247.34388732910156,7.967392921447754
228.0,-11.25,16.998266220092773,150.71286010742188,7.518138885498047,247.0114288330078,7.967392921447754
229.0,-11.25,17.184715270996094,150.79994201660156,7.5021209716796875,246.6719512939453,7.967392921447754
230.0,-11.25,17.432016372680664,150.9373321533203,7.480875492095947,246.30807495117188,7.967392921447754
231.0,-11.25,17.6406192779541,151.03070068359375,7.462952613830566,245.9510498046875,7.967392921447754
232.0,-11.25,17.758174896240234,151.0319366455078,7.452853202819824,245.62176513671875,7.967392921447754
233.0,-11.25,17.88528823852539,151.03549194335938,7.4419331550598145,245.28701782226562,7.967392921447754
234.0,-11.25,18.205272674560547,151.20907592773438,7.41444206237793,244.874755859375,7.967392921447754
235.0,-11.25,18.453832626342773,151.30825805664062,7.393087387084961,244.48350524902344,7.967392921447754
236.0,-11.25,18.667573928833008,151.36740112304688,7.374724388122559,244.10140991210938,7.967392921447754
237.0,-11.25,19.428226470947266,151.90750122070312,7.309375286102295,243.47509765625,7.967392921447754
238.0,-11.25,19.687583923339844,151.98611450195312,7.287093162536621,243.05526733398438,7.967392921447754
239.0,-11.25,19.90283966064453,152.0165557861328,7.268599510192871,242.65086364746094,7.967392921447754
240.0,-11.25,20.937801361083984,152.75160217285156,7.179684162139893,241.8452911376953,7.967392921447754
241.0,-11.25,21.68092918395996,153.2120819091797,7.115839004516602,241.1572723388672,7.967392921447754
242.0,-11.25,22.742046356201172,153.92510986328125,7.024677276611328,240.28643798828125,7.967392921447754
243.0,-11.25,23.589937210083008,154.43325805664062,6.951831817626953,239.5005645751953,7.967392921447754
244.0,-11.25,24.33486557006836,154.833740234375,6.887834072113037,238.7495574951172,7.967392921447754
245.0,-11.25,24.737619400024414,154.93165588378906,6.853231430053711,238.172119140625,7.967392921447754
246.0,-11.25,25.510173797607422,155.3168487548828,6.786858558654785,237.3753204345703,7.967392921447754
247.0,-11.25,26.009164810180664,155.46009826660156,6.743990421295166,236.7216796875,7.967392921447754
248.0,-11.25,26.411174774169922,155.50970458984375,6.7094526290893555,236.1169891357422,7.967392921447754
249.0,-11.25,26.490520477294922,155.2915496826172,6.702635765075684,235.70440673828125,7.967392921447754
250.0,-11.25,27.324039459228516,155.64834594726562,6.631025791168213,234.82057189941406,7.967392921447754
251.0,-11.25,27.7276668548584,155.6528778076172,6.596349716186523,234.19544982910156,7.967392921447754
252.0,-11.25,28.590118408203125,155.98631286621094,6.522254467010498,233.264404296875,7.967392921447754
253.0,-11.25,29.146089553833008,156.06700134277344,6.474489212036133,232.52127075195312,7.967392921447754
254.0,-11.25,29.653034210205078,156.0924835205078,6.430936813354492,231.80308532714844,7.967392921447754
255.0,-11.25,30.094451904296875,156.052490234375,6.393013000488281,231.12364196777344,7.967392921447754
256.0,-11.25,30.394474029541016,155.89585876464844,6.3672380447387695,230.53936767578125,7.967392921447754
257.0,-11.25,30.812807083129883,155.80702209472656,6.331296920776367,229.86929321289062,7.967392921447754
258.0,-11.25,31.01919174194336,155.5575408935547,6.313566207885742,229.3506317138672,7.967392921447754
259.0,-11.25,31.11351203918457,155.22183227539062,6.305462837219238,228.91708374023438,7.967392921447754
260.0,-11.25,31.33167266845703,154.95816040039062,6.286720275878906,228.39511108398438,7.967392921447754
261.0,-11.25,31.446758270263672,154.6166534423828,6.2768330574035645,227.9541473388672,7.967392921447754
262.0,-11.25,31.7010498046875,154.35302734375,6.254985809326172,227.4099884033203,7.967392921447754
263.0,-11.25,31.97588348388672,154.08905029296875,6.231375694274902,226.85162353515625,7.967392921447754
264.0,-11.25,32.275482177734375,153.8263702392578,6.205634117126465,226.27529907226562,7.967392921447754
265.0,-11.25,32.50634765625,153.50933837890625,6.185800552368164,225.75604248046875,7.967392921447754
266.0,-11.25,32.609642028808594,153.1073455810547,6.176926136016846,225.34434509277344,7.967392921447754
267.0,-11.25,32.81635665893555,152.75418090820312,6.15916633605957,224.85316467285156,7.967392921447754
268.0,-11.25,32.97803497314453,152.36514282226562,6.14527702331543,224.4039306640625,7.967392921447754
269.0,-11.25,32.97868728637695,151.88119506835938,6.145221710205078,224.0962677001953,7.967392921447754
270.0,-11.25,32.891624450683594,151.34710693359375,6.1526994705200195,223.87210083007812,7.967392921447754
271.0,-11.25,33.19562911987305,151.00460815429688,6.126583099365234,223.3202362060547,7.967392921447754
272.0,-11.25,33.294677734375,150.54930114746094,6.118072509765625,222.9506378173828,7.967392921447754
273.0,-11.25,33.39118194580078,150.0848846435547,6.1097822189331055,222.5904541015625,7.967392921447754
274.0,-11.25,33.557064056396484,149.64402770996094,6.095531463623047,222.17601013183594,7.967392921447754
275.0,-11.25,33.73728561401367,149.1996612548828,6.080047607421875,221.75518798828125,7.967392921447754
276.0,-11.25,33.90089416503906,148.7382354736328,6.065990924835205,221.35586547851562,7.967392921447754
277.0,-11.25,34.05424499511719,148.26316833496094,6.052816390991211,220.9728240966797,7.967392921447754
278.0,-11.25,34.015838623046875,147.7047576904297,6.056116580963135,220.77308654785156,7.967392921447754
279.0,-11.25,34.3207893371582,147.2710418701172,6.029918670654297,220.26593017578125,7.967392921447754
280.0,-11.25,34.34135818481445,146.72264099121094,6.0281524658203125,220.0292205810547,7.967392921447754
281.0,-11.25,34.33992004394531,146.16238403320312,6.0282745361328125,219.82260131835938,7.967392921447754
282.0,-11.25,34.481990814208984,145.64491271972656,6.016068458557129,219.4905242919922,7.967392921447754
283.0,-11.25,34.552520751953125,145.09747314453125,6.010009765625,219.2345733642578,7.967392921447754
284.0,-11.25,34.534915924072266,144.5189971923828,6.011521339416504,219.07188415527344,7.967392921447754
285.0,-11.25,33.93784713745117,143.78009033203125,6.062816619873047,219.4746856689453,7.967392921447754
286.0,-11.25,33.294471740722656,143.04649353027344,6.118092060089111,219.9376678466797,7.967392921447754
287.0,-11.25,31.753068923950195,142.1172637939453,6.250516891479492,221.28472900390625,7.967392921447754
288.0,-11.25,30.498231887817383,141.30140686035156,6.3583221435546875,222.3756866455078,7.967392921447754
289.0,-11.25,16.102313995361328,137.83059692382812,7.5951128005981445,236.29742431640625,7.967392921447754
290.0,-11.25,14.582021713256836,137.2701873779297,7.725724697113037,237.7296142578125,7.967392921447754
291.0,-11.25,14.241094589233398,136.96249389648438,7.755014419555664,238.0185546875,7.967392921447754
292.0,-11.25,13.498783111572266,136.60400390625,7.818787574768066,238.70889282226562,7.967392921447754
293.0,-11.25,13.212852478027344,136.3327178955078,7.843352317810059,238.9568634033203,7.967392921447754
294.0,-11.25,13.126213073730469,136.0945281982422,7.850796222686768,239.01304626464844,7.967392921447754
295.0,-11.25,13.034414291381836,135.85833740234375,7.858683109283447,239.0786590576172,7.967392921447754
296.0,-11.25,12.912123680114746,135.62232971191406,7.86918830871582,239.17880249023438,7.967392921447754
297.0,-11.25,12.789641380310059,135.39019775390625,7.879712104797363,239.2834014892578,7.967392921447754
298.0,-11.25,12.498793601989746,135.15362548828125,7.904699325561523,239.5596923828125,7.967392921447754
299.0,-11.25,12.336965560913086,134.93118286132812,7.91860294342041,239.71180725097656,7.967392921447754
300.0,-11.25,12.08475399017334,134.71286010742188,7.94027042388916,239.9578857421875,7.967392921447754
301.0,-11.25,11.96580696105957,134.5029754638672,7.9504899978637695,240.0749969482422,7.967392921447754
302.0,-11.25,11.84714126586914,134.29722595214844,7.960684299468994,240.19544982910156,7.967392921447754
303.0,-11.25,11.759254455566406,134.09454345703125,7.968235015869141,240.2887725830078,7.967392921447754
304.0,-11.25,11.686373710632324,133.89422607421875,7.974494934082031,240.37062072753906,7.967392921447754
305.0,-11.25,11.614474296569824,133.6965789794922,7.980672359466553,240.45489501953125,7.967392921447754
306.0,-11.25,11.577077865600586,133.49859619140625,7.983885765075684,240.50827026367188,7.967392921447754
307.0,-11.25,11.5770902633667,133.29824829101562,7.983885765075684,240.52796936035156,7.967392921447754
308.0,-11.25,11.577086448669434,133.09828186035156,7.983885765075684,240.55117797851562,7.967392921447754
309.0,-11.25,11.57707405090332,132.8987579345703,7.983885765075684,240.577880859375,7.967392921447754
310.0,-11.25,11.527253150939941,132.7075958251953,7.988165855407715,240.6570587158203,7.967392921447754
311.0,-11.25,11.408334732055664,132.53077697753906,7.998383522033691,240.80718994140625,7.967392921447754
312.0,-11.25,11.36393928527832,132.34432983398438,8.002197265625,240.88714599609375,7.967392921447754
313.0,-11.25,11.363945007324219,132.15077209472656,8.002197265625,240.92694091796875,7.967392921447754
314.0,-11.25,11.363946914672852,131.95794677734375,8.002197265625,240.97010803222656,7.967392921447754
315.0,-11.25,11.363937377929688,131.76589965820312,8.002197265625,241.0166473388672,7.967392921447754
316.0,-11.25,11.363930702209473,131.57469177246094,8.002197265625,241.0665283203125,7.967392921447754
317.0,-11.25,11.363937377929688,131.3843994140625,8.002197265625,241.11972045898438,7.967392921447754
318.0,-11.25,11.363935470581055,131.19505310058594,8.002197265625,241.17623901367188,7.967392921447754
319.0,-11.25,11.363933563232422,131.0067138671875,8.002197265625,241.23605346679688,7.967392921447754
320.0,-11.25,11.363943099975586,130.8194580078125,8.002197265625,241.29913330078125,7.967392921447754
321.0,-11.25,11.363944053649902,130.63333129882812,8.002197265625,241.365478515625,7.967392921447754
322.0,-11.25,11.363938331604004,130.44837951660156,8.002197265625,241.43507385253906,7.967392921447754
323.0,-11.25,11.363941192626953,130.26467895507812,8.002197265625,241.50787353515625,7.967392921447754
324.0,-11.25,11.363950729370117,130.082275390625,8.002197265625,241.5838623046875,7.967392921447754
325.0,-11.25,11.363943099975586,129.90122985839844,8.002197265625,241.6630401611328,7.967392921447754
326.0,-11.25,11.363927841186523,129.72158813476562,8.002197265625,241.74537658691406,7.967392921447754
327.0,-11.25,11.363933563232422,129.5434112548828,8.002197265625,241.830810546875,7.967392921447754
328.0,-11.25,11.363943099975586,129.3667449951172,8.002197265625,241.91934204101562,7.967392921447754
329.0,-11.25,11.363946914672852,129.19166564941406,8.002197265625,242.0109405517578,7.967392921447754
330.0,-11.25,11.363948822021484,129.01820373535156,8.002197265625,242.1055908203125,7.967392921447754
331.0,-11.25,11.36393928527832,128.84642028808594,8.002197265625,242.20326232910156,7.967392921447754
332.0,-11.25,11.363947868347168,128.67637634277344,8.002197265625,242.30389404296875,7.967392921447754
333.0,-11.25,11.363943099975586,128.5081024169922,8.002197265625,242.40750122070312,7.967392921447754
334.0,-11.25,11.363935470581055,128.3416748046875,8.002197265625,242.51402282714844,7.967392921447754
335.0,-11.25,11.363948822021484,128.1771240234375,8.002197265625,242.6234130859375,7.967392921447754
336.0,-11.25,11.363924026489258,128.01451110839844,8.002197265625,242.73570251464844,7.967392921447754
337.0,-11.25,11.363931655883789,127.85386657714844,8.002197265625,242.8507843017578,7.967392921447754
338.0,-11.25,11.363940238952637,127.69526672363281,8.002197265625,242.96864318847656,7.967392921447754
339.0,-11.25,11.363938331604004,127.53874969482422,8.002197265625,243.08926391601562,7.967392921447754
340.0,-11.25,11.363945960998535,127.38436126708984,8.002197265625,243.21258544921875,7.967392921447754
341.0,-11.25,11.363935470581055,127.23214721679688,8.002197265625,243.33860778808594,7.967392921447754
342.0,-11.25,11.363943099975586,127.08216094970703,8.002197265625,243.4672393798828,7.967392921447754
343.0,-11.25,11.363930702209473,126.93444061279297,8.002197265625,243.59849548339844,7.967392921447754
344.0,-11.25,11.36393928527832,126.78903198242188,8.002197265625,243.73228454589844,7.967392921447754
345.0,-11.25,11.363935470581055,126.64598083496094,8.002197265625,243.8686065673828,7.967392921447754
346.0,-11.25,11.363938331604004,126.50532531738281,8.002197265625,244.0074005126953,7.967392921447754
347.0,-11.25,11.363931655883789,126.36711883544922,8.002197265625,244.1486358642578,7.967392921447754
348.0,-11.25,11.363943099975586,126.23139953613281,8.002197265625,244.292236328125,7.967392921447754
349.0,-11.25,11.363946914672852,126.09819793701172,8.002197265625,244.43820190429688,7.967392921447754
350.0,-11.25,11.363947868347168,125.96756744384766,8.002197265625,244.5864715576172,7.967392921447754
351.0,-11.25,11.363941192626953,125.83955383300781,8.002197265625,244.73699951171875,7.967392921447754
352.0,-11.25,11.363938331604004,125.71417999267578,8.002197265625,244.88973999023438,7.967392921447754
353.0,-11.25,11.363950729370117,125.59148406982422,8.002197265625,245.0446319580078,7.967392921447754
354.0,-11.25,11.363943099975586,125.47151947021484,8.002197265625,245.20166015625,7.967392921447754
355.0,-11.25,11.363947868347168,125.35431671142578,8.002197265625,245.36073303222656,7.967392921447754
356.0,-11.25,11.363941192626953,125.23990631103516,8.002197265625,245.5218505859375,7.967392921447754
357.0,-11.25,11.363926887512207,125.12832641601562,8.002197265625,245.68495178222656,7.967392921447754
358.0,-11.25,11.36395263671875,125.01959228515625,8.002197265625,245.8499298095703,7.967392921447754
359.0,-11.25,11.363935470581055,124.91377258300781,8.002197265625,246.01683044433594,7.967392921447754
0.0,-16.875,7.198798656463623,128.37234497070312,8.002197265625,248.3937225341797,7.967392921447754
1.0,-16.875,7.198802947998047,128.31039428710938,8.002197265625,248.501708984375,7.967392921447754
2.0,-16.875,7.198801040649414,128.25035095214844,8.002197265625,248.61074829101562,7.967392921447754
3.0,-16.875,7.198800086975098,128.1922149658203,8.002197265625,248.7208251953125,7.967392921447754
4.0,-16.875,7.198794841766357,128.13601684570312,8.002197265625,248.83189392089844,7.967392921447754
5.0,-16.875,7.1987996101379395,128.08175659179688,8.002197265625,248.9439239501953,7.967392921447754
6.0,-16.875,7.198792457580566,128.0294647216797,8.002197265625,249.05690002441406,7.967392921447754
7.0,-16.875,7.198792457580566,127.97915649414062,8.002197265625,249.17074584960938,7.967392921447754
8.0,-16.875,7.198792934417725,127.93083190917969,8.002197265625,249.2854766845703,7.967392921447754
9.0,-16.875,7.198795318603516,127.884521484375,8.002197265625,249.40101623535156,7.967392921447754
10.0,-16.875,7.198793888092041,127.8402328491211,8.002197265625,249.51736450195312,7.967392921447754
11.0,-16.875,7.198792457580566,127.79798889160156,8.002197265625,249.6344451904297,7.967392921447754
12.0,-16.875,7.198796272277832,127.7577896118164,8.002197265625,249.7522430419922,7.967392921447754
13.0,-16.875,7.19879674911499,127.71965026855469,8.002197265625,249.87074279785156,7.967392921447754
14.0,-16.875,7.198793411254883,127.68358612060547,8.002197265625,249.98989868164062,7.967392921447754
15.0,-16.875,7.198797225952148,127.64960479736328,8.002197265625,250.10964965820312,7.967392921447754
16.0,-16.875,7.198792934417725,127.61772918701172,8.002197265625,250.22996520996094,7.967392921447754
17.0,-16.875,7.198795795440674,127.58794403076172,8.002197265625,250.35084533691406,7.967392921447754
18.0,-16.875,7.198799133300781,127.5602798461914,8.002197265625,250.47219848632812,7.967392921447754
19.0,-16.875,7.198801517486572,127.53473663330078,8.002197265625,250.59402465820312,7.967392921447754
20.0,-16.875,7.1988019943237305,127.51132202148438,8.002197265625,250.71629333496094,7.967392921447754
21.0,-16.875,7.198800086975098,127.49005126953125,8.002197265625,250.83892822265625,7.967392921447754
22.0,-16.875,7.198801040649414,127.47091674804688,8.002197265625,250.96194458007812,7.967392921447754
23.0,-16.875,7.198794364929199,127.45394134521484,8.002197265625,251.08526611328125,7.967392921447754
24.0,-16.875,7.198794364929199,127.43911743164062,8.002197265625,251.20884704589844,7.967392921447754
25.0,-16.875,7.198798179626465,127.42644500732422,8.002197265625,251.3326873779297,7.967392921447754
26.0,-16.875,7.1987996101379395,127.41593933105469,8.002197265625,251.45672607421875,7.967392921447754
27.0,-16.875,7.198801040649414,127.40760040283203,8.002197265625,251.58091735839844,7.967392921447754
28.0,-16.875,7.198797225952148,127.40143585205078,8.002197265625,251.7052459716797,7.967392921447754
29.0,-16.875,7.198795795440674,127.3974380493164,8.002197265625,251.8296661376953,7.967392921447754
30.0,-16.875,7.198792934417725,127.39561462402344,8.002197265625,251.9541473388672,7.967392921447754
31.0,-16.875,7.198802947998047,127.39595031738281,8.002197265625,252.07861328125,7.967392921447754
32.0,-16.875,7.198797225952148,127.39847564697266,8.002197265625,252.20306396484375,7.967392921447754
33.0,-16.875,7.198795795440674,127.40316772460938,8.002197265625,252.3274688720703,7.967392921447754
34.0,-16.875,7.19879674911499,127.41002655029297,8.002197265625,252.45175170898438,7.967392921447754
35.0,-16.875,7.198800563812256,127.41905212402344,8.002197265625,252.57591247558594,7.967392921447754
36.0,-16.875,7.198795318603516,127.43025207519531,8.002197265625,252.69989013671875,7.967392921447754
37.0,-16.875,7.198798656463623,127.443603515625,8.002197265625,252.82363891601562,7.967392921447754
38.0,-16.875,7.198802947998047,127.45911407470703,8.002197265625,252.94715881347656,7.967392921447754
39.0,-16.875,7.198800086975098,127.4767837524414,8.002197265625,253.07037353515625,7.967392921447754
40.0,-16.875,7.198801517486572,127.49659729003906,8.002197265625,253.19326782226562,7.967392921447754
41.0,-16.875,7.198800563812256,127.5185546875,8.002197265625,253.3157958984375,7.967392921447754
42.0,-16.875,7.1987996101379395,127.54264831542969,8.002197265625,253.43792724609375,7.967392921447754
43.0,-16.875,7.1988019943237305,127.56886291503906,8.002197265625,253.55960083007812,7.967392921447754
44.0,-16.875,7.1988019943237305,127.59720611572266,8.002197265625,253.6808319091797,7.967392921447754
45.0,-16.875,7.198803424835205,127.62765502929688,8.002197265625,253.80152893066406,7.967392921447754
46.0,-16.875,7.198801040649414,127.66020965576172,8.002197265625,253.9216766357422,7.967392921447754
47.0,-16.875,7.198801517486572,127.69485473632812,8.002197265625,254.04124450683594,7.967392921447754
48.0,-16.875,7.198802947998047,127.73157501220703,8.002197265625,254.16017150878906,7.967392921447754
49.0,-16.875,7.198805332183838,127.77037048339844,8.002197265625,254.27845764160156,7.967392921447754
50.0,-16.875,7.198803424835205,127.81122589111328,8.002197265625,254.3960418701172,7.967392921447754
51.0,-16.875,7.198802947998047,127.8541259765625,8.002197265625,254.5128936767578,7.967392921447754
52.0,-16.875,7.198799133300781,127.89906311035156,8.002197265625,254.6289825439453,7.967392921447754
53.0,-16.875,7.19880485534668,127.94600677490234,8.002197265625,254.7442626953125,7.967392921447754
54.0,-16.875,7.198794364929199,127.9949722290039,8.002197265625,254.85870361328125,7.967392921447754
55.0,-16.875,7.198802471160889,128.04591369628906,8.002197265625,254.9722900390625,7.967392921447754
56.0,-16.875,7.198805809020996,128.0988311767578,8.002197265625,255.0849609375,7.967392921447754
57.0,-16.875,7.1988043785095215,128.15371704101562,8.002197265625,255.1967010498047,7.967392921447754
58.0,-16.875,7.198800086975098,128.21054077148438,8.002197265625,255.3074493408203,7.967392921447754
59.0,-16.875,7.198796272277832,128.269287109375,8.002197265625,255.4171905517578,7.967392921447754
60.0,-16.875,7.198807239532471,128.32992553710938,8.002197265625,255.52589416503906,7.967392921447754
61.0,-16.875,7.19880485534668,128.39247131347656,8.002197265625,255.63352966308594,7.967392921447754
62.0,-16.875,7.198806285858154,128.45687866210938,8.002197265625,255.74005126953125,7.967392921447754
63.0,-16.875,7.198802947998047,128.5231475830078,8.002197265625,255.84544372558594,7.967392921447754
64.0,-16.875,7.198801040649414,128.5912322998047,8.002197265625,255.94964599609375,7.967392921447754
65.0,-16.875,7.198805332183838,128.66111755371094,8.002197265625,256.0526428222656,7.967392921447754
66.0,-16.875,7.198805809020996,128.73280334472656,8.002197265625,256.1544189453125,7.967392921447754
67.0,-16.875,7.198794364929199,128.80625915527344,8.002197265625,256.2549133300781,7.967392921447754
68.0,-16.875,7.198795318603516,128.88145446777344,8.002197265625,256.3541259765625,7.967392921447754
69.0,-16.875,7.198813438415527,128.95835876464844,8.002197265625,256.4520263671875,7.967392921447754
70.0,-16.875,7.198805332183838,129.03695678710938,8.002197265625,256.54852294921875,7.967392921447754
71.0,-16.875,7.198807716369629,129.11724853515625,8.002197265625,256.6436767578125,7.967392921447754
72.0,-16.875,7.198822021484375,129.19915771484375,8.002197265625,256.7373962402344,7.967392921447754
73.0,-16.875,7.19880485534668,129.28271484375,8.002197265625,256.82965087890625,7.967392921447754
74.0,-16.875,7.198787689208984,129.3678741455078,8.002197265625,256.9204406738281,7.967392921447754
75.0,-16.875,7.198806285858154,129.45458984375,8.002197265625,257.009765625,7.967392921447754
76.0,-16.875,7.198796272277832,129.54286193847656,8.002197265625,257.0975341796875,7.967392921447754
77.0,-16.875,7.198801040649414,129.63262939453125,8.002197265625,257.1837463378906,7.967392921447754
78.0,-16.875,7.198808670043945,129.72390747070312,8.002197265625,257.2684020996094,7.967392921447754
79.0,-16.875,7.198807716369629,129.816650390625,8.002197265625,257.3514404296875,7.967392921447754
80.0,-16.875,7.198794364929199,129.91082763671875,8.002197265625,257.4328308105469,7.967392921447754
81.0,-16.875,7.198812007904053,130.00640869140625,8.002197265625,257.5126037597656,7.967392921447754
82.0,-16.875,7.19881010055542,130.10336303710938,8.002197265625,257.5906677246094,7.967392921447754
83.0,-16.875,7.198807239532471,130.20166015625,8.002197265625,257.6670227050781,7.967392921447754
84.0,-16.875,7.198812484741211,130.30128479003906,8.002197265625,257.7416687011719,7.967392921447754
85.0,-16.875,7.198805809020996,130.40219116210938,8.002197265625,257.8145446777344,7.967392921447754
86.0,-16.875,7.198819637298584,130.50436401367188,8.002197265625,257.88568115234375,7.967392921447754
87.0,-16.875,7.198805809020996,130.60775756835938,8.002197265625,257.9549865722656,7.967392921447754
88.0,-16.875,7.198806285858154,130.71234130859375,8.002197265625,258.0224914550781,7.967392921447754
89.0,-16.875,7.198803901672363,130.81809997558594,8.002197265625,258.0881652832031,7.967392921447754
90.0,-16.875,7.19880485534668,130.9249725341797,8.002197265625,258.1519775390625,7.967392921447754
91.0,-16.875,7.198816299438477,131.03294372558594,8.002197265625,258.21392822265625,7.967392921447754
92.0,-16.875,7.198801040649414,131.14198303222656,8.002197265625,258.2739562988281,7.967392921447754
93.0,-16.875,7.198800563812256,131.25205993652344,8.002197265625,258.33209228515625,7.967392921447754
94.0,-16.875,7.1988091468811035,131.36312866210938,8.002197265625,258.3883056640625,7.967392921447754
95.0,-16.875,7.198813438415527,131.47515869140625,8.002197265625,258.44256591796875,7.967392921447754
96.0,-16.875,7.198792934417725,131.588134765625,8.002197265625,258.4948425292969,7.967392921447754
97.0,-16.875,7.1988067626953125,131.7019805908203,8.002197265625,258.545166015625,7.967392921447754
98.0,-16.875,7.198792934417725,131.81671142578125,8.002197265625,258.5934753417969,7.967392921447754
99.0,-16.875,7.19881010055542,131.9322509765625,8.002197265625,258.6398010253906,7.967392921447754
100.0,-16.875,7.198806285858154,132.048583984375,8.002197265625,258.68408203125,7.967392921447754
101.0,-16.875,7.198792457580566,132.16567993164062,8.002197265625,258.726318359375,7.967392921447754
102.0,-16.875,7.198818206787109,132.28347778320312,8.002197265625,258.76654052734375,7.967392921447754
103.0,-16.875,7.198797225952148,132.4019775390625,8.002197265625,258.8046569824219,7.967392921447754
104.0,-16.875,7.198805332183838,132.5211181640625,8.002197265625,258.8407287597656,7.967392921447754
105.0,-16.875,7.198790550231934,132.64088439941406,8.002197265625,258.87469482421875,7.967392921447754
106.0,-16.875,7.198800563812256,132.76119995117188,8.002197265625,258.9065856933594,7.967392921447754
107.0,-16.875,7.198807239532471,132.88206481933594,8.002197265625,258.9363708496094,7.967392921447754
108.0,-16.875,7.198821544647217,133.00343322753906,8.002197265625,258.96405029296875,7.967392921447754
109.0,-16.875,7.19882345199585,133.12525939941406,8.002197265625,258.9895935058594,7.967392921447754
110.0,-16.875,7.198816776275635,133.24752807617188,8.002197265625,259.01300048828125,7.967392921447754
111.0,-16.875,7.198812484741211,133.37017822265625,8.002197265625,259.0342712402344,7.967392921447754
112.0,-16.875,7.198816776275635,133.49317932128906,8.002197265625,259.05340576171875,7.967392921447754
113.0,-16.875,7.198802947998047,133.6165008544922,8.002197265625,259.07037353515625,7.967392921447754
114.0,-16.875,7.198807716369629,133.74009704589844,8.002197265625,259.085205078125,7.967392921447754
115.0,-16.875,7.198805809020996,133.86392211914062,8.002197265625,259.0978698730469,7.967392921447754
116.0,-16.875,7.1987996101379395,133.9879608154297,8.002197265625,259.1083679199219,7.967392921447754
117.0,-16.875,7.19882345199585,134.11215209960938,8.002197265625,259.1167297363281,7.967392921447754
118.0,-16.875,7.211767196655273,134.2359619140625,8.000438690185547,259.1357116699219,7.967392921447754
119.0,-16.875,7.240351676940918,134.3599395751953,7.996563911437988,259.16802978515625,7.967392921447754
120.0,-16.875,7.269146919250488,134.48495483398438,7.99265718460083,259.1983947753906,7.967392921447754
121.0,-16.875,7.298208713531494,134.61099243164062,7.988718509674072,259.2268371582031,7.967392921447754
122.0,-16.875,7.32747220993042,134.7379913330078,7.9847493171691895,259.2532653808594,7.967392921447754
123.0,-16.875,7.33383846282959,134.86489868164062,7.983885765075684,259.2547912597656,7.967392921447754
124.0,-16.875,7.3338093757629395,134.9915313720703,7.983885765075684,259.2477722167969,7.967392921447754
125.0,-16.875,7.3338212966918945,135.11801147460938,7.983885765075684,259.23858642578125,7.967392921447754
126.0,-16.875,7.3338117599487305,135.2443084716797,7.983885765075684,259.2271728515625,7.967392921447754
127.0,-16.875,7.333837985992432,135.37039184570312,7.983885765075684,259.2135925292969,7.967392921447754
128.0,-16.875,7.333834648132324,135.4962158203125,7.983885765075684,259.1977844238281,7.967392921447754
129.0,-16.875,7.333827972412109,135.6217498779297,7.983885765075684,259.1797790527344,7.967392921447754
130.0,-16.875,7.3338422775268555,135.7469482421875,7.983885765075684,259.15960693359375,7.967392921447754
131.0,-16.875,7.3338422775268555,135.8717803955078,7.983885765075684,259.1372375488281,7.967392921447754
132.0,-16.875,7.348001480102539,135.9990234375,7.98196268081665,259.1264343261719,7.967392921447754
133.0,-16.875,7.378151893615723,136.12979125976562,7.977876663208008,259.1288146972656,7.967392921447754
134.0,-16.875,7.408413410186768,136.26109313964844,7.973773002624512,259.12890625,7.967392921447754
135.0,-16.875,7.438781261444092,136.39291381835938,7.969653129577637,259.1266784667969,7.967392921447754
136.0,-16.875,7.468859672546387,136.52511596679688,7.965574264526367,259.1217346191406,7.967392921447754
137.0,-16.875,7.468855381011963,136.649169921875,7.965574264526367,259.0857849121094,7.967392921447754
138.0,-16.875,7.468841552734375,136.77256774902344,7.965574264526367,259.04766845703125,7.967392921447754
139.0,-16.875,7.468843460083008,136.89529418945312,7.965574264526367,259.0074157714844,7.967392921447754
140.0,-16.875,7.468868732452393,137.0172882080078,7.965574264526367,258.9650573730469,7.967392921447754
141.0,-16.875,7.476162910461426,137.14108276367188,7.964583396911621,258.92730712890625,7.967392921447754
142.0,-16.875,7.506491661071777,137.27273559570312,7.9604692459106445,258.9085693359375,7.967392921447754
143.0,-16.875,7.536874294281006,137.404541015625,7.956349849700928,258.88739013671875,7.967392921447754
144.0,-16.875,7.567256450653076,137.53643798828125,7.9522271156311035,258.86370849609375,7.967392921447754
145.0,-16.875,7.597661972045898,137.6684112548828,7.948102951049805,258.8375244140625,7.967392921447754
146.0,-16.875,7.603879928588867,137.78997802734375,7.947262287139893,258.7872314453125,7.967392921447754
147.0,-16.875,7.603863716125488,137.90798950195312,7.947262287139893,258.729248046875,7.967392921447754
148.0,-16.875,7.616269111633301,138.0306854248047,7.945584297180176,258.68011474609375,7.967392921447754
149.0,-16.875,7.653921127319336,138.16468811035156,7.940476894378662,258.65069580078125,7.967392921447754
150.0,-16.875,7.692132949829102,138.2989959716797,7.9352922439575195,258.6191101074219,7.967392921447754
151.0,-16.875,7.730939865112305,138.43360900878906,7.930030822753906,258.5853576660156,7.967392921447754
152.0,-16.875,7.738887310028076,138.55213928222656,7.928950786590576,258.52288818359375,7.967392921447754
153.0,-16.875,7.738892555236816,138.66543579101562,7.928950786590576,258.45166015625,7.967392921447754
154.0,-16.875,7.738905429840088,138.7774658203125,7.928950786590576,258.37847900390625,7.967392921447754
155.0,-16.875,7.744455337524414,138.89132690429688,7.928196430206299,258.307861328125,7.967392921447754
156.0,-16.875,7.773558616638184,139.01760864257812,7.924249649047852,258.2541809082031,7.967392921447754
157.0,-16.875,7.802508354187012,139.1432647705078,7.920322418212891,258.1978759765625,7.967392921447754
158.0,-16.875,7.831312656402588,139.26821899414062,7.916417121887207,258.13897705078125,7.967392921447754
159.0,-16.875,7.859933853149414,139.3924102783203,7.912536144256592,258.07745361328125,7.967392921447754
160.0,-16.875,7.888338088989258,139.51577758789062,7.9086809158325195,258.0132751464844,7.967392921447754
161.0,-16.875,7.916572570800781,139.63824462890625,7.904853820800781,257.946533203125,7.967392921447754
162.0,-16.875,7.944577217102051,139.75975036621094,7.901056289672852,257.8771667480469,7.967392921447754
163.0,-16.875,7.97232723236084,139.88021850585938,7.897291660308838,257.80517578125,7.967392921447754
164.0,-16.875,8.011353492736816,140.00746154785156,7.892001152038574,257.7388610839844,7.967392921447754
165.0,-16.875,8.0636568069458,140.14328002929688,7.8849053382873535,257.67919921875,7.967392921447754
166.0,-16.875,8.109277725219727,140.27391052246094,7.878719329833984,257.6119384765625,7.967392921447754
167.0,-16.875,8.155384063720703,140.40426635742188,7.872465133666992,257.5421447753906,7.967392921447754
168.0,-16.875,8.202006340026855,140.5343017578125,7.8661417961120605,257.4698486328125,7.967392921447754
169.0,-16.875,8.249152183532715,140.66397094726562,7.859751224517822,257.3950500488281,7.967392921447754
170.0,-16.875,8.296746253967285,140.79319763183594,7.853294372558594,257.3176574707031,7.967392921447754
171.0,-16.875,8.344841003417969,140.92196655273438,7.846771240234375,257.2377014160156,7.967392921447754
172.0,-16.875,8.37337875366211,141.03463745117188,7.842902183532715,257.1428527832031,7.967392921447754
173.0,-16.875,8.432632446289062,141.17013549804688,7.834865570068359,257.0641174316406,7.967392921447754
174.0,-16.875,8.472893714904785,141.28968811035156,7.829407215118408,256.9710693359375,7.967392921447754
175.0,-16.875,8.497053146362305,141.39501953125,7.8261284828186035,256.8661193847656,7.967392921447754
176.0,-16.875,8.488816261291504,141.4722137451172,7.827246189117432,256.7409362792969,7.967392921447754
177.0,-16.875,8.46645450592041,141.5354461669922,7.830278396606445,256.6068420410156,7.967392921447754
178.0,-16.875,8.42290210723877,141.57838439941406,7.836185455322266,256.46075439453125,7.967392921447754
179.0,-16.875,8.453668594360352,141.68125915527344,7.832013130187988,256.3528747558594,7.967392921447754
180.0,-16.875,8.504727363586426,141.7998504638672,7.825090408325195,256.2529296875,7.967392921447754
181.0,-16.875,8.593132972717285,141.9493865966797,7.813098430633545,256.16827392578125,7.967392921447754
182.0,-16.875,8.682352066040039,142.09886169433594,7.800999641418457,256.080078125,7.967392921447754
183.0,-16.875,8.791339874267578,142.264892578125,7.786216735839844,255.99691772460938,7.967392921447754
184.0,-16.875,8.819067001342773,142.358154296875,7.78245735168457,255.8734588623047,7.967392921447754
185.0,-16.875,8.83120346069336,142.43548583984375,7.780811309814453,255.74136352539062,7.967392921447754
186.0,-16.875,8.84986400604248,142.5164794921875,7.778279781341553,255.61041259765625,7.967392921447754
187.0,-16.875,8.821263313293457,142.5523223876953,7.782159328460693,255.45919799804688,7.967392921447754
188.0,-16.875,8.851064682006836,142.6388397216797,7.778116703033447,255.32984924316406,7.967392921447754
189.0,-16.875,8.887334823608398,142.729248046875,7.77319860458374,255.20086669921875,7.967392921447754
190.0,-16.875,8.97074031829834,142.8614044189453,7.7618865966796875,255.08596801757812,7.967392921447754
191.0,-16.875,9.063445091247559,143.00071716308594,7.749314785003662,254.97047424316406,7.967392921447754
192.0,-16.875,9.13206672668457,143.11585998535156,7.740009307861328,254.8435516357422,7.967392921447754
193.0,-16.875,9.185929298400879,143.21517944335938,7.7327046394348145,254.70913696289062,7.967392921447754
194.0,-16.875,9.224126815795898,143.29751586914062,7.727522373199463,254.5677490234375,7.967392921447754
195.0,-16.875,9.224137306213379,143.341064453125,7.727522373199463,254.414306640625,7.967392921447754
196.0,-16.875,9.215147018432617,143.373291015625,7.7287397384643555,254.25790405273438,7.967392921447754
197.0,-16.875,9.213308334350586,143.40963745117188,7.728989601135254,254.10276794433594,7.967392921447754
198.0,-16.875,9.399539947509766,143.6252899169922,7.703733444213867,253.98687744140625,7.967392921447754
199.0,-16.875,9.48232650756836,143.7390594482422,7.6925048828125,253.84393310546875,7.967392921447754
200.0,-16.875,9.44497299194336,143.73348999023438,7.69757080078125,253.67625427246094,7.967392921447754
201.0,-16.875,9.408350944519043,143.72560119628906,7.702537536621094,253.5094451904297,7.967392921447754
202.0,-16.875,9.372461318969727,143.71542358398438,7.707404613494873,253.34352111816406,7.967392921447754
203.0,-16.875,9.445524215698242,143.809326171875,7.697497367858887,253.19223022460938,7.967392921447754
204.0,-16.875,9.480205535888672,143.86293029785156,7.6927924156188965,253.0338592529297,7.967392921447754
205.0,-16.875,9.42317008972168,143.82334899902344,7.700527191162109,252.8655242919922,7.967392921447754
206.0,-16.875,9.411150932312012,143.82522583007812,7.702157020568848,252.70225524902344,7.967392921447754
207.0,-16.875,9.434996604919434,143.85971069335938,7.698925495147705,252.541259765625,7.967392921447754
208.0,-16.875,9.593637466430664,144.02484130859375,7.67741060256958,252.38473510742188,7.967392921447754
209.0,-16.875,9.555228233337402,143.99212646484375,7.682620048522949,252.21803283691406,7.967392921447754
210.0,-16.875,9.517096519470215,143.95677185058594,7.6877899169921875,252.05259704589844,7.967392921447754
211.0,-16.875,9.494178771972656,143.93360900878906,7.690898895263672,251.88829040527344,7.967392921447754
212.0,-16.875,9.49978256225586,143.9358367919922,7.690138339996338,251.7239990234375,7.967392921447754
213.0,-16.875,9.547586441040039,143.97695922851562,7.683654308319092,251.55764770507812,7.967392921447754
214.0,-16.875,9.594970703125,144.01470947265625,7.677229404449463,251.38980102539062,7.967392921447754
215.0,-16.875,9.629191398620605,144.03646850585938,7.6725873947143555,251.22157287597656,7.967392921447754
216.0,-16.875,9.629194259643555,144.02149963378906,7.6725873947143555,251.0557403564453,7.967392921447754
217.0,-16.875,9.629191398620605,144.00363159179688,7.6725873947143555,250.89019775390625,7.967392921447754
218.0,-16.875,9.629191398620605,143.98287963867188,7.6725873947143555,250.72499084472656,7.967392921447754
219.0,-16.875,9.621928215026855,143.95213317871094,7.673572063446045,250.56124877929688,7.967392921447754
220.0,-16.875,9.5968017578125,143.90110778808594,7.676980018615723,250.4011688232422,7.967392921447754
221.0,-16.875,9.572402954101562,143.84808349609375,7.680288314819336,250.2423095703125,7.967392921447754
222.0,-16.875,9.59206771850586,143.8351287841797,7.677621841430664,250.0759735107422,7.967392921447754
223.0,-16.875,9.6307954788208,143.83763122558594,7.672369956970215,249.90542602539062,7.967392921447754
224.0,-16.875,9.627811431884766,143.79684448242188,7.672774314880371,249.74395751953125,7.967392921447754
225.0,-16.875,9.62255859375,143.75108337402344,7.673486709594727,249.58384704589844,7.967392921447754
226.0,-16.875,9.618537902832031,143.7037353515625,7.674033164978027,249.42431640625,7.967392921447754
227.0,-16.875,9.615738868713379,143.65478515625,7.674411773681641,249.26535034179688,7.967392921447754
228.0,-16.875,9.614165306091309,143.604248046875,7.674624443054199,249.10696411132812,7.967392921447754
229.0,-16.875,9.69072151184082,143.62429809570312,7.664241790771484,248.9247283935547,7.967392921447754
230.0,-16.875,9.786200523376465,143.65838623046875,7.651294231414795,248.734619140625,7.967392921447754
231.0,-16.875,9.874492645263672,143.68191528320312,7.639320373535156,248.54489135742188,7.967392921447754
232.0,-16.875,9.8992338180542,143.64306640625,7.6359639167785645,248.37661743164062,7.967392921447754
233.0,-16.875,9.899240493774414,143.57850646972656,7.6359639167785645,248.21807861328125,7.967392921447754
234.0,-16.875,9.886557579040527,143.4996795654297,7.637682914733887,248.0657501220703,7.967392921447754
235.0,-16.875,9.866216659545898,143.41139221191406,7.640442371368408,247.9181671142578,7.967392921447754
236.0,-16.875,9.845170021057129,143.320068359375,7.643296718597412,247.7727813720703,7.967392921447754
237.0,-16.875,9.823434829711914,143.22576904296875,7.646243572235107,247.629638671875,7.967392921447754
238.0,-16.875,9.801047325134277,143.1285858154297,7.649280548095703,247.48880004882812,7.967392921447754
239.0,-16.875,9.777986526489258,143.02854919433594,7.652406692504883,247.35032653808594,7.967392921447754
240.0,-16.875,9.783459663391113,142.9508819580078,7.651666641235352,247.1999969482422,7.967392921447754
241.0,-16.875,9.832784652709961,142.90792846679688,7.6449737548828125,247.02880859375,7.967392921447754
242.0,-16.875,9.882861137390137,142.8621826171875,7.63818359375,246.85726928710938,7.967392921447754
243.0,-16.875,9.933662414550781,142.8135986328125,7.6312947273254395,246.68544006347656,7.967392921447754
244.0,-16.875,9.952969551086426,142.73556518554688,7.628676414489746,246.53103637695312,7.967392921447754
245.0,-16.875,9.971711158752441,142.65420532226562,7.626133918762207,246.37806701660156,7.967392921447754
246.0,-16.875,10.037615776062012,142.6079559326172,7.617196083068848,246.1990203857422,7.967392921447754
247.0,-16.875,10.05534553527832,142.51963806152344,7.614793300628662,246.04840087890625,7.967392921447754
248.0,-16.875,9.999649047851562,142.3709259033203,7.6223464012146,245.94354248046875,7.967392921447754
249.0,-16.875,9.972214698791504,142.2428741455078,7.626065254211426,245.82456970214844,7.967392921447754
250.0,-16.875,9.945337295532227,142.1134796142578,7.629712104797363,245.70785522460938,7.967392921447754
251.0,-16.875,9.91897201538086,141.98275756835938,7.63328742980957,245.59344482421875,7.967392921447754
252.0,-16.875,9.907519340515137,141.86138916015625,7.63484001159668,245.4718475341797,7.967392921447754
253.0,-16.875,9.919292449951172,141.75498962402344,7.633242607116699,245.3369598388672,7.967392921447754
254.0,-16.875,9.870004653930664,141.60232543945312,7.639927864074707,245.24554443359375,7.967392921447754
255.0,-16.875,9.818666458129883,141.44725036621094,7.646890640258789,245.1588592529297,7.967392921447754
256.0,-16.875,9.785654067993164,141.3040008544922,7.6513671875,245.06253051757812,7.967392921447754
257.0,-16.875,9.707366943359375,141.12872314453125,7.661983489990234,245.00173950195312,7.967392921447754
258.0,-16.875,9.549421310424805,140.90023803710938,7.68340539932251,245.00326538085938,7.967392921447754
259.0,-16.875,9.357094764709473,140.65135192871094,7.7094879150390625,245.0361785888672,7.967392921447754
260.0,-16.875,9.35721206665039,140.52902221679688,7.709473609924316,244.93028259277344,7.967392921447754
261.0,-16.875,9.359143257141113,140.40599060058594,7.7092108726501465,244.82513427734375,7.967392921447754
262.0,-16.875,9.359136581420898,140.27993774414062,7.7092108726501465,244.72364807128906,7.967392921447754
263.0,-16.875,9.359149932861328,140.1521453857422,7.7092108726501465,244.62435913085938,7.967392921447754
264.0,-16.875,9.3400239944458,140.0113983154297,7.71180534362793,244.54258728027344,7.967392921447754
265.0,-16.875,9.190116882324219,139.7945556640625,7.7321343421936035,244.5691680908203,7.967392921447754
266.0,-16.875,8.939142227172852,139.52386474609375,7.766170501708984,244.68370056152344,7.967392921447754
267.0,-16.875,8.853373527526855,139.34877014160156,7.777803421020508,244.66860961914062,7.967392921447754
268.0,-16.875,8.838030815124512,139.21202087402344,7.779884338378906,244.5984344482422,7.967392921447754
269.0,-16.875,8.821496963500977,139.07366943359375,7.782124996185303,244.53179931640625,7.967392921447754
270.0,-16.875,8.803828239440918,138.93385314941406,7.7845234870910645,244.4687042236328,7.967392921447754
271.0,-16.875,8.755250930786133,138.77821350097656,7.791111469268799,244.43490600585938,7.967392921447754
272.0,-16.875,8.679190635681152,138.60983276367188,7.801426887512207,244.42820739746094,7.967392921447754
273.0,-16.875,8.602568626403809,138.4422607421875,7.8118181228637695,244.42555236816406,7.967392921447754
274.0,-16.875,8.550237655639648,138.28651428222656,7.818916320800781,244.40484619140625,7.967392921447754
275.0,-16.875,8.423523902893066,138.0997314453125,7.836099624633789,244.45387268066406,7.967392921447754
276.0,-16.875,8.296202659606934,137.91555786132812,7.853366851806641,244.5076141357422,7.967392921447754
277.0,-16.875,8.171721458435059,137.7354736328125,7.870250701904297,244.5628662109375,7.967392921447754
278.0,-16.875,8.143938064575195,137.59478759765625,7.874015808105469,244.53347778320312,7.967392921447754
279.0,-16.875,8.143948554992676,137.46408081054688,7.874015808105469,244.4810791015625,7.967392921447754
280.0,-16.875,8.143939018249512,137.33245849609375,7.874015808105469,244.4309844970703,7.967392921447754
281.0,-16.875,8.143948554992676,137.1999969482422,7.874015808105469,244.3831787109375,7.967392921447754
282.0,-16.875,8.063858985900879,137.04176330566406,7.884877681732178,244.41302490234375,7.967392921447754
283.0,-16.875,7.843205451965332,136.84385681152344,7.914802074432373,244.5789794921875,7.967392921447754
284.0,-16.875,7.709962844848633,136.67691040039062,7.932873249053955,244.66636657714844,7.967392921447754
285.0,-16.875,7.603858947753906,136.52084350585938,7.947262287139893,244.73135375976562,7.967392921447754
286.0,-16.875,7.603859901428223,136.3937530517578,7.947262287139893,244.6976776123047,7.967392921447754
287.0,-16.875,7.603853225708008,136.26608276367188,7.947262287139893,244.66622924804688,7.967392921447754
288.0,-16.875,7.603869438171387,136.1378936767578,7.947262287139893,244.63699340820312,7.967392921447754
289.0,-16.875,7.603866100311279,136.0092010498047,7.947262287139893,244.61001586914062,7.967392921447754
290.0,-16.875,7.590063095092773,135.8776092529297,7.94913387298584,244.59873962402344,7.967392921447754
291.0,-16.875,7.559126377105713,135.74331665039062,7.953330993652344,244.60655212402344,7.967392921447754
292.0,-16.875,7.520997047424316,135.60867309570312,7.958500862121582,244.62384033203125,7.967392921447754
293.0,-16.875,7.443686008453369,135.4700469970703,7.968985080718994,244.68206787109375,7.967392921447754
294.0,-16.875,7.372533798217773,135.33447265625,7.978636264801025,244.73680114746094,7.967392921447754
295.0,-16.875,7.337602615356445,135.2044219970703,7.983371257781982,244.75828552246094,7.967392921447754
296.0,-16.875,7.333808898925781,135.0777130126953,7.983885765075684,244.75132751464844,7.967392921447754
297.0,-16.875,7.3338141441345215,134.95118713378906,7.983885765075684,244.74282836914062,7.967392921447754
298.0,-16.875,7.333815097808838,134.82452392578125,7.983885765075684,244.73654174804688,7.967392921447754
299.0,-16.875,7.333831310272217,134.69776916503906,7.983885765075684,244.73245239257812,7.967392921447754
300.0,-16.875,7.333832263946533,134.57098388671875,7.983885765075684,244.7305908203125,7.967392921447754
301.0,-16.875,7.333818435668945,134.4441680908203,7.983885765075684,244.73095703125,7.967392921447754
302.0,-16.875,7.333805561065674,134.31736755371094,7.983885765075684,244.73353576660156,7.967392921447754
303.0,-16.875,7.333807468414307,134.19064331054688,7.983885765075684,244.73831176757812,7.967392921447754
304.0,-16.875,7.307557106018066,134.06568908691406,7.987448692321777,244.77125549316406,7.967392921447754
305.0,-16.875,7.2790422439575195,133.94195556640625,7.9913153648376465,244.80857849121094,7.967392921447754
306.0,-16.875,7.250779628753662,133.81935119628906,7.995146751403809,244.84776306152344,7.967392921447754
307.0,-16.875,7.22280216217041,133.69790649414062,7.998941898345947,244.8887481689453,7.967392921447754
308.0,-16.875,7.198795318603516,133.5771484375,8.002197265625,244.92788696289062,7.967392921447754
309.0,-16.875,7.198790073394775,133.45394897460938,8.002197265625,244.945556640625,7.967392921447754
310.0,-16.875,7.198801517486572,133.33103942871094,8.002197265625,244.96536254882812,7.967392921447754
311.0,-16.875,7.198797702789307,133.20852661132812,8.002197265625,244.98731994628906,7.967392921447754
312.0,-16.875,7.19879674911499,133.08639526367188,8.002197265625,245.01141357421875,7.967392921447754
313.0,-16.875,7.198786735534668,132.96470642089844,8.002197265625,245.0376434326172,7.967392921447754
314.0,-16.875,7.198806285858154,132.84349060058594,8.002197265625,245.0659637451172,7.967392921447754
315.0,-16.875,7.198800086975098,132.72279357910156,8.002197265625,245.09642028808594,7.967392921447754
316.0,-16.875,7.198790073394775,132.60264587402344,8.002197265625,245.1289825439453,7.967392921447754
317.0,-16.875,7.198797702789307,132.4830780029297,8.002197265625,245.1636199951172,7.967392921447754
318.0,-16.875,7.198791980743408,132.36415100097656,8.002197265625,245.20034790039062,7.967392921447754
319.0,-16.875,7.19878625869751,132.24586486816406,8.002197265625,245.23915100097656,7.967392921447754
320.0,-16.875,7.198805809020996,132.12828063964844,8.002197265625,245.2799835205078,7.967392921447754
321.0,-16.875,7.198812007904053,132.0114288330078,8.002197265625,245.3228759765625,7.967392921447754
322.0,-16.875,7.198813438415527,131.89532470703125,8.002197265625,245.36781311035156,7.967392921447754
323.0,-16.875,7.198798179626465,131.78004455566406,8.002197265625,245.41477966308594,7.967392921447754
324.0,-16.875,7.198801040649414,131.6656036376953,8.002197265625,245.46372985839844,7.967392921447754
325.0,-16.875,7.198796272277832,131.55203247070312,8.002197265625,245.51467895507812,7.967392921447754
326.0,-16.875,7.198785781860352,131.43936157226562,8.002197265625,245.56761169433594,7.967392921447754
327.0,-16.875,7.198798179626465,131.32762145996094,8.002197265625,245.6224822998047,7.967392921447754
328.0,-16.875,7.198805809020996,131.2168731689453,8.002197265625,245.67929077148438,7.967392921447754
329.0,-16.875,7.198796272277832,131.10711669921875,8.002197265625,245.73805236816406,7.967392921447754
330.0,-16.875,7.198793888092041,130.9984130859375,8.002197265625,245.7987060546875,7.967392921447754
331.0,-16.875,7.198805332183838,130.89077758789062,8.002197265625,245.86123657226562,7.967392921447754
332.0,-16.875,7.198806285858154,130.7842559814453,8.002197265625,245.92564392089844,7.967392921447754
333.0,-16.875,7.198794841766357,130.6788787841797,8.002197265625,245.99191284179688,7.967392921447754
334.0,-16.875,7.198792934417725,130.57467651367188,8.002197265625,246.05999755859375,7.967392921447754
335.0,-16.875,7.198805809020996,130.47166442871094,8.002197265625,246.1298828125,7.967392921447754
336.0,-16.875,7.1988067626953125,130.36988830566406,8.002197265625,246.20156860351562,7.967392921447754
337.0,-16.875,7.1988067626953125,130.26939392089844,8.002197265625,246.27500915527344,7.967392921447754
338.0,-16.875,7.1988067626953125,130.17018127441406,8.002197265625,246.35020446777344,7.967392921447754
339.0,-16.875,7.198795318603516,130.0723114013672,8.002197265625,246.4271240234375,7.967392921447754
340.0,-16.875,7.198805332183838,129.9757843017578,8.002197265625,246.50572204589844,7.967392921447754
341.0,-16.875,7.198798179626465,129.88064575195312,8.002197265625,246.5860137939453,7.967392921447754
342.0,-16.875,7.198791027069092,129.7869415283203,8.002197265625,246.66793823242188,7.967392921447754
343.0,-16.875,7.1988043785095215,129.6946563720703,8.002197265625,246.75148010253906,7.967392921447754
344.0,-16.875,7.198798179626465,129.60385131835938,8.002197265625,246.83663940429688,7.967392921447754
345.0,-16.875,7.198795318603516,129.51455688476562,8.002197265625,246.92335510253906,7.967392921447754
346.0,-16.875,7.198796272277832,129.42677307128906,8.002197265625,247.01162719726562,7.967392921447754
347.0,-16.875,7.198801040649414,129.34054565429688,8.002197265625,247.10140991210938,7.967392921447754
348.0,-16.875,7.198787689208984,129.25592041015625,8.002197265625,247.19268798828125,7.967392921447754
349.0,-16.875,7.198796272277832,129.17288208007812,8.002197265625,247.28541564941406,7.967392921447754
350.0,-16.875,7.198803901672363,129.0914764404297,8.002197265625,247.37957763671875,7.967392921447754
351.0,-16.875,7.198800086975098,129.01171875,8.002197265625,247.4751739501953,7.967392921447754
352.0,-16.875,7.198798179626465,128.93365478515625,8.002197265625,247.57212829589844,7.967392921447754
353.0,-16.875,7.1988067626953125,128.85728454589844,8.002197265625,247.67042541503906,7.967392921447754
354.0,-16.875,7.19879150390625,128.78265380859375,8.002197265625,247.7700653076172,7.967392921447754
355.0,-16.875,7.198805332183838,128.7097625732422,8.002197265625,247.87095642089844,7.967392921447754
356.0,-16.875,7.19878625869751,128.63865661621094,8.002197265625,247.97314453125,7.967392921447754
357.0,-16.875,7.198793411254883,128.5693359375,8.002197265625,248.07652282714844,7.967392921447754
358.0,-16.875,7.198784828186035,128.5018310546875,8.002197265625,248.18112182617188,7.967392921447754
359.0,-16.875,7.198798179626465,128.4361572265625,8.002197265625,248.28684997558594,7.967392921447754
0.0,-22.5,5.305356979370117,129.99134826660156,8.002197265625,249.42466735839844,7.967392921447754
1.0,-22.5,5.305354118347168,129.94715881347656,8.002197265625,249.5042266845703,7.967392921447754
2.0,-22.5,5.305356025695801,129.90435791015625,8.002197265625,249.5845489501953,7.967392921447754
3.0,-22.5,5.305355548858643,129.8629608154297,8.002197265625,249.66561889648438,7.967392921447754
4.0,-22.5,5.305360317230225,129.822998046875,8.002197265625,249.7473602294922,7.967392921447754
5.0,-22.5,5.30536413192749,129.78445434570312,8.002197265625,249.82981872558594,7.967392921447754
6.0,-22.5,5.305351734161377,129.74737548828125,8.002197265625,249.91293334960938,7.967392921447754
7.0,-22.5,5.305356025695801,129.71173095703125,8.002197265625,249.99668884277344,7.967392921447754
8.0,-22.5,5.305354118347168,129.6775665283203,8.002197265625,250.08103942871094,7.967392921447754
9.0,-22.5,5.30534553527832,129.64488220214844,8.002197265625,250.16598510742188,7.967392921447754
10.0,-22.5,5.305346488952637,129.61367797851562,8.002197265625,250.25148010253906,7.967392921447754
11.0,-22.5,5.305347919464111,129.58396911621094,8.002197265625,250.33750915527344,7.967392921447754
12.0,-22.5,5.305350303649902,129.55577087402344,8.002197265625,250.4240264892578,7.967392921447754
13.0,-22.5,5.305348873138428,129.52908325195312,8.002197265625,250.51104736328125,7.967392921447754
14.0,-22.5,5.305357933044434,129.50390625,8.002197265625,250.59852600097656,7.967392921447754
15.0,-22.5,5.305349349975586,129.48028564453125,8.002197265625,250.6864013671875,7.967392921447754
16.0,-22.5,5.305359840393066,129.4581756591797,8.002197265625,250.7747039794922,7.967392921447754
17.0,-22.5,5.305348873138428,129.43763732910156,8.002197265625,250.8633575439453,7.967392921447754
18.0,-22.5,5.305356979370117,129.4186248779297,8.002197265625,250.95237731933594,7.967392921447754
19.0,-22.5,5.305355548858643,129.40118408203125,8.002197265625,251.04168701171875,7.967392921447754
20.0,-22.5,5.305354118347168,129.3852996826172,8.002197265625,251.13131713867188,7.967392921447754
21.0,-22.5,5.305366039276123,129.3709716796875,8.002197265625,251.22119140625,7.967392921447754
22.0,-22.5,5.305360794067383,129.3582305908203,8.002197265625,251.31130981445312,7.967392921447754
23.0,-22.5,5.305359840393066,129.34706115722656,8.002197265625,251.40162658691406,7.967392921447754
24.0,-22.5,5.305363178253174,129.33746337890625,8.002197265625,251.4921417236328,7.967392921447754
25.0,-22.5,5.305362224578857,129.32945251464844,8.002197265625,251.58279418945312,7.967392921447754
26.0,-22.5,5.305356979370117,129.32302856445312,8.002197265625,251.673583984375,7.967392921447754
27.0,-22.5,5.305364608764648,129.31817626953125,8.002197265625,251.7644805908203,7.967392921447754
28.0,-22.5,5.30535888671875,129.31492614746094,8.002197265625,251.8554229736328,7.967392921447754
29.0,-22.5,5.30535364151001,129.31326293945312,8.002197265625,251.94642639160156,7.967392921447754
30.0,-22.5,5.305364608764648,129.31317138671875,8.002197265625,252.0374298095703,7.967392921447754
31.0,-22.5,5.305361747741699,129.31468200683594,8.002197265625,252.12843322753906,7.967392921447754
32.0,-22.5,5.305359840393066,129.31777954101562,8.002197265625,252.21939086914062,7.967392921447754
33.0,-22.5,5.305358409881592,129.3224639892578,8.002197265625,252.31028747558594,7.967392921447754
34.0,-22.5,5.305356502532959,129.3287353515625,8.002197265625,252.40109252929688,7.967392921447754
35.0,-22.5,5.305364608764648,129.33657836914062,8.002197265625,252.49176025390625,7.967392921447754
36.0,-22.5,5.305352687835693,129.3460235595703,8.002197265625,252.582275390625,7.967392921447754
37.0,-22.5,5.305365085601807,129.35702514648438,8.002197265625,252.67263793945312,7.967392921447754
38.0,-22.5,5.305363178253174,129.36961364746094,8.002197265625,252.7627716064453,7.967392921447754
39.0,-22.5,5.3053483963012695,129.3837890625,8.002197265625,252.85269165039062,7.967392921447754
40.0,-22.5,5.305354595184326,129.39950561523438,8.002197265625,252.94232177734375,7.967392921447754
41.0,-22.5,5.30535364151001,129.4167938232422,8.002197265625,253.03167724609375,7.967392921447754
42.0,-22.5,5.305369853973389,129.4356231689453,8.002197265625,253.1207275390625,7.967392921447754
43.0,-22.5,5.305360794067383,129.45602416992188,8.002197265625,253.20941162109375,7.967392921447754
44.0,-22.5,5.305359363555908,129.47796630859375,8.002197265625,253.29774475097656,7.967392921447754
45.0,-22.5,5.305355548858643,129.50144958496094,8.002197265625,253.38568115234375,7.967392921447754
46.0,-22.5,5.305356025695801,129.52645874023438,8.002197265625,253.4731903076172,7.967392921447754
47.0,-22.5,5.305356025695801,129.55299377441406,8.002197265625,253.5602569580078,7.967392921447754
48.0,-22.5,5.305356979370117,129.58103942871094,8.002197265625,253.64683532714844,7.967392921447754
49.0,-22.5,5.305353164672852,129.610595703125,8.002197265625,253.73291015625,7.967392921447754
50.0,-22.5,5.305361270904541,129.6416473388672,8.002197265625,253.8184814453125,7.967392921447754
51.0,-22.5,5.305367946624756,129.67417907714844,8.002197265625,253.90347290039062,7.967392921447754
52.0,-22.5,5.305359840393066,129.7082061767578,8.002197265625,253.98788452148438,7.967392921447754
53.0,-22.5,5.30535888671875,129.7436981201172,8.002197265625,254.0717010498047,7.967392921447754
54.0,-22.5,5.305361270904541,129.7806396484375,8.002197265625,254.15487670898438,7.967392921447754
55.0,-22.5,5.305355072021484,129.81903076171875,8.002197265625,254.2373809814453,7.967392921447754
56.0,-22.5,5.305359363555908,129.85885620117188,8.002197265625,254.31922912597656,7.967392921447754
57.0,-22.5,5.305362701416016,129.9001007080078,8.002197265625,254.40036010742188,7.967392921447754
58.0,-22.5,5.305350303649902,129.94276428222656,8.002197265625,254.48074340820312,7.967392921447754
59.0,-22.5,5.305356502532959,129.98681640625,8.002197265625,254.56039428710938,7.967392921447754
60.0,-22.5,5.305352210998535,130.03225708007812,8.002197265625,254.63925170898438,7.967392921447754
61.0,-22.5,5.305363655090332,130.0790557861328,8.002197265625,254.71731567382812,7.967392921447754
62.0,-22.5,5.30535888671875,130.12721252441406,8.002197265625,254.79452514648438,7.967392921447754
63.0,-22.5,5.305362224578857,130.17672729492188,8.002197265625,254.8709259033203,7.967392921447754
64.0,-22.5,5.305355548858643,130.22755432128906,8.002197265625,254.9464111328125,7.967392921447754
65.0,-22.5,5.305366516113281,130.27967834472656,8.002197265625,255.02101135253906,7.967392921447754
66.0,-22.5,5.305366039276123,130.33311462402344,8.002197265625,255.09469604492188,7.967392921447754
67.0,-22.5,5.305361270904541,130.38783264160156,8.002197265625,255.1674346923828,7.967392921447754
68.0,-22.5,5.305348873138428,130.4438018798828,8.002197265625,255.2391815185547,7.967392921447754
69.0,-22.5,5.305367469787598,130.50100708007812,8.002197265625,255.3099822998047,7.967392921447754
70.0,-22.5,5.305359840393066,130.55946350097656,8.002197265625,255.3797607421875,7.967392921447754
71.0,-22.5,5.305363655090332,130.6190948486328,8.002197265625,255.448486328125,7.967392921447754
72.0,-22.5,5.30535364151001,130.67994689941406,8.002197265625,255.51617431640625,7.967392921447754
73.0,-22.5,5.305355072021484,130.74195861816406,8.002197265625,255.58279418945312,7.967392921447754
74.0,-22.5,5.30535888671875,130.80511474609375,8.002197265625,255.6483154296875,7.967392921447754
75.0,-22.5,5.305364608764648,130.86941528320312,8.002197265625,255.71273803710938,7.967392921447754
76.0,-22.5,5.305373191833496,130.93482971191406,8.002197265625,255.77603149414062,7.967392921447754
77.0,-22.5,5.305361747741699,131.0013427734375,8.002197265625,255.83815002441406,7.967392921447754
78.0,-22.5,5.305362701416016,131.0689239501953,8.002197265625,255.89910888671875,7.967392921447754
79.0,-22.5,5.305361747741699,131.13755798339844,8.002197265625,255.95887756347656,7.967392921447754
80.0,-22.5,5.3053483963012695,131.2072296142578,8.002197265625,256.0174255371094,7.967392921447754
81.0,-22.5,5.305375099182129,131.2779083251953,8.002197265625,256.0747985839844,7.967392921447754
82.0,-22.5,5.305370330810547,131.34957885742188,8.002197265625,256.1308898925781,7.967392921447754
83.0,-22.5,5.3053765296936035,131.42221069335938,8.002197265625,256.18572998046875,7.967392921447754
84.0,-22.5,5.3053693771362305,131.4958038330078,8.002197265625,256.2392883300781,7.967392921447754
85.0,-22.5,5.305350303649902,131.5703125,8.002197265625,256.2915344238281,7.967392921447754
86.0,-22.5,5.305353164672852,131.64572143554688,8.002197265625,256.3424987792969,7.967392921447754
87.0,-22.5,5.305370330810547,131.7220001220703,8.002197265625,256.39215087890625,7.967392921447754
88.0,-22.5,5.305350303649902,131.7991485595703,8.002197265625,256.4404296875,7.967392921447754
89.0,-22.5,5.305368900299072,131.8771209716797,8.002197265625,256.4873962402344,7.967392921447754
90.0,-22.5,5.305356979370117,131.95590209960938,8.002197265625,256.532958984375,7.967392921447754
91.0,-22.5,5.305380821228027,132.03546142578125,8.002197265625,256.5771789550781,7.967392921447754
92.0,-22.5,5.305368900299072,132.11578369140625,8.002197265625,256.6199645996094,7.967392921447754
93.0,-22.5,5.305362701416016,132.19683837890625,8.002197265625,256.6613464355469,7.967392921447754
94.0,-22.5,5.305367946624756,132.2786102294922,8.002197265625,256.7013244628906,7.967392921447754
95.0,-22.5,5.3053507804870605,132.36105346679688,8.002197265625,256.7398376464844,7.967392921447754
96.0,-22.5,5.305365562438965,132.4441680908203,8.002197265625,256.7769470214844,7.967392921447754
97.0,-22.5,5.305342674255371,132.52792358398438,8.002197265625,256.81256103515625,7.967392921447754
98.0,-22.5,5.305354595184326,132.61227416992188,8.002197265625,256.84674072265625,7.967392921447754
99.0,-22.5,5.305373668670654,132.6972198486328,8.002197265625,256.87945556640625,7.967392921447754
100.0,-22.5,5.305360794067383,132.78271484375,8.002197265625,256.91064453125,7.967392921447754
101.0,-22.5,5.3053483963012695,132.86874389648438,8.002197265625,256.9403381347656,7.967392921447754
102.0,-22.5,5.305374622344971,132.9552764892578,8.002197265625,256.96856689453125,7.967392921447754
103.0,-22.5,5.305363178253174,133.0422821044922,8.002197265625,256.9952392578125,7.967392921447754
104.0,-22.5,5.30537223815918,133.1297607421875,8.002197265625,257.0204162597656,7.967392921447754
105.0,-22.5,5.305363655090332,133.21763610839844,8.002197265625,257.0440368652344,7.967392921447754
106.0,-22.5,5.305360317230225,133.30593872070312,8.002197265625,257.0661315917969,7.967392921447754
107.0,-22.5,5.305378437042236,133.39459228515625,8.002197265625,257.0867004394531,7.967392921447754
108.0,-22.5,5.305360317230225,133.4835968017578,8.002197265625,257.1056823730469,7.967392921447754
109.0,-22.5,5.305370330810547,133.5729217529297,8.002197265625,257.1231384277344,7.967392921447754
110.0,-22.5,5.3167219161987305,133.6606903076172,8.000104904174805,257.1500244140625,7.967392921447754
111.0,-22.5,5.331661224365234,133.7485809326172,7.997358322143555,257.17889404296875,7.967392921447754
112.0,-22.5,5.346703052520752,133.8372039794922,7.994588851928711,257.20635986328125,7.967392921447754
113.0,-22.5,5.361047744750977,133.9266357421875,7.991952419281006,257.23162841796875,7.967392921447754
114.0,-22.5,5.372788429260254,134.0169677734375,7.989790916442871,257.2528076171875,7.967392921447754
115.0,-22.5,5.3848161697387695,134.1078338623047,7.987573623657227,257.272705078125,7.967392921447754
116.0,-22.5,5.397170543670654,134.19923400878906,7.985300064086914,257.2913513183594,7.967392921447754
117.0,-22.5,5.4048638343811035,134.29135131835938,7.983885765075684,257.3038330078125,7.967392921447754
118.0,-22.5,5.404872417449951,134.38401794433594,7.983885765075684,257.3071594238281,7.967392921447754
119.0,-22.5,5.404850959777832,134.4767303466797,7.983885765075684,257.308837890625,7.967392921447754
120.0,-22.5,5.404860973358154,134.56944274902344,7.983885765075684,257.3089294433594,7.967392921447754
121.0,-22.5,5.404870986938477,134.66213989257812,7.983885765075684,257.3074035644531,7.967392921447754
122.0,-22.5,5.404881477355957,134.75482177734375,7.983885765075684,257.30426025390625,7.967392921447754
123.0,-22.5,5.4048614501953125,134.847412109375,7.983885765075684,257.2994689941406,7.967392921447754
124.0,-22.5,5.404869079589844,134.93991088867188,7.983885765075684,257.2930908203125,7.967392921447754
125.0,-22.5,5.404873371124268,135.03228759765625,7.983885765075684,257.28509521484375,7.967392921447754
126.0,-22.5,5.404870986938477,135.12451171875,7.983885765075684,257.2754821777344,7.967392921447754
127.0,-22.5,5.4048895835876465,135.216552734375,7.983885765075684,257.2642822265625,7.967392921447754
128.0,-22.5,5.404865264892578,135.30838012695312,7.983885765075684,257.2514343261719,7.967392921447754
129.0,-22.5,5.413320541381836,135.40133666992188,7.982330322265625,257.2452087402344,7.967392921447754
130.0,-22.5,5.429351329803467,135.49566650390625,7.979382514953613,257.2446594238281,7.967392921447754
131.0,-22.5,5.445403099060059,135.59024047851562,7.97642707824707,257.242431640625,7.967392921447754
132.0,-22.5,5.461515426635742,135.68504333496094,7.973464012145996,257.2385559082031,7.967392921447754
133.0,-22.5,5.477634429931641,135.780029296875,7.970495223999023,257.23297119140625,7.967392921447754
134.0,-22.5,5.493803977966309,135.8751983642578,7.9675211906433105,257.2257080078125,7.967392921447754
135.0,-22.5,5.504389762878418,135.96902465820312,7.965574264526367,257.21142578125,7.967392921447754
136.0,-22.5,5.504396438598633,136.059814453125,7.965574264526367,257.18548583984375,7.967392921447754
137.0,-22.5,5.504370212554932,136.150146484375,7.965574264526367,257.1579284667969,7.967392921447754
138.0,-22.5,5.504385948181152,136.23997497558594,7.965574264526367,257.12884521484375,7.967392921447754
139.0,-22.5,5.504379749298096,136.32928466796875,7.965574264526367,257.0981750488281,7.967392921447754
140.0,-22.5,5.50437068939209,136.4180450439453,7.965574264526367,257.0659484863281,7.967392921447754
141.0,-22.5,5.504383087158203,136.50624084472656,7.965574264526367,257.0321960449219,7.967392921447754
142.0,-22.5,5.5171380043029785,136.59861755371094,7.9632248878479,257.00848388671875,7.967392921447754
143.0,-22.5,5.533014297485352,136.6919708251953,7.9603071212768555,256.98590087890625,7.967392921447754
144.0,-22.5,5.548827648162842,136.78515625,7.957395076751709,256.9615173339844,7.967392921447754
145.0,-22.5,5.564629554748535,136.8781280517578,7.954489231109619,256.9353942871094,7.967392921447754
146.0,-22.5,5.580366134643555,136.97085571289062,7.951591491699219,256.907470703125,7.967392921447754
147.0,-22.5,5.596065998077393,137.0633087158203,7.948701858520508,256.8777770996094,7.967392921447754
148.0,-22.5,5.603886604309082,137.1517791748047,7.947262287139893,256.83953857421875,7.967392921447754
149.0,-22.5,5.603880882263184,137.23590087890625,7.947262287139893,256.7929992675781,7.967392921447754
150.0,-22.5,5.603898048400879,137.31919860839844,7.947262287139893,256.7450256347656,7.967392921447754
151.0,-22.5,5.603897571563721,137.40164184570312,7.947262287139893,256.6955871582031,7.967392921447754
152.0,-22.5,5.6038970947265625,137.48321533203125,7.947262287139893,256.64471435546875,7.967392921447754
153.0,-22.5,5.603882312774658,137.5638885498047,7.947262287139893,256.5924072265625,7.967392921447754
154.0,-22.5,5.603885650634766,137.6436309814453,7.947262287139893,256.5387268066406,7.967392921447754
155.0,-22.5,5.608983039855957,137.725341796875,7.946323871612549,256.48773193359375,7.967392921447754
156.0,-22.5,5.623682975769043,137.8118133544922,7.943621635437012,256.44287109375,7.967392921447754
157.0,-22.5,5.638241767883301,137.89761352539062,7.940939903259277,256.396240234375,7.967392921447754
158.0,-22.5,5.652711868286133,137.98272705078125,7.93828010559082,256.347900390625,7.967392921447754
159.0,-22.5,5.667013168334961,138.06707763671875,7.935644149780273,256.29779052734375,7.967392921447754
160.0,-22.5,5.68122673034668,138.15066528320312,7.9330315589904785,256.2460021972656,7.967392921447754
161.0,-22.5,5.695270538330078,138.23341369628906,7.930445671081543,256.1924743652344,7.967392921447754
162.0,-22.5,5.709171295166016,138.3153076171875,7.927886009216309,256.1372375488281,7.967392921447754
163.0,-22.5,5.7229323387146,138.39630126953125,7.925354957580566,256.080322265625,7.967392921447754
164.0,-22.5,5.73652458190918,138.47633361816406,7.922853946685791,256.021728515625,7.967392921447754
165.0,-22.5,5.749959468841553,138.55538940429688,7.920383453369141,255.9614715576172,7.967392921447754
166.0,-22.5,5.76320743560791,138.63340759277344,7.91794490814209,255.89955139160156,7.967392921447754
167.0,-22.5,5.776279449462891,138.7103729248047,7.915539741516113,255.8359832763672,7.967392921447754
168.0,-22.5,5.789151191711426,138.7862091064453,7.913169860839844,255.7707977294922,7.967392921447754
169.0,-22.5,5.801846504211426,138.8609161376953,7.910835266113281,255.70401000976562,7.967392921447754
170.0,-22.5,5.814327239990234,138.93441772460938,7.908537864685059,255.63563537597656,7.967392921447754
171.0,-22.5,5.8351640701293945,139.01327514648438,7.9047017097473145,255.57093811035156,7.967392921447754
172.0,-22.5,5.876197338104248,139.10694885253906,7.897151470184326,255.51669311523438,7.967392921447754
173.0,-22.5,5.917468070983887,139.2002716064453,7.889559745788574,255.4604034423828,7.967392921447754
174.0,-22.5,5.958927631378174,139.2931671142578,7.881928443908691,255.4020233154297,7.967392921447754
175.0,-22.5,5.988851547241211,139.3760986328125,7.876423358917236,255.33502197265625,7.967392921447754
176.0,-22.5,6.0001935958862305,139.4429168701172,7.874334812164307,255.2560577392578,7.967392921447754
177.0,-22.5,6.001918792724609,139.50048828125,7.874015808105469,255.17068481445312,7.967392921447754
178.0,-22.5,6.001923561096191,139.5551300048828,7.874015808105469,255.0834197998047,7.967392921447754
179.0,-22.5,6.001916408538818,139.6082305908203,7.874015808105469,254.99520874023438,7.967392921447754
180.0,-22.5,6.001934051513672,139.65980529785156,7.874015808105469,254.90609741210938,7.967392921447754
181.0,-22.5,6.001925468444824,139.7097930908203,7.874015808105469,254.8160858154297,7.967392921447754
182.0,-22.5,6.001916885375977,139.75820922851562,7.874015808105469,254.72520446777344,7.967392921447754
183.0,-22.5,6.0047221183776855,139.8074951171875,7.873499870300293,254.63475036621094,7.967392921447754
184.0,-22.5,6.030125141143799,139.87525939941406,7.868826389312744,254.552978515625,7.967392921447754
185.0,-22.5,6.055575847625732,139.9418182373047,7.864142417907715,254.4696502685547,7.967392921447754
186.0,-22.5,6.081082344055176,140.00714111328125,7.85944938659668,254.38479614257812,7.967392921447754
187.0,-22.5,6.101489543914795,140.06651306152344,7.855692386627197,254.29649353027344,7.967392921447754
188.0,-22.5,6.117010593414307,140.1199951171875,7.852835655212402,254.20509338378906,7.967392921447754
189.0,-22.5,6.132717609405518,140.17214965820312,7.849944114685059,254.11256408691406,7.967392921447754
190.0,-22.5,6.148637294769287,140.22296142578125,7.847019195556641,254.01898193359375,7.967392921447754
191.0,-22.5,6.164695739746094,140.27235412597656,7.84406042098999,253.92430114746094,7.967392921447754
192.0,-22.5,6.180965900421143,140.32037353515625,7.841068744659424,253.8285675048828,7.967392921447754
193.0,-22.5,6.197391033172607,140.366943359375,7.838044166564941,253.73178100585938,7.967392921447754
194.0,-22.5,6.2139973640441895,140.4120635986328,7.834988117218018,253.6339874267578,7.967392921447754
195.0,-22.5,6.229846000671387,140.45481872558594,7.83207368850708,253.53497314453125,7.967392921447754
196.0,-22.5,6.226053237915039,140.47714233398438,7.832771301269531,253.430419921875,7.967392921447754
197.0,-22.5,6.2225260734558105,140.4978790283203,7.8334197998046875,253.3256072998047,7.967392921447754
198.0,-22.5,6.219271659851074,140.51702880859375,7.834018230438232,253.2205810546875,7.967392921447754
199.0,-22.5,6.214848041534424,140.533203125,7.83483362197876,253.11508178710938,7.967392921447754
200.0,-22.5,6.20693826675415,140.5441436767578,7.836287498474121,253.00880432128906,7.967392921447754
201.0,-22.5,6.231022834777832,140.5843048095703,7.831856727600098,252.90716552734375,7.967392921447754
202.0,-22.5,6.254981517791748,140.62261962890625,7.82744836807251,252.80442810058594,7.967392921447754
203.0,-22.5,6.287200450897217,140.66725158691406,7.821517467498779,252.70155334472656,7.967392921447754
204.0,-22.5,6.319483757019043,140.710205078125,7.815576553344727,252.59735107421875,7.967392921447754
205.0,-22.5,6.3627543449401855,140.76214599609375,7.807612895965576,252.4927520751953,7.967392921447754
206.0,-22.5,6.420374870300293,140.82638549804688,7.7970123291015625,252.3873748779297,7.967392921447754
207.0,-22.5,6.478116512298584,140.88894653320312,7.786384582519531,252.2799072265625,7.967392921447754
208.0,-22.5,6.488853454589844,140.90347290039062,7.784409523010254,252.16912841796875,7.967392921447754
209.0,-22.5,6.472339153289795,140.8892822265625,7.787448883056641,252.05767822265625,7.967392921447754
210.0,-22.5,6.457103252410889,140.87440490722656,7.790251731872559,251.94676208496094,7.967392921447754
211.0,-22.5,6.457371234893799,140.87283325195312,7.790202617645264,251.83599853515625,7.967392921447754
212.0,-22.5,6.457913875579834,140.86959838867188,7.790101528167725,251.7252655029297,7.967392921447754
213.0,-22.5,6.458747863769531,140.86471557617188,7.7899489402771,251.6145782470703,7.967392921447754
214.0,-22.5,6.476438522338867,140.87442016601562,7.786692142486572,251.502685546875,7.967392921447754
215.0,-22.5,6.49554443359375,140.88352966308594,7.783177375793457,251.3902130126953,7.967392921447754
216.0,-22.5,6.499463081359863,140.8758087158203,7.78245735168457,251.27896118164062,7.967392921447754
217.0,-22.5,6.499465465545654,140.86231994628906,7.78245735168457,251.16827392578125,7.967392921447754
218.0,-22.5,6.499457359313965,140.84689331054688,7.78245735168457,251.057861328125,7.967392921447754
219.0,-22.5,6.507462978363037,140.83731079101562,7.780983924865723,250.94642639160156,7.967392921447754
220.0,-22.5,6.526581764221191,140.8365020751953,7.777466773986816,250.8330535888672,7.967392921447754
221.0,-22.5,6.532769680023193,140.82119750976562,7.776325225830078,250.721923828125,7.967392921447754
222.0,-22.5,6.528076648712158,140.79348754882812,7.777192115783691,250.61326599121094,7.967392921447754
223.0,-22.5,6.5229902267456055,140.76353454589844,7.778128147125244,250.50531005859375,7.967392921447754
224.0,-22.5,6.517523765563965,140.73135375976562,7.7791337966918945,250.39804077148438,7.967392921447754
225.0,-22.5,6.511683940887451,140.6969757080078,7.780207633972168,250.29153442382812,7.967392921447754
226.0,-22.5,6.507499694824219,140.66233825683594,7.780977249145508,250.185302734375,7.967392921447754
227.0,-22.5,6.523447036743164,140.64474487304688,7.778042793273926,250.0738067626953,7.967392921447754
228.0,-22.5,6.538863658905029,140.6246337890625,7.775206565856934,249.96255493164062,7.967392921447754
229.0,-22.5,6.547822952270508,140.5965118408203,7.773556232452393,249.85353088378906,7.967392921447754
230.0,-22.5,6.555639266967773,140.5653839111328,7.772118091583252,249.74525451660156,7.967392921447754
231.0,-22.5,6.562302589416504,140.53126525878906,7.7708940505981445,249.6378173828125,7.967392921447754
232.0,-22.5,6.548622131347656,140.4767608642578,7.773411750793457,249.53854370117188,7.967392921447754
233.0,-22.5,6.527172088623047,140.4136199951172,7.777358531951904,249.44349670410156,7.967392921447754
234.0,-22.5,6.504983901977539,140.3483123779297,7.781439781188965,249.35018920898438,7.967392921447754
235.0,-22.5,6.4808669090271,140.2798309326172,7.785876750946045,249.25918579101562,7.967392921447754
236.0,-22.5,6.453582286834717,140.20716857910156,7.790898323059082,249.17115783691406,7.967392921447754
237.0,-22.5,6.426363468170166,140.1332550048828,7.795907020568848,249.08480834960938,7.967392921447754
238.0,-22.5,6.409458160400391,140.0669708251953,7.799018383026123,248.99533081054688,7.967392921447754
239.0,-22.5,6.392852783203125,139.99954223632812,7.8020758628845215,248.9071502685547,7.967392921447754
240.0,-22.5,6.33088493347168,139.8922882080078,7.813478469848633,248.84300231933594,7.967392921447754
241.0,-22.5,6.2732744216918945,139.78811645507812,7.824080944061279,248.77938842773438,7.967392921447754
242.0,-22.5,6.230133056640625,139.6953887939453,7.832019805908203,248.71083068847656,7.967392921447754
243.0,-22.5,6.187130928039551,139.60198974609375,7.839931964874268,248.64443969726562,7.967392921447754
244.0,-22.5,6.144293308258057,139.50799560546875,7.847814559936523,248.58021545410156,7.967392921447754
245.0,-22.5,6.113926410675049,139.4232940673828,7.853403091430664,248.51112365722656,7.967392921447754
246.0,-22.5,6.102170944213867,139.35243225097656,7.855565547943115,248.43309020996094,7.967392921447754
247.0,-22.5,6.117974281311035,139.3018341064453,7.85265588760376,248.33998107910156,7.967392921447754
248.0,-22.5,6.133673667907715,139.24937438964844,7.849769592285156,248.24761962890625,7.967392921447754
249.0,-22.5,6.167895793914795,139.20919799804688,7.843471050262451,248.1444091796875,7.967392921447754
250.0,-22.5,6.21125602722168,139.17369079589844,7.8354949951171875,248.03564453125,7.967392921447754
251.0,-22.5,6.252559661865234,139.13429260253906,7.8278913497924805,247.9282989501953,7.967392921447754
252.0,-22.5,6.272128105163574,139.0767822265625,7.8242926597595215,247.83554077148438,7.967392921447754
253.0,-22.5,6.239252090454102,138.98001098632812,7.83034086227417,247.7790069580078,7.967392921447754
254.0,-22.5,6.206122875213623,138.88247680664062,7.836436748504639,247.72474670410156,7.967392921447754
255.0,-22.5,6.188715934753418,138.79525756835938,7.839640140533447,247.66159057617188,7.967392921447754
256.0,-22.5,6.174068450927734,138.7090301513672,7.842334747314453,247.59820556640625,7.967392921447754
257.0,-22.5,6.1592559814453125,138.62179565429688,7.845061302185059,247.53663635253906,7.967392921447754
258.0,-22.5,6.144266605377197,138.53355407714844,7.847818851470947,247.4768829345703,7.967392921447754
259.0,-22.5,6.129136085510254,138.44439697265625,7.850605487823486,247.41896057128906,7.967392921447754
260.0,-22.5,6.107609748840332,138.35043334960938,7.854567050933838,247.36761474609375,7.967392921447754
261.0,-22.5,6.082747459411621,138.25384521484375,7.859138011932373,247.3207244873047,7.967392921447754
262.0,-22.5,6.057188034057617,138.15635681152344,7.863844394683838,247.2763214111328,7.967392921447754
263.0,-22.5,6.030886173248291,138.0580291748047,7.868681907653809,247.23448181152344,7.967392921447754
264.0,-22.5,6.00391960144043,137.95896911621094,7.873644828796387,247.19515991210938,7.967392921447754
265.0,-22.5,5.976317405700684,137.85926818847656,7.878727436065674,247.15835571289062,7.967392921447754
266.0,-22.5,5.948058128356934,137.75897216796875,7.883924961090088,247.1240997314453,7.967392921447754
267.0,-22.5,5.9192352294921875,137.658203125,7.8892316818237305,247.0923309326172,7.967392921447754
268.0,-22.5,5.889836311340332,137.5570068359375,7.894641876220703,247.0630645751953,7.967392921447754
269.0,-22.5,5.861839771270752,137.4564666748047,7.899791717529297,247.03465270996094,7.967392921447754
270.0,-22.5,5.845731735229492,137.36160278320312,7.9027557373046875,246.99806213378906,7.967392921447754
271.0,-22.5,5.829556941986084,137.26634216308594,7.905733108520508,246.9633331298828,7.967392921447754
272.0,-22.5,5.813323497772217,137.1707000732422,7.908721923828125,246.93045043945312,7.967392921447754
273.0,-22.5,5.797023296356201,137.07472229003906,7.911721706390381,246.89942932128906,7.967392921447754
274.0,-22.5,5.78066349029541,136.97845458984375,7.914730548858643,246.87026977539062,7.967392921447754
275.0,-22.5,5.764276027679443,136.8819122314453,7.917747497558594,246.84292602539062,7.967392921447754
276.0,-22.5,5.747832298278809,136.78515625,7.920771598815918,246.81744384765625,7.967392921447754
277.0,-22.5,5.731371879577637,136.68821716308594,7.923800945281982,246.7937774658203,7.967392921447754
278.0,-22.5,5.7148823738098145,136.5911407470703,7.926835060119629,246.77194213867188,7.967392921447754
279.0,-22.5,5.692715644836426,136.4919891357422,7.9309163093566895,246.7571258544922,7.967392921447754
280.0,-22.5,5.657626152038574,136.3887176513672,7.937371730804443,246.7561492919922,7.967392921447754
281.0,-22.5,5.622760772705078,136.28607177734375,7.943787574768066,246.7569580078125,7.967392921447754
282.0,-22.5,5.588132381439209,136.18409729003906,7.950160980224609,246.759521484375,7.967392921447754
283.0,-22.5,5.553730010986328,136.0828094482422,7.956491947174072,246.76382446289062,7.967392921447754
284.0,-22.5,5.519579887390137,135.9822540283203,7.962777614593506,246.7698211669922,7.967392921447754
285.0,-22.5,5.504369258880615,135.88705444335938,7.965574264526367,246.75970458984375,7.967392921447754
286.0,-22.5,5.504364013671875,135.7954559326172,7.965574264526367,246.73678588867188,7.967392921447754
287.0,-22.5,5.50437068939209,135.70346069335938,7.965574264526367,246.7154541015625,7.967392921447754
288.0,-22.5,5.504371166229248,135.61111450195312,7.965574264526367,246.69573974609375,7.967392921447754
289.0,-22.5,5.504370212554932,135.51844787597656,7.965574264526367,246.67764282226562,7.967392921447754
290.0,-22.5,5.504368782043457,135.4254608154297,7.965574264526367,246.66116333007812,7.967392921447754
291.0,-22.5,5.501000881195068,135.3317108154297,7.9661946296691895,246.6495819091797,7.967392921447754
292.0,-22.5,5.484789848327637,135.23617553710938,7.969180107116699,246.65216064453125,7.967392921447754
293.0,-22.5,5.468617916107178,135.14097595214844,7.9721550941467285,246.65640258789062,7.967392921447754
294.0,-22.5,5.452507972717285,135.04617309570312,7.975118637084961,246.6622772216797,7.967392921447754
295.0,-22.5,5.436486721038818,134.9517364501953,7.978069305419922,246.66973876953125,7.967392921447754
296.0,-22.5,5.420502185821533,134.8577423095703,7.981007099151611,246.6788330078125,7.967392921447754
297.0,-22.5,5.4048638343811035,134.76419067382812,7.983885765075684,246.68923950195312,7.967392921447754
298.0,-22.5,5.404858112335205,134.67153930664062,7.983885765075684,246.68592834472656,7.967392921447754
299.0,-22.5,5.404851913452148,134.57882690429688,7.983885765075684,246.68423461914062,7.967392921447754
300.0,-22.5,5.404860973358154,134.48611450195312,7.983885765075684,246.68414306640625,7.967392921447754
301.0,-22.5,5.404855728149414,134.39340209960938,7.983885765075684,246.68568420410156,7.967392921447754
302.0,-22.5,5.404866695404053,134.3007354736328,7.983885765075684,246.68882751464844,7.967392921447754
303.0,-22.5,5.4048614501953125,134.2081298828125,7.983885765075684,246.693603515625,7.967392921447754
304.0,-22.5,5.394124984741211,134.116455078125,7.985861778259277,246.71051025390625,7.967392921447754
305.0,-22.5,5.378706455230713,134.02569580078125,7.9886980056762695,246.73358154296875,7.967392921447754
306.0,-22.5,5.363409042358398,133.93560791015625,7.991513252258301,246.75808715820312,7.967392921447754
307.0,-22.5,5.34822940826416,133.84622192382812,7.994307518005371,246.7840118408203,7.967392921447754
308.0,-22.5,5.333157539367676,133.7575225830078,7.997078895568848,246.8113555908203,7.967392921447754
309.0,-22.5,5.318219184875488,133.6695556640625,7.999827861785889,246.84007263183594,7.967392921447754
310.0,-22.5,5.305354595184326,133.5819854736328,8.002197265625,246.86827087402344,7.967392921447754
311.0,-22.5,5.3053507804870605,133.49264526367188,8.002197265625,246.88555908203125,7.967392921447754
312.0,-22.5,5.305351734161377,133.40359497070312,8.002197265625,246.90440368652344,7.967392921447754
313.0,-22.5,5.305360794067383,133.3148956298828,8.002197265625,246.92478942871094,7.967392921447754
314.0,-22.5,5.305359840393066,133.2265625,8.002197265625,246.9467315673828,7.967392921447754
315.0,-22.5,5.305370330810547,133.1386260986328,8.002197265625,246.97019958496094,7.967392921447754
316.0,-22.5,5.305356025695801,133.05111694335938,8.002197265625,246.99522399902344,7.967392921447754
317.0,-22.5,5.305351734161377,132.9640655517578,8.002197265625,247.02175903320312,7.967392921447754
318.0,-22.5,5.305366516113281,132.8774871826172,8.002197265625,247.04978942871094,7.967392921447754
319.0,-22.5,5.30535364151001,132.79139709472656,8.002197265625,247.07936096191406,7.967392921447754
320.0,-22.5,5.305351257324219,132.7058563232422,8.002197265625,247.11041259765625,7.967392921447754
321.0,-22.5,5.305349349975586,132.620849609375,8.002197265625,247.14295959472656,7.967392921447754
322.0,-22.5,5.305354118347168,132.53643798828125,8.002197265625,247.17697143554688,7.967392921447754
323.0,-22.5,5.305353164672852,132.45262145996094,8.002197265625,247.21246337890625,7.967392921447754
324.0,-22.5,5.305355072021484,132.36944580078125,8.002197265625,247.24940490722656,7.967392921447754
325.0,-22.5,5.305355072021484,132.28692626953125,8.002197265625,247.2877960205078,7.967392921447754
326.0,-22.5,5.305352687835693,132.20509338378906,8.002197265625,247.32762145996094,7.967392921447754
327.0,-22.5,5.305362224578857,132.1239471435547,8.002197265625,247.36886596679688,7.967392921447754
328.0,-22.5,5.305363655090332,132.04356384277344,8.002197265625,247.41151428222656,7.967392921447754
329.0,-22.5,5.305356502532959,131.9639129638672,8.002197265625,247.45558166503906,7.967392921447754
330.0,-22.5,5.305352210998535,131.8850555419922,8.002197265625,247.5010223388672,7.967392921447754
331.0,-22.5,5.305342674255371,131.8070068359375,8.002197265625,247.54783630371094,7.967392921447754
332.0,-22.5,5.30535888671875,131.7297821044922,8.002197265625,247.59597778320312,7.967392921447754
333.0,-22.5,5.305357933044434,131.65341186523438,8.002197265625,247.64547729492188,7.967392921447754
334.0,-22.5,5.305355548858643,131.57789611816406,8.002197265625,247.69631958007812,7.967392921447754
335.0,-22.5,5.30534553527832,131.50331115722656,8.002197265625,247.7484588623047,7.967392921447754
336.0,-22.5,5.305345058441162,131.42962646484375,8.002197265625,247.80189514160156,7.967392921447754
337.0,-22.5,5.305364608764648,131.3568878173828,8.002197265625,247.85658264160156,7.967392921447754
338.0,-22.5,5.305360794067383,131.28512573242188,8.002197265625,247.9125518798828,7.967392921447754
339.0,-22.5,5.305357933044434,131.21434020996094,8.002197265625,247.9697723388672,7.967392921447754
340.0,-22.5,5.305352210998535,131.1445770263672,8.002197265625,248.02821350097656,7.967392921447754
341.0,-22.5,5.305363178253174,131.07582092285156,8.002197265625,248.08786010742188,7.967392921447754
342.0,-22.5,5.305353164672852,131.0081329345703,8.002197265625,248.14871215820312,7.967392921447754
343.0,-22.5,5.305366039276123,130.94151306152344,8.002197265625,248.21070861816406,7.967392921447754
344.0,-22.5,5.30535888671875,130.87599182128906,8.002197265625,248.2738800048828,7.967392921447754
345.0,-22.5,5.305354118347168,130.81158447265625,8.002197265625,248.3381805419922,7.967392921447754
346.0,-22.5,5.305351257324219,130.74830627441406,8.002197265625,248.40359497070312,7.967392921447754
347.0,-22.5,5.30537223815918,130.6861572265625,8.002197265625,248.4700927734375,7.967392921447754
348.0,-22.5,5.305351257324219,130.62521362304688,8.002197265625,248.53768920898438,7.967392921447754
349.0,-22.5,5.305350303649902,130.56544494628906,8.002197265625,248.6063232421875,7.967392921447754
350.0,-22.5,5.305357933044434,130.5068817138672,8.002197265625,248.6759796142578,7.967392921447754
351.0,-22.5,5.305363655090332,130.44952392578125,8.002197265625,248.74667358398438,7.967392921447754
352.0,-22.5,5.30535888671875,130.3934326171875,8.002197265625,248.81834411621094,7.967392921447754
353.0,-22.5,5.305352210998535,130.33860778808594,8.002197265625,248.89097595214844,7.967392921447754
354.0,-22.5,5.305356979370117,130.2850341796875,8.002197265625,248.96456909179688,7.967392921447754
355.0,-22.5,5.30535888671875,130.23277282714844,8.002197265625,249.0390625,7.967392921447754
356.0,-22.5,5.305353164672852,130.1818084716797,8.002197265625,249.11448669433594,7.967392921447754
357.0,-22.5,5.305357456207275,130.13217163085938,8.002197265625,249.19076538085938,7.967392921447754
358.0,-22.5,5.305350303649902,130.08387756347656,8.002197265625,249.26791381835938,7.967392921447754
359.0,-22.5,5.305363655090332,130.03692626953125,8.002197265625,249.3458709716797,7.967392921447754
