angle,vert_angle,dist,x,y,z,height
38.0,22.5,28.597440719604492,30.5468807220459,32.56855773925781,128.12033081054688,10.014200210571289
39.0,22.5,26.539033889770508,28.452232360839844,32.297733306884766,128.06253051757812,10.014200210571289
40.0,22.5,25.413480758666992,27.265417098999023,32.1496467590332,127.8668212890625,10.014200210571289
41.0,22.5,24.33151626586914,26.121854782104492,32.00728988647461,127.70028686523438,10.014200210571289
42.0,22.5,23.599445343017578,25.3151798248291,31.910974502563477,127.48162841796875,10.014200210571289
43.0,22.5,22.904104232788086,24.543203353881836,31.819486618041992,127.27920532226562,10.014200210571289
44.0,22.5,22.516998291015625,24.063325881958008,31.768556594848633,127.0120849609375,10.014200210571289
45.0,22.5,21.99553871154785,23.45427131652832,31.699949264526367,126.80109405517578,10.014200210571289
46.0,22.5,21.600387573242188,22.962831497192383,31.64795684814453,126.56838989257812,10.014200210571289
47.0,22.5,21.313310623168945,22.570323944091797,31.610187530517578,126.31396484375,10.014200210571289
48.0,22.5,21.060283660888672,22.206680297851562,31.57689666748047,126.05894470214844,10.014200210571289
49.0,22.5,20.78417205810547,21.81904411315918,31.540569305419922,125.82298278808594,10.014200210571289
50.0,22.5,20.568580627441406,21.484371185302734,31.512203216552734,125.57470703125,10.014200210571289
51.0,22.5,20.400651931762695,21.190048217773438,31.490108489990234,125.31645965576172,10.014200210571289
52.0,22.5,20.158641815185547,20.825958251953125,31.458269119262695,125.09715270996094,10.014200210571289
53.0,22.5,19.9311580657959,20.472835540771484,31.42833709716797,124.88168334960938,10.014200210571289
54.0,22.5,19.840551376342773,20.23858642578125,31.416418075561523,124.61417388916016,10.014200210571289
55.0,22.5,19.77960205078125,20.026365280151367,31.408397674560547,124.33833312988281,10.014200210571289
56.0,22.5,19.708423614501953,19.801006317138672,31.399032592773438,124.07209777832031,10.014200210571289
57.0,22.5,19.622718811035156,19.55918312072754,31.38775634765625,123.81812286376953,10.014200210571289
58.0,22.5,19.55465316772461,19.32869529724121,31.378801345825195,123.56066131591797,10.014200210571289
59.0,22.5,19.54754638671875,19.14556312561035,31.377866744995117,123.27616882324219,10.014200210571289
60.0,22.5,19.545677185058594,18.96192169189453,31.377620697021484,122.99219512939453,10.014200210571289
61.0,22.5,19.544933319091797,18.774282455444336,31.377521514892578,122.71085357666016,10.014200210571289
62.0,22.5,19.58633804321289,18.615976333618164,31.382970809936523,122.40885162353516,10.014200210571289
63.0,22.5,19.62651252746582,18.451011657714844,31.388256072998047,122.10977935791016,10.014200210571289
64.0,22.5,19.683685302734375,18.29388427734375,31.39577865600586,121.80291748046875,10.014200210571289
65.0,22.5,19.808757781982422,18.183805465698242,31.412233352661133,121.45655059814453,10.014200210571289
66.0,22.5,19.92275619506836,18.057828903198242,31.42723274230957,121.11738586425781,10.014200210571289
67.0,22.5,20.028043746948242,17.9180908203125,31.441085815429688,120.78451538085938,10.014200210571289
68.0,22.5,20.204118728637695,17.824270248413086,31.464250564575195,120.40663146972656,10.014200210571289
69.0,22.5,20.355581283569336,17.703746795654297,31.484180450439453,120.04452514648438,10.014200210571289
70.0,22.5,20.469263076782227,17.547786712646484,31.499135971069336,119.70822143554688,10.014200210571289
71.0,22.5,20.633832931518555,17.42086410522461,31.520788192749023,119.33817291259766,10.014200210571289
72.0,22.5,20.941158294677734,17.38544273376465,31.56122398376465,118.86817169189453,10.014200210571289
73.0,22.5,21.260284423828125,17.34614372253418,31.60321044921875,118.38671875,10.014200210571289
74.0,22.5,21.583946228027344,17.297489166259766,31.645793914794922,117.89892578125,10.014200210571289
75.0,22.5,21.81603240966797,17.175554275512695,31.67633056640625,117.475830078125,10.014200210571289
76.0,22.5,22.157962799072266,17.114564895629883,31.721317291259766,116.9699935913086,10.014200210571289
77.0,22.5,22.556785583496094,17.076440811157227,31.77379035949707,116.41820526123047,10.014200210571289
78.0,22.5,23.033187866210938,17.071693420410156,31.836471557617188,115.80296325683594,10.014200210571289
79.0,22.5,23.541446685791016,17.069156646728516,31.903343200683594,115.1578598022461,10.014200210571289
80.0,22.5,24.03948974609375,17.04229164123535,31.9688720703125,114.5156478881836,10.014200210571289
81.0,22.5,24.59280776977539,17.029436111450195,32.04166793823242,113.82451629638672,10.014200210571289
82.0,22.5,25.26828384399414,17.06604766845703,32.13054275512695,113.02887725830078,10.014200210571289
83.0,22.5,26.014142990112305,17.11806297302246,32.22867202758789,112.168212890625,10.014200210571289
84.0,22.5,26.69589614868164,17.1097412109375,32.3183708190918,111.35301208496094,10.014200210571289
85.0,22.5,27.649810791015625,17.21990966796875,32.443878173828125,110.30277252197266,10.014200210571289
86.0,22.5,28.65743064880371,17.32499885559082,32.57645034790039,109.19648742675781,10.014200210571289
87.0,22.5,29.938295364379883,17.530855178833008,32.744972229003906,107.8449478149414,10.014200210571289
88.0,22.5,31.3715763092041,17.76685905456543,32.93354797363281,106.34688568115234,10.014200210571289
89.0,22.5,32.862152099609375,17.98147964477539,33.12966537475586,104.782958984375,10.014200210571289
90.0,22.5,35.15028762817383,18.503875732421875,33.43071365356445,102.49870300292969,10.014200210571289
91.0,22.5,37.63571548461914,19.036378860473633,33.75771713256836,100.01216888427734,10.014200210571289
92.0,22.5,41.616458892822266,20.111230850219727,34.281463623046875,96.15399169921875,10.014200210571289
93.0,22.5,46.330135345458984,21.35050392150879,34.901641845703125,91.58502197265625,10.014200210571289
94.0,22.5,49.22650146484375,21.73331642150879,35.28271484375,88.62194061279297,10.014200210571289
38.0,16.875,31.299678802490234,32.88556671142578,34.28133773803711,127.23431396484375,10.014200210571289
39.0,16.875,28.125415802001953,29.72350311279297,33.72605514526367,127.40438842773438,10.014200210571289
40.0,16.875,26.408397674560547,27.97051429748535,33.42569351196289,127.33907318115234,10.014200210571289
41.0,16.875,25.304561614990234,26.80750274658203,33.23259735107422,127.1781234741211,10.014200210571289
42.0,16.875,24.497121810913086,25.92760467529297,33.091346740722656,126.97604370117188,10.014200210571289
43.0,16.875,23.829153060913086,25.179643630981445,32.9744987487793,126.76285552978516,10.014200210571289
44.0,16.875,23.231834411621094,24.497705459594727,32.8700065612793,126.55236053466797,10.014200210571289
45.0,16.875,22.80138397216797,23.970909118652344,32.794708251953125,126.31045532226562,10.014200210571289
46.0,16.875,22.47544288635254,23.539201736450195,32.73768997192383,126.04979705810547,10.014200210571289
47.0,16.875,22.054428100585938,23.017486572265625,32.664039611816406,125.83528900146484,10.014200210571289
48.0,16.875,21.75116729736328,22.602344512939453,32.610992431640625,125.59349822998047,10.014200210571289
49.0,16.875,21.512649536132812,22.24376678466797,32.56926727294922,125.33904266357422,10.014200210571289
50.0,16.875,21.29836654663086,21.904254913330078,32.53178405761719,125.08500671386719,10.014200210571289
51.0,16.875,21.107257843017578,21.582578659057617,32.49835205078125,124.8306884765625,10.014200210571289
52.0,16.875,20.9158878326416,21.257686614990234,32.464874267578125,124.5851058959961,10.014200210571289
53.0,16.875,20.761789321899414,20.962759017944336,32.43791580200195,124.33159637451172,10.014200210571289
54.0,16.875,20.655319213867188,20.706125259399414,32.41929244995117,124.06371307373047,10.014200210571289
55.0,16.875,20.555755615234375,20.45168685913086,32.40187454223633,123.7986831665039,10.014200210571289
56.0,16.875,20.470531463623047,20.205738067626953,32.386966705322266,123.53258514404297,10.014200210571289
57.0,16.875,20.442520141601562,20.004283905029297,32.38206481933594,123.24320220947266,10.014200210571289
58.0,16.875,20.404361724853516,19.789573669433594,32.37539291381836,122.96305847167969,10.014200210571289
59.0,16.875,20.35814094543457,19.563688278198242,32.367305755615234,122.69156646728516,10.014200210571289
60.0,16.875,20.321794509887695,19.341609954833984,32.36094665527344,122.41930389404297,10.014200210571289
61.0,16.875,20.31522560119629,19.139225006103516,32.359798431396484,122.13471984863281,10.014200210571289
62.0,16.875,20.334619522094727,18.952686309814453,32.363189697265625,121.83882904052734,10.014200210571289
63.0,16.875,20.557086944580078,18.920793533325195,32.40210723876953,121.42603302001953,10.014200210571289
64.0,16.875,20.636581420898438,18.768238067626953,32.416015625,121.09721374511719,10.014200210571289
65.0,16.875,20.680145263671875,18.581573486328125,32.42363357543945,120.79222869873047,10.014200210571289
66.0,16.875,20.762245178222656,18.41826629638672,32.43799591064453,120.46565246582031,10.014200210571289
67.0,16.875,20.87446403503418,18.27079963684082,32.45762634277344,120.12150573730469,10.014200210571289
68.0,16.875,21.05364227294922,18.165178298950195,32.48897171020508,119.73454284667969,10.014200210571289
69.0,16.875,21.281566619873047,18.085922241210938,32.52884292602539,119.31455993652344,10.014200210571289
70.0,16.875,21.545127868652344,18.02196502685547,32.574947357177734,118.86886596679688,10.014200210571289
71.0,16.875,21.764205932617188,17.916025161743164,32.61327362060547,118.45201110839844,10.014200210571289
72.0,16.875,22.018699645996094,17.824430465698242,32.65779113769531,118.0093994140625,10.014200210571289
73.0,16.875,22.354860305786133,17.77695083618164,32.71659851074219,117.50677490234375,10.014200210571289
74.0,16.875,22.691068649291992,17.716482162475586,32.77540969848633,117.0010986328125,10.014200210571289
75.0,16.875,22.998188018798828,17.62403678894043,32.82913589477539,116.5142822265625,10.014200210571289
76.0,16.875,23.386417388916016,17.57058334350586,32.89704895019531,115.96466827392578,10.014200210571289
77.0,16.875,23.87887954711914,17.56719970703125,32.98319625854492,115.33222198486328,10.014200210571289
78.0,16.875,24.400672912597656,17.56400489807129,33.0744743347168,114.67193603515625,10.014200210571289
79.0,16.875,24.979040145874023,17.575820922851562,33.17565155029297,113.96192932128906,10.014200210571289
80.0,16.875,25.577957153320312,17.57920265197754,33.28042221069336,113.22955322265625,10.014200210571289
81.0,16.875,26.168502807617188,17.556686401367188,33.38372802734375,112.49797058105469,10.014200210571289
82.0,16.875,27.113574981689453,17.70897102355957,33.549049377441406,111.47222137451172,10.014200210571289
83.0,16.875,27.867876052856445,17.727123260498047,33.68100357055664,110.59225463867188,10.014200210571289
84.0,16.875,28.75668716430664,17.789457321166992,33.83648681640625,109.59297180175781,10.014200210571289
85.0,16.875,29.99977684020996,18.00173568725586,34.05393981933594,108.28619384765625,10.014200210571289
86.0,16.875,31.28256607055664,18.192419052124023,34.278343200683594,106.93122100830078,10.014200210571289
87.0,16.875,32.81089782714844,18.4580078125,34.54570007324219,105.35107421875,10.014200210571289
88.0,16.875,34.62046813964844,18.803525924682617,34.86225128173828,103.50977325439453,10.014200210571289
89.0,16.875,36.92759323120117,19.312803268432617,35.26584243774414,101.21236419677734,10.014200210571289
90.0,16.875,40.21099853515625,20.169979095458984,35.84021759033203,98.02574157714844,10.014200210571289
91.0,16.875,46.11370849609375,22.016250610351562,36.87279510498047,92.46565246582031,10.014200210571289
92.0,16.875,49.523895263671875,22.669273376464844,37.46934509277344,89.07133483886719,10.014200210571289
39.0,11.25,29.346277236938477,30.540159225463867,35.16272735595703,126.6982192993164,10.014200210571289
40.0,11.25,27.599462509155273,28.767831802368164,34.78434753417969,126.6515121459961,10.014200210571289
41.0,11.25,26.332216262817383,27.453182220458984,34.50984573364258,126.53640747070312,10.014200210571289
42.0,11.25,25.3339786529541,26.394128799438477,34.293617248535156,126.38876342773438,10.014200210571289
43.0,11.25,24.54848861694336,25.53541374206543,34.12347412109375,126.21212005615234,10.014200210571289
44.0,11.25,24.07769775390625,24.968677520751953,34.02149200439453,125.96382141113281,10.014200210571289
45.0,11.25,23.644550323486328,24.43491554260254,33.927669525146484,125.72052764892578,10.014200210571289
46.0,11.25,23.207569122314453,23.896060943603516,33.83301544189453,125.49483489990234,10.014200210571289
47.0,11.25,22.842021942138672,23.420780181884766,33.75383377075195,125.25953674316406,10.014200210571289
48.0,11.25,22.57130241394043,23.029138565063477,33.695194244384766,125.00235748291016,10.014200210571289
49.0,11.25,22.231740951538086,22.573436737060547,33.621639251708984,124.78347778320312,10.014200210571289
50.0,11.25,21.939844131469727,22.158588409423828,33.55841064453125,124.55828094482422,10.014200210571289
51.0,11.25,21.795955657958984,21.87201499938965,33.527244567871094,124.28180694580078,10.014200210571289
52.0,11.25,21.644927978515625,21.575532913208008,33.494529724121094,124.01571655273438,10.014200210571289
53.0,11.25,21.484909057617188,21.267879486083984,33.459869384765625,123.76123809814453,10.014200210571289
54.0,11.25,21.373779296875,20.998920440673828,33.435794830322266,123.49151611328125,10.014200210571289
55.0,11.25,21.303726196289062,20.760995864868164,33.42061996459961,123.20820617675781,10.014200210571289
56.0,11.25,21.225223541259766,20.51169204711914,33.40361785888672,122.93435668945312,10.014200210571289
57.0,11.25,21.159225463867188,20.268707275390625,33.389320373535156,122.65959930419922,10.014200210571289
58.0,11.25,21.118473052978516,20.042261123657227,33.3804931640625,122.3766860961914,10.014200210571289
59.0,11.25,21.143007278442383,19.864221572875977,33.385807037353516,122.06283569335938,10.014200210571289
60.0,11.25,21.191627502441406,19.699785232543945,33.396339416503906,121.73834991455078,10.014200210571289
61.0,11.25,21.233867645263672,19.52418327331543,33.40549087524414,121.41975402832031,10.014200210571289
62.0,11.25,21.288555145263672,19.352344512939453,33.417335510253906,121.09640502929688,10.014200210571289
63.0,11.25,21.371562957763672,19.19614028930664,33.4353141784668,120.75838470458984,10.014200210571289
64.0,11.25,21.505455017089844,19.07187271118164,33.464317321777344,120.390869140625,10.014200210571289
65.0,11.25,21.623905181884766,18.928184509277344,33.48997497558594,120.0334701538086,10.014200210571289
66.0,11.25,21.692989349365234,18.740528106689453,33.504940032958984,119.70863342285156,10.014200210571289
67.0,11.25,21.864429473876953,18.620864868164062,33.542076110839844,119.31954193115234,10.014200210571289
68.0,11.25,22.11028289794922,18.54570198059082,33.59532928466797,118.88101196289062,10.014200210571289
69.0,11.25,22.360584259033203,18.463151931762695,33.6495475769043,118.43781280517578,10.014200210571289
70.0,11.25,22.62289810180664,18.37820816040039,33.70636749267578,117.98479461669922,10.014200210571289
71.0,11.25,22.92112922668457,18.306604385375977,33.77096939086914,117.50502014160156,10.014200210571289
72.0,11.25,23.279640197753906,18.26318359375,33.84862518310547,116.98011016845703,10.014200210571289
73.0,11.25,23.65453338623047,18.216854095458984,33.929832458496094,116.44004821777344,10.014200210571289
74.0,11.25,23.984676361083984,18.127593994140625,34.0013427734375,115.92953491210938,10.014200210571289
75.0,11.25,24.46989631652832,18.122743606567383,34.106449127197266,115.30123901367188,10.014200210571289
76.0,11.25,24.92217254638672,18.08025550842285,34.20441436767578,114.69279479980469,10.014200210571289
77.0,11.25,25.547645568847656,18.125545501708984,34.339900970458984,113.94737243652344,10.014200210571289
78.0,11.25,26.102336883544922,18.107664108276367,34.460052490234375,113.24986267089844,10.014200210571289
79.0,11.25,26.642620086669922,18.061731338500977,34.577083587646484,112.55848693847656,10.014200210571289
80.0,11.25,27.522390365600586,18.18697166442871,34.76765060424805,111.59159851074219,10.014200210571289
81.0,11.25,28.303192138671875,18.228771209716797,34.93678283691406,110.69412994384766,10.014200210571289
82.0,11.25,29.268640518188477,18.34234046936035,35.14590835571289,109.63774108886719,10.014200210571289
83.0,11.25,30.347454071044922,18.482460021972656,35.37958908081055,108.47693634033203,10.014200210571289
84.0,11.25,31.570253372192383,18.65932273864746,35.64446258544922,107.18389892578125,10.014200210571289
85.0,11.25,33.170562744140625,18.98065185546875,35.99110794067383,105.55860137939453,10.014200210571289
86.0,11.25,34.91327667236328,19.317537307739258,36.36859893798828,103.79302215576172,10.014200210571289
87.0,11.25,37.18368911743164,19.840373992919922,36.86039352416992,101.55327606201172,10.014200210571289
88.0,11.25,40.26605987548828,20.651222229003906,37.52806854248047,98.58133697509766,10.014200210571289
89.0,11.25,45.66535186767578,22.35926055908203,38.69761657714844,93.5414047241211,10.014200210571289
39.0,5.625,29.65108871459961,30.3956241607666,36.40270233154297,126.09162902832031,10.014200210571289
40.0,5.625,28.116899490356445,28.83626365661621,36.009639739990234,126.02156829833984,10.014200210571289
41.0,5.625,27.010700225830078,27.678693771362305,35.726226806640625,125.88175201416016,10.014200210571289
42.0,5.625,26.14654541015625,26.74688148498535,35.50482940673828,125.70720672607422,10.014200210571289
43.0,5.625,25.382652282714844,25.908384323120117,35.30911636352539,125.53102111816406,10.014200210571289
44.0,5.625,24.75676155090332,25.196523666381836,35.14876174926758,125.33574676513672,10.014200210571289
45.0,5.625,24.366147994995117,24.697233200073242,35.048683166503906,125.08087158203125,10.014200210571289
46.0,5.625,23.876480102539062,24.107295989990234,34.92323303222656,124.8769302368164,10.014200210571289
47.0,5.625,23.512142181396484,23.62848663330078,34.82988739013672,124.64337158203125,10.014200210571289
48.0,5.625,23.226770401000977,23.217802047729492,34.75677490234375,124.39264678955078,10.014200210571289
49.0,5.625,22.968727111816406,22.82872772216797,34.6906623840332,124.14229583740234,10.014200210571289
50.0,5.625,22.776039123535156,22.49395179748535,34.64129638671875,123.87488555908203,10.014200210571289
51.0,5.625,22.57729721069336,22.150802612304688,34.59037399291992,123.61892700195312,10.014200210571289
52.0,5.625,22.429443359375,21.84818458557129,34.552494049072266,123.34879302978516,10.014200210571289
53.0,5.625,22.333518981933594,21.585939407348633,34.52791976928711,123.0617446899414,10.014200210571289
54.0,5.625,22.217819213867188,21.302993774414062,34.49827575683594,122.79031372070312,10.014200210571289
55.0,5.625,22.108646392822266,21.021745681762695,34.470306396484375,122.52227783203125,10.014200210571289
56.0,5.625,22.05553436279297,20.782726287841797,34.45669937133789,122.2319564819336,10.014200210571289
57.0,5.625,22.02325439453125,20.556028366088867,34.448429107666016,121.93560028076172,10.014200210571289
58.0,5.625,22.020971298217773,20.348491668701172,34.447845458984375,121.62743377685547,10.014200210571289
59.0,5.625,22.032514572143555,20.14656639099121,34.450801849365234,121.31527709960938,10.014200210571289
60.0,5.625,22.04605484008789,19.940671920776367,34.45426940917969,121.00540161132812,10.014200210571289
61.0,5.625,22.096254348754883,19.757516860961914,34.467132568359375,120.67759704589844,10.014200210571289
62.0,5.625,22.21782875061035,19.62242889404297,34.4982795715332,120.30977630615234,10.014200210571289
63.0,5.625,22.35612678527832,19.492216110229492,34.53371047973633,119.93257904052734,10.014200210571289
64.0,5.625,22.527606964111328,19.37847328186035,34.57764434814453,119.53524017333984,10.014200210571289
65.0,5.625,22.6837158203125,19.244728088378906,34.61764144897461,119.14751434326172,10.014200210571289
66.0,5.625,22.89011001586914,19.138553619384766,34.6705207824707,118.72762298583984,10.014200210571289
67.0,5.625,23.08272361755371,19.012985229492188,34.71986770629883,118.31619262695312,10.014200210571289
68.0,5.625,23.344890594482422,18.9262752532959,34.78703308105469,117.85785675048828,10.014200210571289
69.0,5.625,23.625974655151367,18.84138298034668,34.85905075073242,117.38500213623047,10.014200210571289
70.0,5.625,23.977933883666992,18.792343139648438,34.949222564697266,116.86100006103516,10.014200210571289
71.0,5.625,24.35352325439453,18.745399475097656,35.04545211791992,116.31712341308594,10.014200210571289
72.0,5.625,24.729930877685547,18.684816360473633,35.141883850097656,115.769287109375,10.014200210571289
73.0,5.625,25.137062072753906,18.629352569580078,35.246192932128906,115.19593811035156,10.014200210571289
74.0,5.625,25.672988891601562,18.63849449157715,35.38350296020508,114.52366638183594,10.014200210571289
75.0,5.625,26.20680046081543,18.62762451171875,35.520267486572266,113.84718322753906,10.014200210571289
76.0,5.625,26.759626388549805,18.60917854309082,35.661903381347656,113.1509017944336,10.014200210571289
77.0,5.625,27.500778198242188,18.680423736572266,35.85178756713867,112.30377197265625,10.014200210571289
78.0,5.625,28.209312438964844,18.708335876464844,36.03331756591797,111.47366333007812,10.014200210571289
79.0,5.625,29.129539489746094,18.829030990600586,36.269081115722656,110.4684066772461,10.014200210571289
80.0,5.625,30.013254165649414,18.899675369262695,36.49549102783203,109.48172760009766,10.014200210571289
81.0,5.625,31.139522552490234,19.06793212890625,36.7840461730957,108.28887176513672,10.014200210571289
82.0,5.625,32.32197570800781,19.22797393798828,37.08699035644531,107.0369644165039,10.014200210571289
83.0,5.625,33.850791931152344,19.520965576171875,37.478675842285156,105.48473358154297,10.014200210571289
84.0,5.625,35.72593307495117,19.931358337402344,37.95909881591797,103.62432098388672,10.014200210571289
85.0,5.625,37.951377868652344,20.445213317871094,38.52926254272461,101.44502258300781,10.014200210571289
86.0,5.625,40.912418365478516,21.220443725585938,39.28789138793945,98.61073303222656,10.014200210571289
87.0,5.625,46.72053146362305,23.146093368530273,40.77594757080078,93.28572082519531,10.014200210571289
38.0,0.0,33.17115020751953,33.27033996582031,38.53602600097656,125.0400619506836,10.014200210571289
39.0,0.0,29.93806266784668,30.154783248901367,37.587669372558594,125.39116668701172,10.014200210571289
40.0,0.0,28.52883529663086,28.72373390197754,37.1743049621582,125.32102966308594,10.014200210571289
41.0,0.0,27.509119033813477,27.651912689208984,36.87519454956055,125.1794662475586,10.014200210571289
42.0,0.0,26.472585678100586,26.56820297241211,36.57115173339844,125.07809448242188,10.014200210571289
43.0,0.0,25.908023834228516,25.91120147705078,36.405548095703125,124.85316467285156,10.014200210571289
44.0,0.0,25.225452423095703,25.148862838745117,36.20532989501953,124.69004821777344,10.014200210571289
45.0,0.0,24.93300437927246,24.732406616210938,36.11954879760742,124.4074935913086,10.014200210571289
46.0,0.0,24.427932739257812,24.12672996520996,35.971397399902344,124.2181167602539,10.014200210571289
47.0,0.0,24.1578426361084,23.72553825378418,35.89216995239258,123.95352172851562,10.014200210571289
48.0,0.0,23.926692962646484,23.35527229309082,35.82436752319336,123.68396759033203,10.014200210571289
49.0,0.0,23.638391494750977,22.933204650878906,35.73979949951172,123.4488525390625,10.014200210571289
50.0,0.0,23.478464126586914,22.61804962158203,35.69289016723633,123.1685562133789,10.014200210571289
51.0,0.0,23.326549530029297,22.306032180786133,35.64833068847656,122.89249420166016,10.014200210571289
52.0,0.0,23.158796310424805,21.97731590270996,35.599124908447266,122.6316146850586,10.014200210571289
53.0,0.0,23.027986526489258,21.67589569091797,35.560752868652344,122.36095428466797,10.014200210571289
54.0,0.0,23.01766586303711,21.469039916992188,35.55772399902344,122.037109375,10.014200210571289
55.0,0.0,22.98697280883789,21.24024772644043,35.54872131347656,121.72756958007812,10.014200210571289
56.0,0.0,22.929567337036133,20.98509407043457,35.531883239746094,121.4366226196289,10.014200210571289
57.0,0.0,22.883625030517578,20.734458923339844,35.518409729003906,121.14474487304688,10.014200210571289
58.0,0.0,22.86031723022461,20.496807098388672,35.51156997680664,120.84532165527344,10.014200210571289
59.0,0.0,22.905717849731445,20.306928634643555,35.52488708496094,120.51123809814453,10.014200210571289
60.0,0.0,23.02788734436035,20.168941497802734,35.560726165771484,120.13513946533203,10.014200210571289
61.0,0.0,23.142210006713867,20.017292022705078,35.59425735473633,119.76458740234375,10.014200210571289
62.0,0.0,23.305057525634766,19.893741607666016,35.642024993896484,119.36568450927734,10.014200210571289
63.0,0.0,23.539941787719727,19.813785552978516,35.7109260559082,118.92210388183594,10.014200210571289
64.0,0.0,23.697986602783203,19.668588638305664,35.75728225708008,118.52580261230469,10.014200210571289
65.0,0.0,23.941171646118164,19.57465171813965,35.828617095947266,118.0750503540039,10.014200210571289
66.0,0.0,24.184268951416016,19.470029830932617,35.899925231933594,117.62310028076172,10.014200210571289
67.0,0.0,24.507017135620117,19.408931732177734,35.99459457397461,117.11666870117188,10.014200210571289
68.0,0.0,24.817291259765625,19.326845169067383,36.08560562133789,116.61609649658203,10.014200210571289
69.0,0.0,25.121849060058594,19.22855567932129,36.17494201660156,116.11741638183594,10.014200210571289
70.0,0.0,25.56497573852539,19.207181930541992,36.30492401123047,115.51924133300781,10.014200210571289
71.0,0.0,25.96094512939453,19.140052795410156,36.42107009887695,114.95040893554688,10.014200210571289
72.0,0.0,26.485637664794922,19.13777732849121,36.57497787475586,114.28480529785156,10.014200210571289
73.0,0.0,27.000160217285156,19.11099624633789,36.72589874267578,113.62123107910156,10.014200210571289
74.0,0.0,27.704374313354492,19.178611755371094,36.93246841430664,112.81072235107422,10.014200210571289
75.0,0.0,28.350364685058594,19.188987731933594,37.12195587158203,112.0361557006836,10.014200210571289
76.0,0.0,29.096691131591797,19.234149932861328,37.34087371826172,111.17784881591797,10.014200210571289
77.0,0.0,29.946067810058594,19.311309814453125,37.59001922607422,110.23127746582031,10.014200210571289
78.0,0.0,30.973403930664062,19.456443786621094,37.89136505126953,109.13502502441406,10.014200210571289
79.0,0.0,32.119537353515625,19.630722045898438,38.227561950683594,107.93203735351562,10.014200210571289
80.0,0.0,33.382713317871094,19.827877044677734,38.59808349609375,106.62132263183594,10.014200210571289
81.0,0.0,34.856414794921875,20.089101791381836,39.030357360839844,105.12444305419922,10.014200210571289
82.0,0.0,36.82292556762695,20.541492462158203,39.60719299316406,103.20426177978516,10.014200210571289
83.0,0.0,39.38520050048828,21.21148109436035,40.35877990722656,100.76392364501953,10.014200210571289
84.0,0.0,42.845245361328125,22.20960235595703,41.37370681762695,97.53663635253906,10.014200210571289
38.0,-5.625,31.905054092407227,31.505294799804688,39.25898742675781,124.59854888916016,10.014200210571289
39.0,-5.625,29.84690284729004,29.498268127441406,38.584678649902344,124.7084732055664,10.014200210571289
40.0,-5.625,28.574771881103516,28.20528221130371,38.16789245605469,124.63999938964844,10.014200210571289
41.0,-5.625,27.638099670410156,27.21564483642578,37.86101150512695,124.50382995605469,10.014200210571289
42.0,-5.625,27.082622528076172,26.56480598449707,37.67902374267578,124.26852416992188,10.014200210571289
43.0,-5.625,26.202838897705078,25.6298885345459,37.39078140258789,124.16941833496094,10.014200210571289
44.0,-5.625,25.850845336914062,25.156963348388672,37.27545928955078,123.90270233154297,10.014200210571289
45.0,-5.625,25.51788330078125,24.698192596435547,37.1663703918457,123.64219665527344,10.014200210571289
46.0,-5.625,25.064006805419922,24.133975982666016,37.017669677734375,123.44356536865234,10.014200210571289
47.0,-5.625,24.821237564086914,23.748428344726562,36.93812942504883,123.17314147949219,10.014200210571289
48.0,-5.625,24.609519958496094,23.38609504699707,36.86876678466797,122.89960479736328,10.014200210571289
49.0,-5.625,24.3638973236084,22.992469787597656,36.788291931152344,122.65071105957031,10.014200210571289
50.0,-5.625,24.18069839477539,22.647945404052734,36.728271484375,122.38340759277344,10.014200210571289
51.0,-5.625,24.07303237915039,22.36191177368164,36.692996978759766,122.08876037597656,10.014200210571289
52.0,-5.625,23.982662200927734,22.08565330505371,36.66339111328125,121.79218292236328,10.014200210571289
53.0,-5.625,23.901559829711914,21.812448501586914,36.636817932128906,121.49705505371094,10.014200210571289
54.0,-5.625,23.855382919311523,21.562437057495117,36.62168884277344,121.18975067138672,10.014200210571289
55.0,-5.625,23.853679656982422,21.342233657836914,36.621131896972656,120.86380767822266,10.014200210571289
56.0,-5.625,23.852027893066406,21.116430282592773,36.62059020996094,120.541748046875,10.014200210571289
57.0,-5.625,23.876270294189453,20.904769897460938,36.62853240966797,120.20921325683594,10.014200210571289
58.0,-5.625,23.995676040649414,20.758617401123047,36.66765594482422,119.82561492919922,10.014200210571289
59.0,-5.625,24.159433364868164,20.63745880126953,36.72130584716797,119.41708374023438,10.014200210571289
60.0,-5.625,24.27377700805664,20.47138214111328,36.758766174316406,119.0382080078125,10.014200210571289
61.0,-5.625,24.434099197387695,20.33063316345215,36.81129455566406,118.63273620605469,10.014200210571289
62.0,-5.625,24.605300903320312,20.188817977905273,36.86738204956055,118.22099304199219,10.014200210571289
63.0,-5.625,24.80538558959961,20.058147430419922,36.93293762207031,117.79132080078125,10.014200210571289
64.0,-5.625,25.18854522705078,20.043611526489258,37.0584716796875,117.242919921875,10.014200210571289
65.0,-5.625,25.444307327270508,19.92901039123535,37.14226531982422,116.77438354492188,10.014200210571289
66.0,-5.625,25.774383544921875,19.8526554107666,37.25040817260742,116.25501251220703,10.014200210571289
67.0,-5.625,26.138404846191406,19.785497665405273,37.36967086791992,115.71006774902344,10.014200210571289
68.0,-5.625,26.45343780517578,19.673078536987305,37.47288513183594,115.1962890625,10.014200210571289
69.0,-5.625,26.989469528198242,19.68674087524414,37.648502349853516,114.52513885498047,10.014200210571289
70.0,-5.625,27.452930450439453,19.637332916259766,37.80034637451172,113.9000244140625,10.014200210571289
71.0,-5.625,28.061201095581055,19.65856170654297,37.999629974365234,113.1656494140625,10.014200210571289
72.0,-5.625,28.685434341430664,19.668630599975586,38.20414733886719,112.41291809082031,10.014200210571289
73.0,-5.625,29.414451599121094,19.718000411987305,38.4429931640625,111.5754165649414,10.014200210571289
74.0,-5.625,30.123506546020508,19.73189926147461,38.67530059814453,110.74503326416016,10.014200210571289
75.0,-5.625,31.176776885986328,19.911605834960938,39.020381927490234,109.64350128173828,10.014200210571289
76.0,-5.625,32.11408233642578,19.99551010131836,39.32746887207031,108.61907958984375,10.014200210571289
77.0,-5.625,33.397804260253906,20.23029327392578,39.748050689697266,107.31233978271484,10.014200210571289
78.0,-5.625,34.80732727050781,20.488731384277344,40.2098503112793,105.89009094238281,10.014200210571289
79.0,-5.625,36.42082595825195,20.803878784179688,40.73847961425781,104.28717803955078,10.014200210571289
80.0,-5.625,38.538822174072266,21.31153106689453,41.43239212036133,102.2553482055664,10.014200210571289
81.0,-5.625,41.427982330322266,22.114368438720703,42.378963470458984,99.56446838378906,10.014200210571289
82.0,-5.625,46.08281326293945,23.629430770874023,43.90401077270508,95.37335968017578,10.014200210571289
37.0,-11.25,33.01774597167969,31.996362686157227,40.65186309814453,123.91780090332031,10.014200210571289
38.0,-11.25,30.714418411254883,29.793663024902344,39.82549285888672,124.1170654296875,10.014200210571289
39.0,-11.25,29.536605834960938,28.593141555786133,39.402923583984375,124.02654266357422,10.014200210571289
40.0,-11.25,28.593957901000977,27.602611541748047,39.064727783203125,123.8953857421875,10.014200210571289
41.0,-11.25,27.842222213745117,26.780563354492188,38.79502487182617,123.72832489013672,10.014200210571289
42.0,-11.25,27.28080177307129,26.12369728088379,38.593605041503906,123.516845703125,10.014200210571289
43.0,-11.25,26.668270111083984,25.423410415649414,38.373844146728516,123.34480285644531,10.014200210571289
44.0,-11.25,26.266780853271484,24.9025936126709,38.229801177978516,123.11006927490234,10.014200210571289
45.0,-11.25,25.909801483154297,24.41786003112793,38.10172653198242,122.87197875976562,10.014200210571289
46.0,-11.25,25.580060958862305,23.954265594482422,37.98342514038086,122.63594055175781,10.014200210571289
47.0,-11.25,25.381269454956055,23.596803665161133,37.91210174560547,122.35493469238281,10.014200210571289
48.0,-11.25,25.239248275756836,23.28227996826172,37.861148834228516,122.05715942382812,10.014200210571289
49.0,-11.25,25.137819290161133,22.99649429321289,37.82476043701172,121.74784851074219,10.014200210571289
50.0,-11.25,25.065364837646484,22.729318618774414,37.79876708984375,121.43096160888672,10.014200210571289
51.0,-11.25,24.93587303161621,22.41224479675293,37.7523078918457,121.148193359375,10.014200210571289
52.0,-11.25,24.82942771911621,22.10941505432129,37.71411895751953,120.8609848022461,10.014200210571289
53.0,-11.25,24.80160903930664,21.863256454467773,37.704139709472656,120.53925323486328,10.014200210571289
54.0,-11.25,24.826213836669922,21.651737213134766,37.71296310424805,120.19398498535156,10.014200210571289
55.0,-11.25,24.901752471923828,21.472339630126953,37.74006652832031,119.82404327392578,10.014200210571289
56.0,-11.25,24.965665817260742,21.277130126953125,37.762996673583984,119.46286010742188,10.014200210571289
57.0,-11.25,25.028539657592773,21.074251174926758,37.785552978515625,119.10491943359375,10.014200210571289
58.0,-11.25,25.167097091674805,20.919227600097656,37.83526611328125,118.70508575439453,10.014200210571289
59.0,-11.25,25.403776168823242,20.825716018676758,37.92018127441406,118.24710845947266,10.014200210571289
60.0,-11.25,25.624988555908203,20.710851669311523,37.999542236328125,117.79742431640625,10.014200210571289
61.0,-11.25,25.823272705078125,20.569913864135742,38.070682525634766,117.36151885986328,10.014200210571289
62.0,-11.25,26.07729721069336,20.457096099853516,38.16181945800781,116.89012145996094,10.014200210571289
63.0,-11.25,26.3995361328125,20.378829956054688,38.27743148803711,116.37335205078125,10.014200210571289
64.0,-11.25,26.715511322021484,20.283737182617188,38.39079284667969,115.85844421386719,10.014200210571289
65.0,-11.25,27.15860366821289,20.258045196533203,38.54976272583008,115.2559814453125,10.014200210571289
66.0,-11.25,27.630104064941406,20.23458480834961,38.71892166137695,114.629638671875,10.014200210571289
67.0,-11.25,28.00528907775879,20.134641647338867,38.85353088378906,114.06570434570312,10.014200210571289
68.0,-11.25,28.606868743896484,20.15823745727539,39.069358825683594,113.33949279785156,10.014200210571289
69.0,-11.25,29.190135955810547,20.150739669799805,39.27861785888672,112.61978912353516,10.014200210571289
70.0,-11.25,29.831283569335938,20.157150268554688,39.508644104003906,111.85218048095703,10.014200210571289
71.0,-11.25,30.634788513183594,20.234750747680664,39.79692077636719,110.95829010009766,10.014200210571289
72.0,-11.25,31.59467315673828,20.373666763305664,40.14130401611328,109.93830871582031,10.014200210571289
73.0,-11.25,32.522483825683594,20.46466064453125,40.47417449951172,108.93110656738281,10.014200210571289
74.0,-11.25,33.70633316040039,20.661964416503906,40.89890670776367,107.71739196777344,10.014200210571289
75.0,-11.25,35.050262451171875,20.905132293701172,41.381072998046875,106.36532592773438,10.014200210571289
76.0,-11.25,36.531288146972656,21.17559242248535,41.91242218017578,104.88958740234375,10.014200210571289
77.0,-11.25,38.405818939208984,21.59317970275879,42.58495330810547,103.08416748046875,10.014200210571289
78.0,-11.25,41.01789474487305,22.305133819580078,43.5220947265625,100.66426849365234,10.014200210571289
79.0,-11.25,44.97969436645508,23.563255310058594,44.943477630615234,97.11711120605469,10.014200210571289
36.0,-16.875,33.197792053222656,31.60640525817871,41.635684967041016,123.3969955444336,10.014200210571289
37.0,-16.875,31.26461410522461,29.753353118896484,40.888587951660156,123.51597595214844,10.014200210571289
38.0,-16.875,30.02602767944336,28.510223388671875,40.40991973876953,123.46260833740234,10.014200210571289
39.0,-16.875,29.09514045715332,27.53616714477539,40.050167083740234,123.34130859375,10.014200210571289
40.0,-16.875,28.62334442138672,26.954580307006836,39.867835998535156,123.08267974853516,10.014200210571289
41.0,-16.875,27.914934158325195,26.172897338867188,39.59406280517578,122.93132781982422,10.014200210571289
42.0,-16.875,27.507301330566406,25.64409065246582,39.436527252197266,122.68499755859375,10.014200210571289
43.0,-16.875,27.08384132385254,25.10085678100586,39.27287673950195,122.46033477783203,10.014200210571289
44.0,-16.875,26.67948341369629,24.572509765625,39.116607666015625,122.24314880371094,10.014200210571289
45.0,-16.875,26.324378967285156,24.083457946777344,38.979373931884766,122.01937103271484,10.014200210571289
46.0,-16.875,26.195117950439453,23.77481460571289,38.929420471191406,121.70691680908203,10.014200210571289
47.0,-16.875,26.150190353393555,23.528886795043945,38.91205596923828,121.36234283447266,10.014200210571289
48.0,-16.875,26.05394744873047,23.236957550048828,38.87486267089844,121.0473861694336,10.014200210571289
49.0,-16.875,25.953678131103516,22.937259674072266,38.83611297607422,120.74088287353516,10.014200210571289
50.0,-16.875,25.868072509765625,22.64442253112793,38.80302810668945,120.43356323242188,10.014200210571289
51.0,-16.875,25.79629898071289,22.357568740844727,38.775291442871094,120.1253433227539,10.014200210571289
52.0,-16.875,25.77315330505371,22.102590560913086,38.7663459777832,119.79713439941406,10.014200210571289
53.0,-16.875,25.79320526123047,21.874216079711914,38.77409744262695,119.4500961303711,10.014200210571289
54.0,-16.875,25.91891098022461,21.717037200927734,38.82267761230469,119.04764556884766,10.014200210571289
55.0,-16.875,26.089754104614258,21.58424186706543,38.888702392578125,118.62055206298828,10.014200210571289
56.0,-16.875,26.2602596282959,21.44204330444336,38.954593658447266,118.19389343261719,10.014200210571289
57.0,-16.875,26.358243942260742,21.23972511291504,38.992462158203125,117.81102752685547,10.014200210571289
58.0,-16.875,26.54473304748535,21.090953826904297,39.06453323364258,117.37657928466797,10.014200210571289
59.0,-16.875,26.79248046875,20.97433853149414,39.1602783203125,116.90445709228516,10.014200210571289
60.0,-16.875,27.08840560913086,20.879074096679688,39.27463912963867,116.40099334716797,10.014200210571289
61.0,-16.875,27.400524139404297,20.782405853271484,39.395263671875,115.88539123535156,10.014200210571289
62.0,-16.875,27.919265747070312,20.80702018737793,39.59573745727539,115.23230743408203,10.014200210571289
63.0,-16.875,28.250125885009766,20.694730758666992,39.723602294921875,114.69856262207031,10.014200210571289
64.0,-16.875,28.67593002319336,20.6285343170166,39.888160705566406,114.09877014160156,10.014200210571289
65.0,-16.875,29.29876708984375,20.66744041442871,40.12886047363281,113.35972595214844,10.014200210571289
66.0,-16.875,29.795696258544922,20.610322952270508,40.32090759277344,112.70170593261719,10.014200210571289
67.0,-16.875,30.345470428466797,20.566673278808594,40.53337097167969,112.00206756591797,10.014200210571289
68.0,-16.875,31.336284637451172,20.757740020751953,40.916282653808594,110.97982788085938,10.014200210571289
69.0,-16.875,32.13310241699219,20.80921745300293,41.22422790527344,110.08631896972656,10.014200210571289
70.0,-16.875,33.125648498535156,20.94249153137207,41.60780715942383,109.03939056396484,10.014200210571289
71.0,-16.875,34.17992401123047,21.077707290649414,42.01524353027344,107.9345932006836,10.014200210571289
72.0,-16.875,35.476722717285156,21.3067626953125,42.51640701293945,106.63372039794922,10.014200210571289
73.0,-16.875,36.96916961669922,21.59564971923828,43.093177795410156,105.16705322265625,10.014200210571289
74.0,-16.875,38.79452896118164,22.004207611083984,43.798614501953125,103.42378234863281,10.014200210571289
75.0,-16.875,41.10724639892578,22.59292221069336,44.69239044189453,101.27518463134766,10.014200210571289
76.0,-16.875,44.537559509277344,23.636892318725586,46.0180778503418,98.21019744873047,10.014200210571289
34.0,-22.5,35.7154426574707,33.37765884399414,43.46467590332031,122.55758666992188,10.014200210571289
35.0,-22.5,32.915340423583984,30.793193817138672,42.315433502197266,122.92924499511719,10.014200210571289
36.0,-22.5,31.545427322387695,29.443044662475586,41.75318145751953,122.90406799316406,10.014200210571289
37.0,-22.5,30.398256301879883,28.28822135925293,41.2823486328125,122.84406280517578,10.014200210571289
38.0,-22.5,29.5068416595459,27.35320281982422,40.91648864746094,122.72705078125,10.014200210571289
39.0,-22.5,28.93755531311035,26.68885612487793,40.68283462524414,122.51628875732422,10.014200210571289
40.0,-22.5,28.371456146240234,26.02741813659668,40.45048904418945,122.32408905029297,10.014200210571289
41.0,-22.5,28.035036087036133,25.553726196289062,40.31241226196289,122.0572509765625,10.014200210571289
42.0,-22.5,27.774394989013672,25.139053344726562,40.20543670654297,121.77129364013672,10.014200210571289
43.0,-22.5,27.41292953491211,24.640819549560547,40.05708312988281,121.54051208496094,10.014200210571289
44.0,-22.5,27.237367630004883,24.288612365722656,39.985023498535156,121.23933410644531,10.014200210571289
45.0,-22.5,27.067138671875,23.93678855895996,39.915157318115234,120.94427490234375,10.014200210571289
46.0,-22.5,26.92234992980957,23.60099983215332,39.85573196411133,120.6455078125,10.014200210571289
47.0,-22.5,26.789203643798828,23.270212173461914,39.80108642578125,120.34886169433594,10.014200210571289
48.0,-22.5,26.712749481201172,22.978435516357422,39.76970672607422,120.03106689453125,10.014200210571289
49.0,-22.5,26.69183349609375,22.723453521728516,39.76112365722656,119.6905517578125,10.014200210571289
50.0,-22.5,26.682701110839844,22.47147560119629,39.75737380981445,119.34852600097656,10.014200210571289
51.0,-22.5,26.71563720703125,22.244396209716797,39.77089309692383,118.98812103271484,10.014200210571289
52.0,-22.5,26.886808395385742,22.110397338867188,39.84114456176758,118.55412292480469,10.014200210571289
53.0,-22.5,26.993328094482422,21.921186447143555,39.884864807128906,118.15729522705078,10.014200210571289
54.0,-22.5,27.046344757080078,21.686500549316406,39.90662384033203,117.79373168945312,10.014200210571289
55.0,-22.5,27.413330078125,21.66183090209961,40.057247161865234,117.24674987792969,10.014200210571289
56.0,-22.5,27.628183364868164,21.52027702331543,40.145423889160156,116.78827667236328,10.014200210571289
57.0,-22.5,27.845779418945312,21.370288848876953,40.234737396240234,116.32813262939453,10.014200210571289
58.0,-22.5,28.288414001464844,21.358131408691406,40.416404724121094,115.72621154785156,10.014200210571289
59.0,-22.5,28.574722290039062,21.229331970214844,40.533912658691406,115.21993255615234,10.014200210571289
60.0,-22.5,28.914806365966797,21.122690200805664,40.67349624633789,114.6776351928711,10.014200210571289
61.0,-22.5,29.42949104309082,21.111770629882812,40.884735107421875,114.0175552368164,10.014200210571289
62.0,-22.5,29.96152687072754,21.093957901000977,41.10309982299805,113.34049987792969,10.014200210571289
63.0,-22.5,30.529754638671875,21.079771041870117,41.33631896972656,112.63340759277344,10.014200210571289
64.0,-22.5,31.108266830444336,21.052444458007812,41.573753356933594,111.9135971069336,10.014200210571289
65.0,-22.5,31.913497924804688,21.136276245117188,41.90425109863281,111.02838134765625,10.014200210571289
66.0,-22.5,32.77068328857422,21.223974227905273,42.25606155395508,110.09660339355469,10.014200210571289
67.0,-22.5,33.77419662475586,21.365367889404297,42.66793441772461,109.04886627197266,10.014200210571289
68.0,-22.5,34.772315979003906,21.472745895385742,43.07759094238281,107.99322509765625,10.014200210571289
69.0,-22.5,36.020973205566406,21.68062400817871,43.5900764465332,106.7400131225586,10.014200210571289
70.0,-22.5,37.64619445800781,22.04349708557129,44.257118225097656,105.18817138671875,10.014200210571289
71.0,-22.5,39.390811920166016,22.41740608215332,44.97315979003906,103.5248031616211,10.014200210571289
72.0,-22.5,41.65653991699219,22.992403030395508,45.90308380126953,101.438232421875,10.014200210571289
73.0,-22.5,44.92686462402344,23.97538185119629,47.24531936645508,98.53974914550781,10.014200210571289
