angle,vert_angle,dist,x,y,z,height
6.0,22.5,45.72279357910156,8.89806842803955,16.828449249267578,122.70922088623047,9.470542907714844
7.0,22.5,43.252227783203125,9.446831703186035,17.47028350830078,120.26947784423828,9.470542907714844
8.0,22.5,41.028141021728516,9.937503814697266,18.048080444335938,118.06130981445312,9.470542907714844
9.0,22.5,39.46548843383789,10.433177947998047,18.454044342041016,116.48291778564453,9.470542907714844
10.0,22.5,37.719520568847656,10.84967041015625,18.907630920410156,114.72450256347656,9.470542907714844
11.0,22.5,36.362449645996094,11.266830444335938,19.260189056396484,113.3342056274414,9.470542907714844
12.0,22.5,34.94890594482422,11.627401351928711,19.627410888671875,111.8870620727539,9.470542907714844
13.0,22.5,33.710872650146484,11.972379684448242,19.94904327392578,110.6045150756836,9.470542907714844
14.0,22.5,32.56626510620117,12.293672561645508,20.246400833129883,109.40855407714844,9.470542907714844
15.0,22.5,31.47821807861328,12.5877685546875,20.52906608581543,108.26459503173828,9.470542907714844
16.0,22.5,30.522510528564453,12.875544548034668,20.77735137939453,107.243896484375,9.470542907714844
17.0,22.5,29.547182083129883,13.124897956848145,21.03073501586914,106.20415496826172,9.470542907714844
18.0,22.5,28.777042388916016,13.39576530456543,21.230812072753906,105.35489654541016,9.470542907714844
19.0,22.5,28.03562355041504,13.647573471069336,21.423425674438477,104.5312728881836,9.470542907714844
20.0,22.5,27.28652572631836,13.870746612548828,21.6180362701416,103.70014953613281,9.470542907714844
21.0,22.5,26.70844078063965,14.121931076049805,21.768217086791992,103.02520751953125,9.470542907714844
22.0,22.5,26.07870101928711,14.334848403930664,21.93181610107422,102.302490234375,9.470542907714844
23.0,22.5,25.487821578979492,14.538806915283203,22.0853214263916,101.61489868164062,9.470542907714844
24.0,22.5,24.90779685974121,14.725459098815918,22.236007690429688,100.93724822998047,9.470542907714844
25.0,22.5,24.38977813720703,14.914900779724121,22.37058448791504,100.31523132324219,9.470542907714844
26.0,22.5,23.89889907836914,15.09623908996582,22.498111724853516,99.71741485595703,9.470542907714844
27.0,22.5,23.424985885620117,15.26659870147705,22.62122917175293,99.13480377197266,9.470542907714844
28.0,22.5,22.968223571777344,15.426902770996094,22.739891052246094,98.56763458251953,9.470542907714844
29.0,22.5,22.49936294555664,15.565056800842285,22.861698150634766,97.99083709716797,9.470542907714844
30.0,22.5,22.063461303710938,15.701207160949707,22.97494125366211,97.44342803955078,9.470542907714844
31.0,22.5,21.49394989013672,15.758260726928711,23.122894287109375,96.78471374511719,9.470542907714844
32.0,22.5,20.89527130126953,15.78127670288086,23.278427124023438,96.10554504394531,9.470542907714844
33.0,22.5,20.37859535217285,15.824872016906738,23.412656784057617,95.4989242553711,9.470542907714844
34.0,22.5,19.824573516845703,15.831212043762207,23.55658721923828,94.86573028564453,9.470542907714844
35.0,22.5,19.348724365234375,15.86007022857666,23.680206298828125,94.3006820678711,9.470542907714844
36.0,22.5,18.904516220092773,15.889598846435547,23.795608520507812,93.76493072509766,9.470542907714844
37.0,22.5,18.48468780517578,15.917214393615723,23.90467643737793,93.25223541259766,9.470542907714844
38.0,22.5,18.199512481689453,16.007064819335938,23.978763580322266,92.84810638427734,9.470542907714844
39.0,22.5,17.849964141845703,16.048355102539062,24.06957244873047,92.3958740234375,9.470542907714844
40.0,22.5,17.50881576538086,16.08211326599121,24.158199310302734,91.95297241210938,9.470542907714844
41.0,22.5,17.218536376953125,16.134748458862305,24.233610153198242,91.55117797851562,9.470542907714844
42.0,22.5,16.92218589782715,16.172805786132812,24.31060218811035,91.14718627929688,9.470542907714844
43.0,22.5,16.691360473632812,16.241771697998047,24.370567321777344,90.79340362548828,9.470542907714844
44.0,22.5,16.475746154785156,16.311527252197266,24.42658233642578,90.45193481445312,9.470542907714844
45.0,22.5,16.267818450927734,16.377735137939453,24.48059844970703,90.11717224121094,9.470542907714844
46.0,22.5,15.984064102172852,16.384445190429688,24.554317474365234,89.7313003540039,9.470542907714844
47.0,22.5,15.79731273651123,16.447574615478516,24.602832794189453,89.41465759277344,9.470542907714844
48.0,22.5,15.638967514038086,16.522794723510742,24.64396858215332,89.11817932128906,9.470542907714844
49.0,22.5,15.454829216003418,16.57270050048828,24.69180679321289,88.80548095703125,9.470542907714844
50.0,22.5,15.275477409362793,16.61850929260254,24.738399505615234,88.49732971191406,9.470542907714844
51.0,22.5,15.133573532104492,16.684345245361328,24.775266647338867,88.21429443359375,9.470542907714844
52.0,22.5,14.995712280273438,16.746686935424805,24.81108283996582,87.93447875976562,9.470542907714844
53.0,22.5,14.855953216552734,16.801237106323242,24.847389221191406,87.65426635742188,9.470542907714844
54.0,22.5,14.721227645874023,16.853273391723633,24.88239097595215,87.37797546386719,9.470542907714844
55.0,22.5,14.60035514831543,16.909832000732422,24.91379165649414,87.1106185913086,9.470542907714844
56.0,22.5,14.504552841186523,16.980161666870117,24.93868064880371,86.85810089111328,9.470542907714844
57.0,22.5,14.403552055358887,17.041017532348633,24.964920043945312,86.60285186767578,9.470542907714844
58.0,22.5,14.296010971069336,17.091201782226562,24.992856979370117,86.34447479248047,9.470542907714844
59.0,22.5,14.202735900878906,17.147462844848633,25.01708984375,86.09423065185547,9.470542907714844
60.0,22.5,14.13137435913086,17.21650505065918,25.035629272460938,85.85550689697266,9.470542907714844
61.0,22.5,14.0540132522583,17.275774002075195,25.055727005004883,85.6136703491211,9.470542907714844
62.0,22.5,13.992958068847656,17.343822479248047,25.07158851623535,85.3797836303711,9.470542907714844
63.0,22.5,13.935140609741211,17.410024642944336,25.08660888671875,85.14713287353516,9.470542907714844
64.0,22.5,13.878868103027344,17.47300910949707,25.101228713989258,84.91493225097656,9.470542907714844
65.0,22.5,13.834471702575684,17.541746139526367,25.112762451171875,84.68765258789062,9.470542907714844
66.0,22.5,13.796163558959961,17.611469268798828,25.12271499633789,84.46244049072266,9.470542907714844
67.0,22.5,13.747493743896484,17.667888641357422,25.135356903076172,84.23243713378906,9.470542907714844
68.0,22.5,13.699758529663086,17.720775604248047,25.14775848388672,84.00260162353516,9.470542907714844
69.0,22.5,13.67096996307373,17.78619956970215,25.15523910522461,83.7796859741211,9.470542907714844
70.0,22.5,13.638412475585938,17.844158172607422,25.1636962890625,83.55476379394531,9.470542907714844
71.0,22.5,13.62825870513916,17.91822052001953,25.16633415222168,83.33702850341797,9.470542907714844
72.0,22.5,13.63241195678711,18.001415252685547,25.165254592895508,83.12286376953125,9.470542907714844
73.0,22.5,13.616047859191895,18.06212043762207,25.169506072998047,82.90084838867188,9.470542907714844
74.0,22.5,13.592667579650879,18.11240005493164,25.175580978393555,82.67601013183594,9.470542907714844
75.0,22.5,13.590673446655273,18.178409576416016,25.176097869873047,82.45664978027344,9.470542907714844
76.0,22.5,13.604241371154785,18.25503921508789,25.17257308959961,82.24026489257812,9.470542907714844
77.0,22.5,13.611516952514648,18.322059631347656,25.170684814453125,82.02082824707031,9.470542907714844
78.0,22.5,13.624719619750977,18.390832901000977,25.167253494262695,81.80148315429688,9.470542907714844
79.0,22.5,13.656609535217285,18.473421096801758,25.158967971801758,81.58473205566406,9.470542907714844
80.0,22.5,13.703402519226074,18.566415786743164,25.146812438964844,81.36898040771484,9.470542907714844
81.0,22.5,13.739710807800293,18.64583969116211,25.137378692626953,81.14897155761719,9.470542907714844
82.0,22.5,13.77334213256836,18.718971252441406,25.128643035888672,80.92657470703125,9.470542907714844
83.0,22.5,13.808926582336426,18.7901668548584,25.11939811706543,80.70265197753906,9.470542907714844
84.0,22.5,13.846348762512207,18.85928726196289,25.10967445373535,80.47718048095703,9.470542907714844
85.0,22.5,13.898625373840332,18.938785552978516,25.096094131469727,80.2515869140625,9.470542907714844
86.0,22.5,13.979705810546875,19.04210662841797,25.075031280517578,80.02654266357422,9.470542907714844
87.0,22.5,14.05752944946289,19.138477325439453,25.054813385009766,79.79810333251953,9.470542907714844
88.0,22.5,14.129173278808594,19.224985122680664,25.03619956970215,79.56632995605469,9.470542907714844
89.0,22.5,14.218866348266602,19.324913024902344,25.012897491455078,79.33269500732422,9.470542907714844
90.0,22.5,14.307843208312988,19.420116424560547,24.989782333374023,79.09583282470703,9.470542907714844
91.0,22.5,14.38064193725586,19.495582580566406,24.970870971679688,78.85563659667969,9.470542907714844
92.0,22.5,14.471388816833496,19.58418083190918,24.947296142578125,78.61285400390625,9.470542907714844
93.0,22.5,14.572853088378906,19.678855895996094,24.920936584472656,78.36680603027344,9.470542907714844
94.0,22.5,14.684083938598633,19.778593063354492,24.892038345336914,78.11705780029297,9.470542907714844
95.0,22.5,14.809369087219238,19.887414932250977,24.85948944091797,77.86296081542969,9.470542907714844
96.0,22.5,14.944960594177246,20.001571655273438,24.824264526367188,77.60415649414062,9.470542907714844
97.0,22.5,15.091917991638184,20.121932983398438,24.786087036132812,77.3401107788086,9.470542907714844
98.0,22.5,15.25332260131836,20.25128746032715,24.744155883789062,77.07002258300781,9.470542907714844
99.0,22.5,15.40848445892334,20.36960792541504,24.703845977783203,76.7957763671875,9.470542907714844
100.0,22.5,15.593249320983887,20.511058807373047,24.655845642089844,76.51280212402344,9.470542907714844
101.0,22.5,15.800482749938965,20.668489456176758,24.602006912231445,76.22083282470703,9.470542907714844
102.0,22.5,15.996910095214844,20.809938430786133,24.55097770690918,75.92457580566406,9.470542907714844
103.0,22.5,16.22319221496582,20.97385025024414,24.492191314697266,75.61700439453125,9.470542907714844
104.0,22.5,16.439844131469727,21.122507095336914,24.4359073638916,75.30487060546875,9.470542907714844
105.0,22.5,16.66913604736328,21.276765823364258,24.376338958740234,74.98381805419922,9.470542907714844
106.0,22.5,16.916296005249023,21.441198348999023,24.3121280670166,74.6521224975586,9.470542907714844
107.0,22.5,17.219158172607422,21.650644302368164,24.233448028564453,74.29940795898438,9.470542907714844
108.0,22.5,17.577394485473633,21.90384864807129,24.140380859375,73.92320251464844,9.470542907714844
109.0,22.5,17.829418182373047,22.050765991210938,24.074907302856445,73.56729888916016,9.470542907714844
110.0,22.5,18.183673858642578,22.28389549255371,23.98287582397461,73.17389678955078,9.470542907714844
111.0,22.5,18.531822204589844,22.50263786315918,23.89242935180664,72.77278137207031,9.470542907714844
112.0,22.5,18.951656341552734,22.777297973632812,23.78335952758789,72.33839416503906,9.470542907714844
113.0,22.5,19.411680221557617,23.07798957824707,23.663848876953125,71.87858581542969,9.470542907714844
114.0,22.5,19.903940200805664,23.396543502807617,23.535964965820312,71.39460754394531,9.470542907714844
115.0,22.5,20.488821029663086,23.785554885864258,23.384017944335938,70.86215209960938,9.470542907714844
116.0,22.5,21.01908302307129,24.113161087036133,23.246259689331055,70.33565521240234,9.470542907714844
117.0,22.5,21.715612411499023,24.57297706604004,23.0653076171875,69.72686004638672,9.470542907714844
118.0,22.5,22.464786529541016,25.062578201293945,22.870677947998047,69.0770492553711,9.470542907714844
119.0,22.5,23.38078498840332,25.67827033996582,22.632709503173828,68.33372497558594,9.470542907714844
120.0,22.5,24.536861419677734,26.47787857055664,22.33237075805664,67.45628356933594,9.470542907714844
121.0,22.5,25.90420913696289,27.430646896362305,21.977144241333008,66.44820404052734,9.470542907714844
122.0,22.5,27.61066246032715,28.637042999267578,21.533823013305664,65.23856353759766,9.470542907714844
10.0,16.875,44.547149658203125,11.959161758422852,21.40414047241211,122.16233825683594,9.470542907714844
11.0,16.875,41.08373260498047,12.164515495300293,21.971904754638672,118.6733169555664,9.470542907714844
12.0,16.875,38.601715087890625,12.423415184020996,22.378787994384766,116.14390563964844,9.470542907714844
13.0,16.875,36.83799743652344,12.735089302062988,22.667919158935547,114.31320190429688,9.470542907714844
14.0,16.875,35.259029388427734,13.02389144897461,22.926761627197266,112.66161346435547,9.470542907714844
15.0,16.875,33.92104721069336,13.31203556060791,23.146099090576172,111.24259948730469,9.470542907714844
16.0,16.875,32.69142532348633,13.579416275024414,23.347673416137695,109.9278564453125,9.470542907714844
17.0,16.875,31.47511100769043,13.806809425354004,23.54706573486328,108.62671661376953,9.470542907714844
18.0,16.875,30.466712951660156,14.048903465270996,23.71237564086914,107.52436065673828,9.470542907714844
19.0,16.875,29.49272918701172,14.265198707580566,23.872039794921875,106.45538330078125,9.470542907714844
20.0,16.875,28.649499893188477,14.487357139587402,24.010272979736328,105.5103759765625,9.470542907714844
21.0,16.875,27.91739845275879,14.715492248535156,24.130287170410156,104.6697769165039,9.470542907714844
22.0,16.875,27.171478271484375,14.912333488464355,24.2525691986084,103.81681060791016,9.470542907714844
23.0,16.875,26.472864151000977,15.099206924438477,24.367094039916992,103.00857543945312,9.470542907714844
24.0,16.875,25.80010223388672,15.270464897155762,24.477378845214844,102.22526550292969,9.470542907714844
25.0,16.875,25.285320281982422,15.479004859924316,24.561769485473633,101.58670043945312,9.470542907714844
26.0,16.875,24.678268432617188,15.6307954788208,24.661285400390625,100.86521911621094,9.470542907714844
27.0,16.875,24.165725708007812,15.800339698791504,24.74530601501465,100.22986602783203,9.470542907714844
28.0,16.875,23.66706085205078,15.956886291503906,24.82705307006836,99.6077651977539,9.470542907714844
29.0,16.875,23.285476684570312,16.147884368896484,24.889606475830078,99.08952331542969,9.470542907714844
30.0,16.875,22.82577896118164,16.28744888305664,24.964967727661133,98.50325012207031,9.470542907714844
31.0,16.875,22.377260208129883,16.415225982666016,25.038494110107422,97.92806243896484,9.470542907714844
32.0,16.875,22.060026168823242,16.591598510742188,25.090497970581055,97.46637725830078,9.470542907714844
33.0,16.875,21.643526077270508,16.70431900024414,25.158775329589844,96.92081451416016,9.470542907714844
34.0,16.875,21.17373275756836,16.773300170898438,25.235788345336914,96.33271789550781,9.470542907714844
35.0,16.875,20.84064483642578,16.899263381958008,25.290393829345703,95.860595703125,9.470542907714844
36.0,16.875,20.245819091796875,16.866682052612305,25.387903213500977,95.17625427246094,9.470542907714844
37.0,16.875,19.70714569091797,16.845760345458984,25.47620964050293,94.54364013671875,9.470542907714844
38.0,16.875,19.279401779174805,16.87107276916504,25.54633140563965,94.00509643554688,9.470542907714844
39.0,16.875,18.880258560180664,16.898195266723633,25.61176300048828,93.4930419921875,9.470542907714844
40.0,16.875,18.527305603027344,16.939191818237305,25.66962242126465,93.02056121826172,9.470542907714844
41.0,16.875,18.16718292236328,16.96271514892578,25.72865867614746,92.5457763671875,9.470542907714844
42.0,16.875,17.814281463623047,16.977792739868164,25.786510467529297,92.0800552368164,9.470542907714844
43.0,16.875,17.50963020324707,17.011566162109375,25.83645248413086,91.65386199951172,9.470542907714844
44.0,16.875,17.201799392700195,17.031869888305664,25.886917114257812,91.22832489013672,9.470542907714844
45.0,16.875,16.88467788696289,17.034578323364258,25.938901901245117,90.79942321777344,9.470542907714844
46.0,16.875,16.635520935058594,17.07267951965332,25.979747772216797,90.42230987548828,9.470542907714844
47.0,16.875,16.42937660217285,17.13132095336914,26.013540267944336,90.07744598388672,9.470542907714844
48.0,16.875,16.23813819885254,17.19209098815918,26.044891357421875,89.74431610107422,9.470542907714844
49.0,16.875,16.034774780273438,17.235992431640625,26.078227996826172,89.40446472167969,9.470542907714844
50.0,16.875,15.825733184814453,17.267423629760742,26.112497329711914,89.0627670288086,9.470542907714844
51.0,16.875,15.632950782775879,17.30267906188965,26.144100189208984,88.73373413085938,9.470542907714844
52.0,16.875,15.455302238464355,17.341527938842773,26.173221588134766,88.41621398925781,9.470542907714844
53.0,16.875,15.321516990661621,17.406673431396484,26.195154190063477,88.12747955322266,9.470542907714844
54.0,16.875,15.201234817504883,17.47588348388672,26.214872360229492,87.84761047363281,9.470542907714844
55.0,16.875,15.068018913269043,17.528715133666992,26.236711502075195,87.56060028076172,9.470542907714844
56.0,16.875,14.944596290588379,17.583024978637695,26.256942749023438,87.28019714355469,9.470542907714844
57.0,16.875,14.850160598754883,17.654714584350586,26.272424697875977,87.01690673828125,9.470542907714844
58.0,16.875,14.761009216308594,17.7252254486084,26.287038803100586,86.75663757324219,9.470542907714844
59.0,16.875,14.659311294555664,17.77992820739746,26.3037109375,86.48977661132812,9.470542907714844
60.0,16.875,14.557486534118652,17.828922271728516,26.320404052734375,86.22341918945312,9.470542907714844
61.0,16.875,14.464055061340332,17.879472732543945,26.33572006225586,85.96197509765625,9.470542907714844
62.0,16.875,14.372603416442871,17.926342010498047,26.350711822509766,85.70204162597656,9.470542907714844
63.0,16.875,14.291899681091309,17.977203369140625,26.363941192626953,85.44779205322266,9.470542907714844
64.0,16.875,14.245862007141113,18.053239822387695,26.371488571166992,85.2098159790039,9.470542907714844
65.0,16.875,14.21060562133789,18.13425064086914,26.377267837524414,84.97602844238281,9.470542907714844
66.0,16.875,14.152803421020508,18.190860748291016,26.386743545532227,84.73176574707031,9.470542907714844
67.0,16.875,14.09501838684082,18.242788314819336,26.396215438842773,84.48746490478516,9.470542907714844
68.0,16.875,14.052484512329102,18.30381202697754,26.403188705444336,84.24925231933594,9.470542907714844
69.0,16.875,14.02081298828125,18.370267868041992,26.40838050842285,84.01480865478516,9.470542907714844
70.0,16.875,14.001087188720703,18.443368911743164,26.4116153717041,83.78410339355469,9.470542907714844
71.0,16.875,13.98592472076416,18.51651954650879,26.414100646972656,83.55406188964844,9.470542907714844
72.0,16.875,13.978995323181152,18.593198776245117,26.415237426757812,83.32576751708984,9.470542907714844
73.0,16.875,13.965835571289062,18.660022735595703,26.41739273071289,83.09430694580078,9.470542907714844
74.0,16.875,13.976398468017578,18.74502182006836,26.415660858154297,82.8690414428711,9.470542907714844
75.0,16.875,13.979268074035645,18.81886100769043,26.415191650390625,82.63997650146484,9.470542907714844
76.0,16.875,13.972177505493164,18.87924575805664,26.416353225708008,82.40694427490234,9.470542907714844
77.0,16.875,13.970122337341309,18.940324783325195,26.416690826416016,82.17428588867188,9.470542907714844
78.0,16.875,13.995184898376465,19.023317337036133,26.412582397460938,81.94696044921875,9.470542907714844
79.0,16.875,14.027685165405273,19.109586715698242,26.40725326538086,81.71940612792969,9.470542907714844
80.0,16.875,14.051445007324219,19.183544158935547,26.403358459472656,81.48809051513672,9.470542907714844
81.0,16.875,14.07658576965332,19.25487518310547,26.39923858642578,81.25537109375,9.470542907714844
82.0,16.875,14.105198860168457,19.325584411621094,26.394546508789062,81.0215835571289,9.470542907714844
83.0,16.875,14.150117874145508,19.40818214416504,26.387182235717773,80.78855895996094,9.470542907714844
84.0,16.875,14.210968017578125,19.50238609313965,26.377208709716797,80.55545043945312,9.470542907714844
85.0,16.875,14.290777206420898,19.6112117767334,26.364124298095703,80.32188415527344,9.470542907714844
86.0,16.875,14.386588096618652,19.731801986694336,26.348419189453125,80.0866470336914,9.470542907714844
87.0,16.875,14.450057983398438,19.816619873046875,26.3380126953125,79.84510040283203,9.470542907714844
88.0,16.875,14.522527694702148,19.90614891052246,26.326133728027344,79.60157775878906,9.470542907714844
89.0,16.875,14.605766296386719,20.00209617614746,26.312488555908203,79.35578918457031,9.470542907714844
90.0,16.875,14.703275680541992,20.107864379882812,26.2965030670166,79.10735321044922,9.470542907714844
91.0,16.875,14.814945220947266,20.223283767700195,26.2781982421875,78.85559844970703,9.470542907714844
92.0,16.875,14.938138008117676,20.345664978027344,26.25800132751465,78.5998764038086,9.470542907714844
93.0,16.875,15.063875198364258,20.466045379638672,26.237388610839844,78.33987426757812,9.470542907714844
94.0,16.875,15.194711685180664,20.58682632446289,26.215940475463867,78.07545471191406,9.470542907714844
95.0,16.875,15.338314056396484,20.715436935424805,26.192399978637695,77.80599212646484,9.470542907714844
96.0,16.875,15.491449356079102,20.84853744506836,26.167295455932617,77.53114318847656,9.470542907714844
97.0,16.875,15.653361320495605,20.98522186279297,26.14075469970703,77.25059509277344,9.470542907714844
98.0,16.875,15.870575904846191,21.170930862426758,26.105144500732422,76.95893096923828,9.470542907714844
99.0,16.875,16.054555892944336,21.318559646606445,26.07498550415039,76.66453552246094,9.470542907714844
100.0,16.875,16.222244262695312,21.444692611694336,26.047496795654297,76.36678314208984,9.470542907714844
101.0,16.875,16.41664695739746,21.59117889404297,26.015626907348633,76.05976867675781,9.470542907714844
102.0,16.875,16.72587776184082,21.843158721923828,25.964933395385742,75.72666931152344,9.470542907714844
103.0,16.875,16.92671775817871,21.983436584472656,25.932010650634766,75.40496063232422,9.470542907714844
104.0,16.875,17.249595642089844,22.234994888305664,25.879079818725586,75.05181121826172,9.470542907714844
105.0,16.875,17.53996467590332,22.447908401489258,25.831480026245117,74.69628143310547,9.470542907714844
106.0,16.875,17.804107666015625,22.628326416015625,25.788177490234375,74.338623046875,9.470542907714844
107.0,16.875,18.161571502685547,22.890100479125977,25.729578018188477,73.94918060302734,9.470542907714844
108.0,16.875,18.5432071685791,23.166250228881836,25.667015075683594,73.54261016845703,9.470542907714844
109.0,16.875,18.95235824584961,23.459278106689453,25.599943161010742,73.11691284179688,9.470542907714844
110.0,16.875,19.37672996520996,23.756929397583008,25.53037452697754,72.67474365234375,9.470542907714844
111.0,16.875,19.854705810546875,24.0943660736084,25.45201873779297,72.20304870605469,9.470542907714844
112.0,16.875,20.41486358642578,24.496763229370117,25.360193252563477,71.68965911865234,9.470542907714844
113.0,16.875,21.01170539855957,24.92043113708496,25.26235008239746,71.14715576171875,9.470542907714844
114.0,16.875,21.743915557861328,25.45429229736328,25.142316818237305,70.53712463378906,9.470542907714844
115.0,16.875,22.463224411010742,25.960845947265625,25.024398803710938,69.91127014160156,9.470542907714844
116.0,16.875,23.493616104125977,26.731069564819336,24.855485916137695,69.13902282714844,9.470542907714844
117.0,16.875,24.736753463745117,27.669984817504883,24.651695251464844,68.24764251708984,9.470542907714844
118.0,16.875,26.608776092529297,29.140010833740234,24.344812393188477,67.04579162597656,9.470542907714844
14.0,11.25,40.75892639160156,14.291998863220215,25.996631622314453,118.41010284423828,9.470542907714844
15.0,11.25,37.91877365112305,14.330865859985352,26.185483932495117,115.4949722290039,9.470542907714844
16.0,11.25,35.97916030883789,14.493168830871582,26.314456939697266,113.46202850341797,9.470542907714844
17.0,11.25,34.345054626464844,14.667892456054688,26.423112869262695,111.72919464111328,9.470542907714844
18.0,11.25,32.78158950805664,14.804783821105957,26.52707290649414,110.06897735595703,9.470542907714844
19.0,11.25,31.61482810974121,15.004497528076172,26.604656219482422,108.79237365722656,9.470542907714844
20.0,11.25,30.534887313842773,15.189799308776855,26.67646598815918,107.6009292602539,9.470542907714844
21.0,11.25,29.49932861328125,15.351133346557617,26.745323181152344,106.45429229736328,9.470542907714844
22.0,11.25,28.6881160736084,15.55322551727295,26.79926300048828,105.52104187011719,9.470542907714844
23.0,11.25,27.90522003173828,15.736074447631836,26.851322174072266,104.6157455444336,9.470542907714844
24.0,11.25,27.20465087890625,15.921643257141113,26.897905349731445,103.7884521484375,9.470542907714844
25.0,11.25,26.56947898864746,16.107343673706055,26.940139770507812,103.02269744873047,9.470542907714844
26.0,11.25,25.860309600830078,16.239110946655273,26.987293243408203,102.19100952148438,9.470542907714844
27.0,11.25,25.307790756225586,16.41200065612793,27.024032592773438,101.50361633300781,9.470542907714844
28.0,11.25,24.71102523803711,16.544628143310547,27.0637149810791,100.7779312133789,9.470542907714844
29.0,11.25,24.21485137939453,16.701372146606445,27.09670639038086,100.1438980102539,9.470542907714844
30.0,11.25,23.716354370117188,16.838281631469727,27.129854202270508,99.50922393798828,9.470542907714844
31.0,11.25,23.293365478515625,16.99339485168457,27.15797996520996,98.94212341308594,9.470542907714844
32.0,11.25,22.843421936035156,17.11861801147461,27.187898635864258,98.35285186767578,9.470542907714844
33.0,11.25,22.44182586669922,17.25188636779785,27.214601516723633,97.80670928955078,9.470542907714844
34.0,11.25,22.072811126708984,17.38704490661621,27.239139556884766,97.28948211669922,9.470542907714844
35.0,11.25,21.699460983276367,17.505380630493164,27.26396369934082,96.76984405517578,9.470542907714844
36.0,11.25,21.40460205078125,17.653398513793945,27.2835693359375,96.31651306152344,9.470542907714844
37.0,11.25,21.059585571289062,17.760316848754883,27.30651092529297,95.8227767944336,9.470542907714844
38.0,11.25,20.672603607177734,17.828929901123047,27.332244873046875,95.29702758789062,9.470542907714844
39.0,11.25,20.248136520385742,17.86029052734375,27.3604679107666,94.74445343017578,9.470542907714844
40.0,11.25,19.760026931762695,17.836772918701172,27.39292335510254,94.1461410522461,9.470542907714844
41.0,11.25,19.347349166870117,17.843896865844727,27.420364379882812,93.61187744140625,9.470542907714844
42.0,11.25,18.891456604003906,17.808273315429688,27.450679779052734,93.04930114746094,9.470542907714844
43.0,11.25,18.501981735229492,17.80059242248535,27.47657585144043,92.54238891601562,9.470542907714844
44.0,11.25,18.171741485595703,17.818811416625977,27.49853515625,92.08390808105469,9.470542907714844
45.0,11.25,17.837635040283203,17.822158813476562,27.520750045776367,91.62628173828125,9.470542907714844
46.0,11.25,17.550519943237305,17.846080780029297,27.53984260559082,91.20623779296875,9.470542907714844
47.0,11.25,17.259803771972656,17.8565731048584,27.559173583984375,90.78683471679688,9.470542907714844
48.0,11.25,17.039344787597656,17.90691566467285,27.57383155822754,90.41935729980469,9.470542907714844
49.0,11.25,16.815813064575195,17.945953369140625,27.588695526123047,90.0517807006836,9.470542907714844
50.0,11.25,16.559141159057617,17.95126724243164,27.605762481689453,89.66446685791016,9.470542907714844
51.0,11.25,16.346912384033203,17.98050308227539,27.619874954223633,89.30939483642578,9.470542907714844
52.0,11.25,16.163074493408203,18.022958755493164,27.632099151611328,88.97477722167969,9.470542907714844
53.0,11.25,15.98758316040039,18.064050674438477,27.643768310546875,88.64714813232422,9.470542907714844
54.0,11.25,15.839391708374023,18.119083404541016,27.653621673583984,88.3379135131836,9.470542907714844
55.0,11.25,15.71206283569336,18.18385124206543,27.66208839416504,88.04224395751953,9.470542907714844
56.0,11.25,15.578678131103516,18.237232208251953,27.670957565307617,87.74375915527344,9.470542907714844
57.0,11.25,15.442460060119629,18.281736373901367,27.68001365661621,87.44467163085938,9.470542907714844
58.0,11.25,15.332435607910156,18.341426849365234,27.68733024597168,87.16131591796875,9.470542907714844
59.0,11.25,15.229690551757812,18.401227951049805,27.694162368774414,86.88248443603516,9.470542907714844
60.0,11.25,15.10743236541748,18.43863296508789,27.70229148864746,86.59394073486328,9.470542907714844
61.0,11.25,15.008174896240234,18.48963737487793,27.708890914916992,86.31831359863281,9.470542907714844
62.0,11.25,14.925434112548828,18.54926872253418,27.714393615722656,86.05149841308594,9.470542907714844
63.0,11.25,14.824592590332031,18.58768653869629,27.721099853515625,85.77627563476562,9.470542907714844
64.0,11.25,14.735002517700195,18.63041114807129,27.7270565032959,85.5071792602539,9.470542907714844
65.0,11.25,14.68620491027832,18.70408821105957,27.730300903320312,85.25704193115234,9.470542907714844
66.0,11.25,14.641289710998535,18.776504516601562,27.733287811279297,85.00810241699219,9.470542907714844
67.0,11.25,14.596590042114258,18.844430923461914,27.73625946044922,84.75872802734375,9.470542907714844
68.0,11.25,14.548913955688477,18.90495491027832,27.739429473876953,84.50772094726562,9.470542907714844
69.0,11.25,14.511251449584961,18.969982147216797,27.741933822631836,84.26031494140625,9.470542907714844
70.0,11.25,14.489057540893555,19.044775009155273,27.743410110473633,84.01811981201172,9.470542907714844
71.0,11.25,14.454643249511719,19.103782653808594,27.745697021484375,83.77071380615234,9.470542907714844
72.0,11.25,14.44243049621582,19.17911720275879,27.746509552001953,83.53033447265625,9.470542907714844
73.0,11.25,14.431527137756348,19.25141143798828,27.747234344482422,83.28929901123047,9.470542907714844
74.0,11.25,14.431099891662598,19.329387664794922,27.747262954711914,83.0503921508789,9.470542907714844
75.0,11.25,14.442073822021484,19.414081573486328,27.74653434753418,82.81342315673828,9.470542907714844
76.0,11.25,14.45169734954834,19.493379592895508,27.745893478393555,82.57447052001953,9.470542907714844
77.0,11.25,14.462285995483398,19.569473266601562,27.745189666748047,82.3342514038086,9.470542907714844
78.0,11.25,14.484273910522461,19.65245819091797,27.743728637695312,82.09525299072266,9.470542907714844
79.0,11.25,14.507549285888672,19.732601165771484,27.74217987060547,81.85475158691406,9.470542907714844
80.0,11.25,14.537842750549316,19.815475463867188,27.74016571044922,81.61390686035156,9.470542907714844
81.0,11.25,14.576069831848145,19.90201759338379,27.73762321472168,81.37259674072266,9.470542907714844
82.0,11.25,14.641765594482422,20.0114688873291,27.73325538635254,81.13377380371094,9.470542907714844
83.0,11.25,14.70919132232666,20.118627548217773,27.728771209716797,80.89219665527344,9.470542907714844
84.0,11.25,14.78528881072998,20.23029136657715,27.723712921142578,80.64878845214844,9.470542907714844
85.0,11.25,14.84615707397461,20.322765350341797,27.71966552734375,80.40038299560547,9.470542907714844
86.0,11.25,14.907173156738281,20.411149978637695,27.715606689453125,80.14936065673828,9.470542907714844
87.0,11.25,14.99494457244873,20.5218448638916,27.70977020263672,79.89795684814453,9.470542907714844
88.0,11.25,15.091180801391602,20.636674880981445,27.703372955322266,79.64366912841797,9.470542907714844
89.0,11.25,15.195443153381348,20.75514030456543,27.696439743041992,79.38611602783203,9.470542907714844
90.0,11.25,15.300212860107422,20.86966896057129,27.689472198486328,79.12474822998047,9.470542907714844
91.0,11.25,15.425271987915039,20.99989891052246,27.6811580657959,78.85982513427734,9.470542907714844
92.0,11.25,15.569759368896484,21.14487648010254,27.671550750732422,78.59037780761719,9.470542907714844
93.0,11.25,15.710123062133789,21.280981063842773,27.662216186523438,78.31602478027344,9.470542907714844
94.0,11.25,15.856069564819336,21.41776466369629,27.652511596679688,78.03667449951172,9.470542907714844
95.0,11.25,16.013504028320312,21.56096839904785,27.642044067382812,77.75177001953125,9.470542907714844
96.0,11.25,16.20871353149414,21.7365779876709,27.62906265258789,77.45882415771484,9.470542907714844
97.0,11.25,16.41471290588379,21.917482376098633,27.615365982055664,77.15847778320312,9.470542907714844
98.0,11.25,16.594486236572266,22.066747665405273,27.603412628173828,76.85433959960938,9.470542907714844
99.0,11.25,16.807018280029297,22.242727279663086,27.589279174804688,76.54035949707031,9.470542907714844
100.0,11.25,17.071279525756836,22.463768005371094,27.57170867919922,76.21221923828125,9.470542907714844
101.0,11.25,17.300601959228516,22.643939971923828,27.556459426879883,75.88136291503906,9.470542907714844
102.0,11.25,17.569040298461914,22.856027603149414,27.538610458374023,75.5364990234375,9.470542907714844
103.0,11.25,17.934391021728516,23.156002044677734,27.51431655883789,75.16438293457031,9.470542907714844
104.0,11.25,18.262950897216797,23.41226577758789,27.492469787597656,74.78871154785156,9.470542907714844
105.0,11.25,18.64493751525879,23.71253776550293,27.467069625854492,74.39076232910156,9.470542907714844
106.0,11.25,19.027070999145508,24.004371643066406,27.441659927368164,73.98111724853516,9.470542907714844
107.0,11.25,19.453310012817383,24.329753875732422,27.413318634033203,73.54839324951172,9.470542907714844
108.0,11.25,19.97856903076172,24.740320205688477,27.37839126586914,73.07513427734375,9.470542907714844
109.0,11.25,20.4704532623291,25.108131408691406,27.345684051513672,72.595947265625,9.470542907714844
110.0,11.25,21.060470581054688,25.55784797668457,27.30645179748535,72.07147216796875,9.470542907714844
111.0,11.25,21.788799285888672,26.125261306762695,27.258024215698242,71.48383331298828,9.470542907714844
112.0,11.25,22.578285217285156,26.735248565673828,27.205528259277344,70.85324096679688,9.470542907714844
113.0,11.25,23.634723663330078,27.577369689941406,27.13528060913086,70.10237884521484,9.470542907714844
114.0,11.25,25.13688087463379,28.810813903808594,27.035396575927734,69.15091705322266,9.470542907714844
115.0,11.25,27.057756423950195,30.40095329284668,26.907670974731445,67.98851776123047,9.470542907714844
17.0,5.625,41.10523986816406,16.471412658691406,30.005151748657227,118.30193328857422,9.470542907714844
18.0,5.625,37.204288482666016,16.06502914428711,29.881940841674805,114.36461639404297,9.470542907714844
19.0,5.625,35.185699462890625,16.08526039123535,29.81818199157715,112.25071716308594,9.470542907714844
20.0,5.625,33.54551696777344,16.154024124145508,29.766376495361328,110.506591796875,9.470542907714844
21.0,5.625,32.05500030517578,16.214773178100586,29.71929931640625,108.91192626953125,9.470542907714844
22.0,5.625,30.871919631958008,16.329973220825195,29.68193244934082,107.61341094970703,9.470542907714844
23.0,5.625,29.951213836669922,16.498594284057617,29.652851104736328,106.564697265625,9.470542907714844
24.0,5.625,29.01080894470215,16.626497268676758,29.62314796447754,105.50096130371094,9.470542907714844
25.0,5.625,28.166088104248047,16.758567810058594,29.596467971801758,104.52933502197266,9.470542907714844
26.0,5.625,27.40802574157715,16.895864486694336,29.572525024414062,103.64043426513672,9.470542907714844
27.0,5.625,26.7452335357666,17.04637336730957,29.551589965820312,102.84088897705078,9.470542907714844
28.0,5.625,26.0942440032959,17.177719116210938,29.531028747558594,102.05445098876953,9.470542907714844
29.0,5.625,25.565814971923828,17.3414306640625,29.51433753967285,101.37979125976562,9.470542907714844
30.0,5.625,24.954425811767578,17.445846557617188,29.495027542114258,100.6336898803711,9.470542907714844
31.0,5.625,24.412723541259766,17.561994552612305,29.477916717529297,99.95175170898438,9.470542907714844
32.0,5.625,23.966693878173828,17.706315994262695,29.463829040527344,99.3551254272461,9.470542907714844
33.0,5.625,23.539047241210938,17.843074798583984,29.450321197509766,98.7757568359375,9.470542907714844
34.0,5.625,23.089649200439453,17.951732635498047,29.436126708984375,98.17964935302734,9.470542907714844
35.0,5.625,22.701757431030273,18.077167510986328,29.42387580871582,97.6373519897461,9.470542907714844
36.0,5.625,22.339433670043945,18.201904296875,29.412431716918945,97.1178207397461,9.470542907714844
37.0,5.625,21.991764068603516,18.320842742919922,29.401451110839844,96.61174774169922,9.470542907714844
38.0,5.625,21.674400329589844,18.44395637512207,29.391427993774414,96.13162994384766,9.470542907714844
39.0,5.625,21.342178344726562,18.545236587524414,29.38093376159668,95.64094543457031,9.470542907714844
40.0,5.625,21.031526565551758,18.646728515625,29.371122360229492,95.16903686523438,9.470542907714844
41.0,5.625,20.766557693481445,18.764684677124023,29.36275291442871,94.73414611816406,9.470542907714844
42.0,5.625,20.434219360351562,18.827905654907227,29.352256774902344,94.24889373779297,9.470542907714844
43.0,5.625,19.971940994262695,18.792495727539062,29.33765411376953,93.66886901855469,9.470542907714844
44.0,5.625,19.542133331298828,18.7628116607666,29.324079513549805,93.11892700195312,9.470542907714844
45.0,5.625,19.180419921875,18.764738082885742,29.312654495239258,92.62419128417969,9.470542907714844
46.0,5.625,18.723339080810547,18.686870574951172,29.2982177734375,92.06568145751953,9.470542907714844
47.0,5.625,18.398136138916016,18.687355041503906,29.287946701049805,91.60690307617188,9.470542907714844
48.0,5.625,18.098155975341797,18.69411277770996,29.278470993041992,91.16966247558594,9.470542907714844
49.0,5.625,17.819887161254883,18.705610275268555,29.269681930541992,90.75090026855469,9.470542907714844
50.0,5.625,17.55876922607422,18.71934700012207,29.26143455505371,90.34699249267578,9.470542907714844
51.0,5.625,17.309110641479492,18.731725692749023,29.253549575805664,89.95379638671875,9.470542907714844
52.0,5.625,17.083559036254883,18.752973556518555,29.24642562866211,89.57915496826172,9.470542907714844
53.0,5.625,16.90619659423828,18.802799224853516,29.24082374572754,89.23735046386719,9.470542907714844
54.0,5.625,16.71303939819336,18.83224105834961,29.234722137451172,88.88751220703125,9.470542907714844
55.0,5.625,16.51280403137207,18.847869873046875,29.228397369384766,88.5356674194336,9.470542907714844
56.0,5.625,16.37551498413086,18.90639877319336,29.224061965942383,88.22311401367188,9.470542907714844
57.0,5.625,16.221834182739258,18.944612503051758,29.219207763671875,87.90222930908203,9.470542907714844
58.0,5.625,16.084793090820312,18.98955726623535,29.21487808227539,87.59215545654297,9.470542907714844
59.0,5.625,15.955381393432617,19.03419303894043,29.210790634155273,87.28746795654297,9.470542907714844
60.0,5.625,15.825825691223145,19.07217788696289,29.20669937133789,86.98388671875,9.470542907714844
61.0,5.625,15.735250473022461,19.137203216552734,29.203838348388672,86.70149230957031,9.470542907714844
62.0,5.625,15.644485473632812,19.196332931518555,29.200971603393555,86.41927337646484,9.470542907714844
63.0,5.625,15.548398971557617,19.245086669921875,29.19793701171875,86.13490295410156,9.470542907714844
64.0,5.625,15.44787883758545,19.28415298461914,29.194761276245117,85.8491439819336,9.470542907714844
65.0,5.625,15.356180191040039,19.325307846069336,29.191865921020508,85.5682601928711,9.470542907714844
66.0,5.625,15.33028793334961,19.420127868652344,29.19104766845703,85.31663513183594,9.470542907714844
67.0,5.625,15.309996604919434,19.515439987182617,29.190406799316406,85.06613159179688,9.470542907714844
68.0,5.625,15.256696701049805,19.576000213623047,29.188722610473633,84.80108642578125,9.470542907714844
69.0,5.625,15.202910423278809,19.631114959716797,29.18702507019043,84.53569030761719,9.470542907714844
70.0,5.625,15.165401458740234,19.69635009765625,29.18583869934082,84.27625274658203,9.470542907714844
71.0,5.625,15.12775707244873,19.756689071655273,29.184650421142578,84.01627349853516,9.470542907714844
72.0,5.625,15.097347259521484,19.819063186645508,29.18368911743164,83.75833129882812,9.470542907714844
73.0,5.625,15.088866233825684,19.89751625061035,29.183422088623047,83.5068588256836,9.470542907714844
74.0,5.625,15.091249465942383,19.98186683654785,29.18349838256836,83.25749206542969,9.470542907714844
75.0,5.625,15.099922180175781,20.067890167236328,29.18377113342285,83.00845336914062,9.470542907714844
76.0,5.625,15.11020565032959,20.15114402770996,29.18409538269043,82.75824737548828,9.470542907714844
77.0,5.625,15.120237350463867,20.22982406616211,29.18441390991211,82.50637817382812,9.470542907714844
78.0,5.625,15.14526653289795,20.318702697753906,29.185203552246094,82.25655364990234,9.470542907714844
79.0,5.625,15.172554016113281,20.405508041381836,29.186065673828125,82.00529479980469,9.470542907714844
80.0,5.625,15.230032920837402,20.51757049560547,29.187881469726562,81.75818634033203,9.470542907714844
81.0,5.625,15.293896675109863,20.63176918029785,29.189897537231445,81.50935363769531,9.470542907714844
82.0,5.625,15.351905822753906,20.73603630065918,29.191730499267578,81.2564926147461,9.470542907714844
83.0,5.625,15.407628059387207,20.833772659301758,29.193490982055664,81.0005111694336,9.470542907714844
84.0,5.625,15.460984230041504,20.924823760986328,29.195175170898438,80.74158477783203,9.470542907714844
85.0,5.625,15.528739929199219,21.025753021240234,29.197315216064453,80.48185729980469,9.470542907714844
86.0,5.625,15.612602233886719,21.138280868530273,29.19996452331543,80.22080993652344,9.470542907714844
87.0,5.625,15.732396125793457,21.282161712646484,29.20374870300293,79.95931243896484,9.470542907714844
88.0,5.625,15.848356246948242,21.417783737182617,29.20741081237793,79.6930160522461,9.470542907714844
89.0,5.625,15.961722373962402,21.546260833740234,29.21099090576172,79.4222640991211,9.470542907714844
90.0,5.625,16.094999313354492,21.689960479736328,29.215200424194336,79.14790344238281,9.470542907714844
91.0,5.625,16.237972259521484,21.838586807250977,29.219717025756836,78.86886596679688,9.470542907714844
92.0,5.625,16.39333724975586,21.99471664428711,29.224624633789062,78.58470916748047,9.470542907714844
93.0,5.625,16.56279182434082,22.159900665283203,29.229976654052734,78.29484558105469,9.470542907714844
94.0,5.625,16.7608585357666,22.348480224609375,29.23623275756836,77.99800872802734,9.470542907714844
95.0,5.625,16.94760513305664,22.5203857421875,29.242130279541016,77.69514465332031,9.470542907714844
96.0,5.625,17.165550231933594,22.717853546142578,29.249013900756836,77.38371276855469,9.470542907714844
97.0,5.625,17.354150772094727,22.88033676147461,29.254972457885742,77.06783294677734,9.470542907714844
98.0,5.625,17.586776733398438,23.08068084716797,29.262319564819336,76.74104309082031,9.470542907714844
99.0,5.625,17.890575408935547,23.345361709594727,29.271915435791016,76.3976821899414,9.470542907714844
100.0,5.625,18.1940975189209,23.60301971435547,29.28150177001953,76.0445556640625,9.470542907714844
101.0,5.625,18.532085418701172,23.887651443481445,29.292177200317383,75.6761703491211,9.470542907714844
102.0,5.625,18.857219696044922,24.15216636657715,29.302446365356445,75.29936218261719,9.470542907714844
103.0,5.625,19.22140121459961,24.447267532348633,29.313949584960938,74.9047622680664,9.470542907714844
104.0,5.625,19.626859664916992,24.774438858032227,29.32675552368164,74.49004364013672,9.470542907714844
105.0,5.625,20.14311981201172,25.200515747070312,29.343061447143555,74.03724670410156,9.470542907714844
106.0,5.625,20.630348205566406,25.588359832763672,29.358449935913086,73.57551574707031,9.470542907714844
107.0,5.625,21.28502655029297,26.127317428588867,29.37912940979004,73.05462646484375,9.470542907714844
108.0,5.625,22.046485900878906,26.756412506103516,29.403179168701172,72.48341369628906,9.470542907714844
109.0,5.625,22.859268188476562,27.42056655883789,29.428852081298828,71.87332153320312,9.470542907714844
110.0,5.625,23.8648624420166,28.25257110595703,29.460613250732422,71.17762756347656,9.470542907714844
111.0,5.625,25.22433853149414,29.400407791137695,29.50355339050293,70.3338394165039,9.470542907714844
112.0,5.625,27.660194396972656,31.534128189086914,29.580490112304688,69.07406616210938,9.470542907714844
20.0,0.0,41.02643585205078,18.394519805908203,34.01400375366211,117.29959106445312,9.470542907714844
21.0,0.0,36.61113357543945,17.618366241455078,33.442840576171875,112.9388427734375,9.470542907714844
22.0,0.0,34.618629455566406,17.528465270996094,33.18509292602539,110.8711929321289,9.470542907714844
23.0,0.0,32.90158462524414,17.46955680847168,32.962974548339844,109.0721435546875,9.470542907714844
24.0,0.0,31.735164642333984,17.558992385864258,32.81208801269531,107.79054260253906,9.470542907714844
25.0,0.0,30.619081497192383,17.627201080322266,32.66770935058594,106.56124114990234,9.470542907714844
26.0,0.0,29.676916122436523,17.727285385131836,32.545833587646484,105.49589538574219,9.470542907714844
27.0,0.0,28.740699768066406,17.79648780822754,32.42472457885742,104.4411392211914,9.470542907714844
28.0,0.0,28.0184326171875,17.926734924316406,32.33129119873047,103.58255767822266,9.470542907714844
29.0,0.0,27.314430236816406,18.039133071899414,32.2402229309082,102.74356079101562,9.470542907714844
30.0,0.0,26.631834030151367,18.136159896850586,32.151920318603516,101.92710876464844,9.470542907714844
31.0,0.0,26.06010627746582,18.262413024902344,32.077964782714844,101.21063232421875,9.470542907714844
32.0,0.0,25.472946166992188,18.359825134277344,32.002010345458984,100.48377227783203,9.470542907714844
33.0,0.0,24.909942626953125,18.448259353637695,31.92917823791504,99.78099822998047,9.470542907714844
34.0,0.0,24.47240447998047,18.5826473236084,31.87257957458496,99.18705749511719,9.470542907714844
35.0,0.0,24.035688400268555,18.70073127746582,31.816085815429688,98.59564971923828,9.470542907714844
36.0,0.0,23.647912979125977,18.829559326171875,31.76592254638672,98.04656219482422,9.470542907714844
37.0,0.0,23.231327056884766,18.926753997802734,31.712034225463867,97.475830078125,9.470542907714844
38.0,0.0,22.865230560302734,19.037778854370117,31.664674758911133,96.94805145263672,9.470542907714844
39.0,0.0,22.498226165771484,19.133962631225586,31.61720085144043,96.4214859008789,9.470542907714844
40.0,0.0,22.175174713134766,19.24294090270996,31.575408935546875,95.9314193725586,9.470542907714844
41.0,0.0,21.855525970458984,19.341136932373047,31.534061431884766,95.44564056396484,9.470542907714844
42.0,0.0,21.577198028564453,19.453096389770508,31.498056411743164,94.99300384521484,9.470542907714844
43.0,0.0,21.300037384033203,19.55426025390625,31.462203979492188,94.5425033569336,9.470542907714844
44.0,0.0,21.012174606323242,19.636823654174805,31.424964904785156,94.08565521240234,9.470542907714844
45.0,0.0,20.712505340576172,19.699724197387695,31.386199951171875,93.62229919433594,9.470542907714844
46.0,0.0,20.387344360351562,19.73311996459961,31.34413719177246,93.14342498779297,9.470542907714844
47.0,0.0,19.971731185913086,19.690391540527344,31.290374755859375,92.60493469238281,9.470542907714844
48.0,0.0,19.5894718170166,19.65717315673828,31.240924835205078,92.09527587890625,9.470542907714844
49.0,0.0,19.236116409301758,19.631610870361328,31.195215225219727,91.61052703857422,9.470542907714844
50.0,0.0,18.890953063964844,19.599550247192383,31.150564193725586,91.13623046875,9.470542907714844
51.0,0.0,18.591432571411133,19.589603424072266,31.111818313598633,90.69657135009766,9.470542907714844
52.0,0.0,18.317733764648438,19.588348388671875,31.076414108276367,90.27745819091797,9.470542907714844
53.0,0.0,18.075529098510742,19.60116195678711,31.045082092285156,89.88162231445312,9.470542907714844
54.0,0.0,17.85146713256836,19.618711471557617,31.016096115112305,89.49991607666016,9.470542907714844
55.0,0.0,17.642311096191406,19.63911247253418,30.989042282104492,89.12987518310547,9.470542907714844
56.0,0.0,17.452238082885742,19.666278839111328,30.964454650878906,88.77349853515625,9.470542907714844
57.0,0.0,17.28234100341797,19.7017765045166,30.942474365234375,88.43077850341797,9.470542907714844
58.0,0.0,17.117992401123047,19.734216690063477,30.921215057373047,88.09297180175781,9.470542907714844
59.0,0.0,16.98580551147461,19.786039352416992,30.904115676879883,87.77425384521484,9.470542907714844
60.0,0.0,16.807861328125,19.79246711730957,30.88109588623047,87.43277740478516,9.470542907714844
61.0,0.0,16.676280975341797,19.830869674682617,30.86407470703125,87.11734771728516,9.470542907714844
62.0,0.0,16.57622528076172,19.889781951904297,30.851133346557617,86.81873321533203,9.470542907714844
63.0,0.0,16.483108520507812,19.94866371154785,30.839086532592773,86.52395629882812,9.470542907714844
64.0,0.0,16.396848678588867,20.007648468017578,30.82792854309082,86.23278045654297,9.470542907714844
65.0,0.0,16.3066349029541,20.05735969543457,30.816259384155273,85.94017791748047,9.470542907714844
66.0,0.0,16.219993591308594,20.104459762573242,30.805049896240234,85.64969635009766,9.470542907714844
67.0,0.0,16.17696189880371,20.185138702392578,30.799484252929688,85.37784576416016,9.470542907714844
68.0,0.0,16.12922477722168,20.25648307800293,30.79330825805664,85.10343170166016,9.470542907714844
69.0,0.0,16.074783325195312,20.316566467285156,30.786266326904297,84.82601928710938,9.470542907714844
70.0,0.0,16.030128479003906,20.380460739135742,30.78049087524414,84.55205535888672,9.470542907714844
71.0,0.0,15.9946928024292,20.447837829589844,30.77590560913086,84.28096771240234,9.470542907714844
72.0,0.0,16.018159866333008,20.565256118774414,30.778942108154297,84.02899169921875,9.470542907714844
73.0,0.0,16.02954864501953,20.66704559326172,30.780414581298828,83.77079010009766,9.470542907714844
74.0,0.0,16.012109756469727,20.737144470214844,30.77815818786621,83.5019760131836,9.470542907714844
75.0,0.0,16.0125732421875,20.819454193115234,30.77821922302246,83.23736572265625,9.470542907714844
76.0,0.0,16.008892059326172,20.893178939819336,30.777742385864258,82.9702377319336,9.470542907714844
77.0,0.0,16.028818130493164,20.9848575592041,30.78032112121582,82.7078628540039,9.470542907714844
78.0,0.0,16.059585571289062,21.08247184753418,30.784299850463867,82.44613647460938,9.470542907714844
79.0,0.0,16.09215545654297,21.177371978759766,30.78851318359375,82.1826171875,9.470542907714844
80.0,0.0,16.1382999420166,21.280954360961914,30.794483184814453,81.91966247558594,9.470542907714844
81.0,0.0,16.192150115966797,21.38759994506836,30.801448822021484,81.65556335449219,9.470542907714844
82.0,0.0,16.24987030029297,21.49356460571289,30.808916091918945,81.3893814086914,9.470542907714844
83.0,0.0,16.36164665222168,21.64801597595215,30.823375701904297,81.12848663330078,9.470542907714844
84.0,0.0,16.46788787841797,21.792726516723633,30.83711814880371,80.86229705810547,9.470542907714844
85.0,0.0,16.504840850830078,21.86475944519043,30.84189796447754,80.58380126953125,9.470542907714844
86.0,0.0,16.6035099029541,21.992889404296875,30.85466194152832,80.30951690673828,9.470542907714844
87.0,0.0,16.725940704345703,22.13984489440918,30.870500564575195,80.03325653076172,9.470542907714844
88.0,0.0,16.83823585510254,22.272085189819336,30.885025024414062,79.751708984375,9.470542907714844
89.0,0.0,16.9987735748291,22.447282791137695,30.905794143676758,79.46820831298828,9.470542907714844
90.0,0.0,17.138303756713867,22.596792221069336,30.923843383789062,79.17829895019531,9.470542907714844
91.0,0.0,17.291677474975586,22.754995346069336,30.943683624267578,78.8835678100586,9.470542907714844
92.0,0.0,17.484737396240234,22.947391510009766,30.968658447265625,78.58325958251953,9.470542907714844
93.0,0.0,17.707231521606445,23.163646697998047,30.997440338134766,78.27562713623047,9.470542907714844
94.0,0.0,17.95578384399414,23.40019416809082,31.029592514038086,77.9593734741211,9.470542907714844
95.0,0.0,18.153305053710938,23.580461502075195,31.055143356323242,77.63766479492188,9.470542907714844
96.0,0.0,18.415958404541016,23.819259643554688,31.089120864868164,77.3045883178711,9.470542907714844
97.0,0.0,18.708404541015625,24.081239700317383,31.126951217651367,76.96012878417969,9.470542907714844
98.0,0.0,19.0151309967041,24.35073471069336,31.166629791259766,76.60456848144531,9.470542907714844
99.0,0.0,19.330291748046875,24.621646881103516,31.2073974609375,76.23800659179688,9.470542907714844
100.0,0.0,19.67898178100586,24.918275833129883,31.252504348754883,75.85657501220703,9.470542907714844
101.0,0.0,20.040796279907227,25.220117568969727,31.29930877685547,75.46194458007812,9.470542907714844
102.0,0.0,20.579240798950195,25.6862735748291,31.368961334228516,75.02456665039062,9.470542907714844
103.0,0.0,21.107006072998047,26.132596969604492,31.437232971191406,74.57205200195312,9.470542907714844
104.0,0.0,21.725040435791016,26.656536102294922,31.517183303833008,74.08378601074219,9.470542907714844
105.0,0.0,22.438655853271484,27.26172637939453,31.609495162963867,73.55418395996094,9.470542907714844
106.0,0.0,23.244186401367188,27.94294548034668,31.713699340820312,72.97957611083984,9.470542907714844
107.0,0.0,24.279842376708984,28.830554962158203,31.847671508789062,72.31941223144531,9.470542907714844
108.0,0.0,25.59284782409668,29.96556854248047,32.017520904541016,71.54934692382812,9.470542907714844
109.0,0.0,28.569652557373047,32.65543746948242,32.4025993347168,70.24678039550781,9.470542907714844
23.0,-5.625,40.302452087402344,19.862451553344727,37.810691833496094,115.26132202148438,9.470542907714844
24.0,-5.625,36.48997497558594,19.09029197692871,36.94949722290039,111.57049560546875,9.470542907714844
25.0,-5.625,34.53250503540039,18.908443450927734,36.507328033447266,109.57867431640625,9.470542907714844
26.0,-5.625,32.922245025634766,18.80052375793457,36.14358901977539,107.91205596923828,9.470542907714844
27.0,-5.625,31.79952621459961,18.84153938293457,35.88998031616211,106.68848419189453,9.470542907714844
28.0,-5.625,30.709644317626953,18.858177185058594,35.6437873840332,105.5013656616211,9.470542907714844
29.0,-5.625,29.752330780029297,18.89675521850586,35.42754364013672,104.43726348876953,9.470542907714844
30.0,-5.625,28.89044189453125,18.9464054107666,35.232852935791016,103.46209716796875,9.470542907714844
31.0,-5.625,28.2065486907959,19.051006317138672,35.078369140625,102.64450073242188,9.470542907714844
32.0,-5.625,27.470829010009766,19.105764389038086,34.91217803955078,101.78738403320312,9.470542907714844
33.0,-5.625,26.85071563720703,19.193302154541016,34.77210235595703,101.0320816040039,9.470542907714844
34.0,-5.625,26.281795501708984,19.285314559936523,34.64358901977539,100.32308959960938,9.470542907714844
35.0,-5.625,25.771711349487305,19.388267517089844,34.52836608886719,99.66574096679688,9.470542907714844
36.0,-5.625,25.19753074645996,19.43735122680664,34.39866638183594,98.95993041992188,9.470542907714844
37.0,-5.625,24.876113891601562,19.608322143554688,34.3260612487793,98.4599380493164,9.470542907714844
38.0,-5.625,24.392818450927734,19.672786712646484,34.21689224243164,97.83311462402344,9.470542907714844
39.0,-5.625,24.032655715942383,19.792387008666992,34.13553237915039,97.30561828613281,9.470542907714844
40.0,-5.625,23.67652702331543,19.90035629272461,34.05508804321289,96.78295135498047,9.470542907714844
41.0,-5.625,23.304595947265625,19.984722137451172,33.971073150634766,96.25035858154297,9.470542907714844
42.0,-5.625,22.962724685668945,20.073850631713867,33.89384841918945,95.74275970458984,9.470542907714844
43.0,-5.625,22.6658935546875,20.178661346435547,33.82679748535156,95.27044677734375,9.470542907714844
44.0,-5.625,22.39357566833496,20.287517547607422,33.76528549194336,94.8174057006836,9.470542907714844
45.0,-5.625,22.15666961669922,20.40870475769043,33.71177291870117,94.39078521728516,9.470542907714844
46.0,-5.625,21.901691436767578,20.50722312927246,33.6541748046875,93.95230865478516,9.470542907714844
47.0,-5.625,21.65128517150879,20.598163604736328,33.59761047363281,93.51836395263672,9.470542907714844
48.0,-5.625,21.399538040161133,20.67760467529297,33.54074478149414,93.08504486083984,9.470542907714844
49.0,-5.625,21.07099151611328,20.691572189331055,33.466529846191406,92.60277557373047,9.470542907714844
50.0,-5.625,20.755840301513672,20.703105926513672,33.39533996582031,92.1331558227539,9.470542907714844
51.0,-5.625,20.38492774963379,20.661739349365234,33.311553955078125,91.63201141357422,9.470542907714844
52.0,-5.625,20.025808334350586,20.61639976501465,33.23043441772461,91.14381408691406,9.470542907714844
53.0,-5.625,19.701553344726562,20.585186004638672,33.157188415527344,90.68245697021484,9.470542907714844
54.0,-5.625,19.375940322875977,20.54146957397461,33.08363723754883,90.22523498535156,9.470542907714844
55.0,-5.625,19.133808135986328,20.551620483398438,33.0289421081543,89.8218765258789,9.470542907714844
56.0,-5.625,18.888294219970703,20.549625396728516,32.97348403930664,89.4197998046875,9.470542907714844
57.0,-5.625,18.649267196655273,20.54339599609375,32.919490814208984,89.02482604980469,9.470542907714844
58.0,-5.625,18.462600708007812,20.57042694091797,32.877323150634766,88.66168975830078,9.470542907714844
59.0,-5.625,18.298959732055664,20.608243942260742,32.84035873413086,88.31291961669922,9.470542907714844
60.0,-5.625,18.143373489379883,20.645164489746094,32.805213928222656,87.97001647949219,9.470542907714844
61.0,-5.625,17.997962951660156,20.683242797851562,32.772369384765625,87.63385009765625,9.470542907714844
62.0,-5.625,17.866348266601562,20.725875854492188,32.742637634277344,87.30587005615234,9.470542907714844
63.0,-5.625,17.719820022583008,20.748947143554688,32.709537506103516,86.97216796875,9.470542907714844
64.0,-5.625,17.600793838500977,20.788728713989258,32.68265151977539,86.65277099609375,9.470542907714844
65.0,-5.625,17.51953125,20.85487174987793,32.6642951965332,86.3510513305664,9.470542907714844
66.0,-5.625,17.449039459228516,20.924575805664062,32.648372650146484,86.05402374267578,9.470542907714844
67.0,-5.625,17.36907386779785,20.98019027709961,32.63031005859375,85.75305938720703,9.470542907714844
68.0,-5.625,17.29756736755371,21.037532806396484,32.614158630371094,85.45571899414062,9.470542907714844
69.0,-5.625,17.251516342163086,21.112071990966797,32.603755950927734,85.1681137084961,9.470542907714844
70.0,-5.625,17.206697463989258,21.182401657104492,32.593631744384766,84.88041687011719,9.470542907714844
71.0,-5.625,17.16070556640625,21.24635124206543,32.5832405090332,84.59185028076172,9.470542907714844
72.0,-5.625,17.142255783081055,21.330244064331055,32.57907485961914,84.31199645996094,9.470542907714844
73.0,-5.625,17.143247604370117,21.42707633972168,32.57929992675781,84.0370864868164,9.470542907714844
74.0,-5.625,17.116849899291992,21.493684768676758,32.573333740234375,83.75239562988281,9.470542907714844
75.0,-5.625,17.12820816040039,21.59040641784668,32.57590103149414,83.47759246826172,9.470542907714844
76.0,-5.625,17.15638542175293,21.69814109802246,32.5822639465332,83.20539855957031,9.470542907714844
77.0,-5.625,17.16798210144043,21.78561782836914,32.58488464355469,82.92679595947266,9.470542907714844
78.0,-5.625,17.21055030822754,21.89757537841797,32.59450149536133,82.65367126464844,9.470542907714844
79.0,-5.625,17.26653289794922,22.017656326293945,32.607147216796875,82.38081359863281,9.470542907714844
80.0,-5.625,17.324962615966797,22.135501861572266,32.62034606933594,82.1054458618164,9.470542907714844
81.0,-5.625,17.389785766601562,22.254831314086914,32.634986877441406,81.82825469970703,9.470542907714844
82.0,-5.625,17.452123641967773,22.36711311340332,32.649070739746094,81.54752349853516,9.470542907714844
83.0,-5.625,17.53500747680664,22.49443817138672,32.66779327392578,81.2668685913086,9.470542907714844
84.0,-5.625,17.63013458251953,22.62885856628418,32.68928146362305,80.9842300415039,9.470542907714844
85.0,-5.625,17.752525329589844,22.784910202026367,32.71692657470703,80.7008056640625,9.470542907714844
86.0,-5.625,17.885639190673828,22.946609497070312,32.74699401855469,80.41365814208984,9.470542907714844
87.0,-5.625,18.02136993408203,23.106019973754883,32.77765655517578,80.12168884277344,9.470542907714844
88.0,-5.625,18.17799949645996,23.280794143676758,32.81303787231445,79.82600402832031,9.470542907714844
89.0,-5.625,18.355743408203125,23.471080780029297,32.853187561035156,79.52561950683594,9.470542907714844
90.0,-5.625,18.54823875427246,23.670570373535156,32.89666748046875,79.2193832397461,9.470542907714844
91.0,-5.625,18.71805191040039,23.842660903930664,32.935028076171875,78.90615844726562,9.470542907714844
92.0,-5.625,18.922595977783203,24.043106079101562,32.981231689453125,78.58692169189453,9.470542907714844
93.0,-5.625,19.1590518951416,24.26897621154785,33.034645080566406,78.26006317138672,9.470542907714844
94.0,-5.625,19.443498611450195,24.53569984436035,33.098899841308594,77.92342376708984,9.470542907714844
95.0,-5.625,19.75550651550293,24.823076248168945,33.169376373291016,77.57581329345703,9.470542907714844
96.0,-5.625,20.077585220336914,25.113773345947266,33.242130279541016,77.21720886230469,9.470542907714844
97.0,-5.625,20.43958282470703,25.436433792114258,33.32390213012695,76.84455871582031,9.470542907714844
98.0,-5.625,20.83620834350586,25.78544807434082,33.41349411010742,76.45651245117188,9.470542907714844
99.0,-5.625,21.284364700317383,26.176639556884766,33.51472854614258,76.04936981201172,9.470542907714844
100.0,-5.625,21.794002532958984,26.618894577026367,33.62984848022461,75.61927795410156,9.470542907714844
101.0,-5.625,22.434825897216797,27.178377151489258,33.77460479736328,75.15235900878906,9.470542907714844
102.0,-5.625,23.081741333007812,27.733612060546875,33.92073440551758,74.6639404296875,9.470542907714844
103.0,-5.625,23.913726806640625,28.454978942871094,34.108673095703125,74.11981964111328,9.470542907714844
104.0,-5.625,24.993886947631836,29.40007209777832,34.352664947509766,73.4979019165039,9.470542907714844
105.0,-5.625,26.374649047851562,30.615100860595703,34.66456604003906,72.77437591552734,9.470542907714844
106.0,-5.625,29.85972023010254,33.798248291015625,35.45180130004883,71.50111389160156,9.470542907714844
26.0,-11.25,41.850830078125,21.885650634765625,42.109214782714844,114.8309326171875,9.470542907714844
27.0,-11.25,37.08198547363281,20.587886810302734,40.58203125,110.45490264892578,9.470542907714844
28.0,-11.25,34.92802047729492,20.238067626953125,39.892242431640625,108.35836791992188,9.470542907714844
29.0,-11.25,33.461273193359375,20.117870330810547,39.42253112792969,106.86312103271484,9.470542907714844
30.0,-11.25,32.23404312133789,20.057483673095703,39.029518127441406,105.58138275146484,9.470542907714844
31.0,-11.25,31.276123046875,20.081554412841797,38.72275161743164,104.53327941894531,9.470542907714844
32.0,-11.25,30.360828399658203,20.093917846679688,38.42963790893555,103.52765655517578,9.470542907714844
33.0,-11.25,29.533782958984375,20.119075775146484,38.1647834777832,102.60118103027344,9.470542907714844
34.0,-11.25,28.8336181640625,20.1805419921875,37.9405632019043,101.78327941894531,9.470542907714844
35.0,-11.25,28.180076599121094,20.242202758789062,37.731266021728516,101.00762939453125,9.470542907714844
36.0,-11.25,27.54018783569336,20.288606643676758,37.52635192871094,100.24771118164062,9.470542907714844
37.0,-11.25,27.042858123779297,20.390962600708008,37.36708450317383,99.60343933105469,9.470542907714844
38.0,-11.25,26.50362777709961,20.451929092407227,37.194400787353516,98.93025970458984,9.470542907714844
39.0,-11.25,26.053359985351562,20.544981002807617,37.05020523071289,98.32855224609375,9.470542907714844
40.0,-11.25,25.62212371826172,20.632795333862305,36.912109375,97.74402618408203,9.470542907714844
41.0,-11.25,25.231002807617188,20.728866577148438,36.7868537902832,97.19195556640625,9.470542907714844
42.0,-11.25,24.847312927246094,20.81487274169922,36.66398239135742,96.64779663085938,9.470542907714844
43.0,-11.25,24.4581298828125,20.883121490478516,36.53934860229492,96.10244750976562,9.470542907714844
44.0,-11.25,24.159271240234375,20.994564056396484,36.443641662597656,95.62362670898438,9.470542907714844
45.0,-11.25,23.863391876220703,21.095932006835938,36.3488883972168,95.14834594726562,9.470542907714844
46.0,-11.25,23.5712947845459,21.187957763671875,36.255348205566406,94.67731475830078,9.470542907714844
47.0,-11.25,23.2916259765625,21.276681900024414,36.16578674316406,94.21643829345703,9.470542907714844
48.0,-11.25,23.04633331298828,21.377635955810547,36.08723068237305,93.77992248535156,9.470542907714844
49.0,-11.25,22.817434310913086,21.47957992553711,36.0139274597168,93.35520935058594,9.470542907714844
50.0,-11.25,22.583759307861328,21.568180084228516,35.93909454345703,92.9285659790039,9.470542907714844
51.0,-11.25,22.35205078125,21.64818000793457,35.86489486694336,92.50456237792969,9.470542907714844
52.0,-11.25,22.11701011657715,21.715869903564453,35.78962326049805,92.08013153076172,9.470542907714844
53.0,-11.25,21.790464401245117,21.706087112426758,35.68505096435547,91.60331726074219,9.470542907714844
54.0,-11.25,21.46800994873047,21.68769645690918,35.581787109375,91.13336944580078,9.470542907714844
55.0,-11.25,21.160400390625,21.66915512084961,35.4832763671875,90.67646789550781,9.470542907714844
56.0,-11.25,20.829980850219727,21.622095108032227,35.377464294433594,90.21142578125,9.470542907714844
57.0,-11.25,20.579151153564453,21.625720977783203,35.29713821411133,89.79473114013672,9.470542907714844
58.0,-11.25,20.306129455566406,21.602252960205078,35.2097053527832,89.36978149414062,9.470542907714844
59.0,-11.25,20.057497024536133,21.588327407836914,35.13008117675781,88.96158599853516,9.470542907714844
60.0,-11.25,19.903072357177734,21.640968322753906,35.080631256103516,88.6041488647461,9.470542907714844
61.0,-11.25,19.705652236938477,21.651037216186523,35.01740646362305,88.2271957397461,9.470542907714844
62.0,-11.25,19.49581527709961,21.642671585083008,34.95021057128906,87.84709930419922,9.470542907714844
63.0,-11.25,19.387365341186523,21.71017074584961,34.91547775268555,87.51646423339844,9.470542907714844
64.0,-11.25,19.257179260253906,21.752822875976562,34.87378692626953,87.17668151855469,9.470542907714844
65.0,-11.25,19.098350524902344,21.76432228088379,34.82292556762695,86.82589721679688,9.470542907714844
66.0,-11.25,19.000581741333008,21.820632934570312,34.7916145324707,86.5024642944336,9.470542907714844
67.0,-11.25,18.9135684967041,21.879850387573242,34.76374816894531,86.18383026123047,9.470542907714844
68.0,-11.25,18.835512161254883,21.940675735473633,34.73875427246094,85.86893463134766,9.470542907714844
69.0,-11.25,18.772449493408203,22.008583068847656,34.71855926513672,85.5597152709961,9.470542907714844
70.0,-11.25,18.726268768310547,22.085540771484375,34.70376968383789,85.2562484741211,9.470542907714844
71.0,-11.25,18.68284034729004,22.159351348876953,34.68986129760742,84.953125,9.470542907714844
72.0,-11.25,18.656538009643555,22.24287986755371,34.68143844604492,84.65491485595703,9.470542907714844
73.0,-11.25,18.64299964904785,22.332496643066406,34.677101135253906,84.3595962524414,9.470542907714844
74.0,-11.25,18.627233505249023,22.414865493774414,34.672054290771484,84.06232452392578,9.470542907714844
75.0,-11.25,18.61960792541504,22.499343872070312,34.669612884521484,83.76612854003906,9.470542907714844
76.0,-11.25,18.63434600830078,22.598989486694336,34.67433166503906,83.4743881225586,9.470542907714844
77.0,-11.25,18.659679412841797,22.703304290771484,34.68244552612305,83.18326568603516,9.470542907714844
78.0,-11.25,18.71549415588379,22.830669403076172,34.7003173828125,82.89684295654297,9.470542907714844
79.0,-11.25,18.767263412475586,22.949487686157227,34.716896057128906,82.60648345947266,9.470542907714844
80.0,-11.25,18.82608413696289,23.069944381713867,34.73573303222656,82.31462860107422,9.470542907714844
81.0,-11.25,18.91107177734375,23.209835052490234,34.7629508972168,82.02438354492188,9.470542907714844
82.0,-11.25,19.019630432128906,23.36688995361328,34.7977180480957,81.7341537475586,9.470542907714844
83.0,-11.25,19.136966705322266,23.527366638183594,34.83529281616211,81.44071960449219,9.470542907714844
84.0,-11.25,19.239030838012695,23.66864013671875,34.867977142333984,81.1406478881836,9.470542907714844
85.0,-11.25,19.376508712768555,23.83818244934082,34.91200256347656,80.84044647216797,9.470542907714844
86.0,-11.25,19.52982521057129,24.01763916015625,34.96110153198242,80.53656768798828,9.470542907714844
87.0,-11.25,19.690364837646484,24.19881820678711,35.01251220703125,80.22765350341797,9.470542907714844
88.0,-11.25,19.868894577026367,24.39177703857422,35.06968307495117,79.91409301757812,9.470542907714844
89.0,-11.25,20.113035202026367,24.6414852142334,35.14786911010742,79.59725952148438,9.470542907714844
90.0,-11.25,20.365671157836914,24.89383316040039,35.22877502441406,79.27233123779297,9.470542907714844
91.0,-11.25,20.606103897094727,25.128999710083008,35.30577087402344,78.93871307373047,9.470542907714844
92.0,-11.25,20.88597297668457,25.39569091796875,35.3953971862793,78.596923828125,9.470542907714844
93.0,-11.25,21.234403610229492,25.721248626708984,35.506980895996094,78.24449920654297,9.470542907714844
94.0,-11.25,21.577655792236328,26.0355281829834,35.61690139770508,77.8808822631836,9.470542907714844
95.0,-11.25,21.94546127319336,26.366369247436523,35.73468780517578,77.50484466552734,9.470542907714844
96.0,-11.25,22.395212173461914,26.76761817932129,35.87871551513672,77.11128234863281,9.470542907714844
97.0,-11.25,22.909624099731445,27.22232437133789,36.043453216552734,76.69778442382812,9.470542907714844
98.0,-11.25,23.43549156188965,27.679677963256836,36.211856842041016,76.26676940917969,9.470542907714844
99.0,-11.25,24.17165184020996,28.326053619384766,36.447608947753906,75.79410552978516,9.470542907714844
100.0,-11.25,24.99772834777832,29.04674530029297,36.71215057373047,75.28596496582031,9.470542907714844
101.0,-11.25,26.076414108276367,29.992586135864258,37.05759048461914,74.71341705322266,9.470542907714844
102.0,-11.25,27.592517852783203,31.33305549621582,37.54310989379883,74.03321838378906,9.470542907714844
30.0,-16.875,38.435672760009766,22.14626693725586,44.523529052734375,109.5606460571289,9.470542907714844
31.0,-16.875,36.18550491333008,21.683197021484375,43.597564697265625,107.4765853881836,9.470542907714844
32.0,-16.875,34.70995330810547,21.50751495361328,42.9903564453125,106.02899932861328,9.470542907714844
33.0,-16.875,33.48508071899414,21.40464210510254,42.486305236816406,104.79217529296875,9.470542907714844
34.0,-16.875,32.463138580322266,21.36210060119629,42.06576919555664,103.72411346435547,9.470542907714844
35.0,-16.875,31.496322631835938,21.314712524414062,41.667911529541016,102.70779418945312,9.470542907714844
36.0,-16.875,30.749588012695312,21.34946060180664,41.360626220703125,101.86693572998047,9.470542907714844
37.0,-16.875,30.06212615966797,21.390867233276367,41.077728271484375,101.07652282714844,9.470542907714844
38.0,-16.875,29.38607406616211,21.415721893310547,40.799522399902344,100.30027770996094,9.470542907714844
39.0,-16.875,28.796463012695312,21.466007232666016,40.55689239501953,99.5929183959961,9.470542907714844
40.0,-16.875,28.220535278320312,21.504213333129883,40.31989288330078,98.90032196044922,9.470542907714844
41.0,-16.875,27.761377334594727,21.590396881103516,40.130943298339844,98.29540252685547,9.470542907714844
42.0,-16.875,27.33465576171875,21.679454803466797,39.955345153808594,97.71632385253906,9.470542907714844
43.0,-16.875,26.936481475830078,21.77037239074707,39.7914924621582,97.15978240966797,9.470542907714844
44.0,-16.875,26.543142318725586,21.84978675842285,39.6296272277832,96.60922241210938,9.470542907714844
45.0,-16.875,26.169353485107422,21.927173614501953,39.475807189941406,96.07460021972656,9.470542907714844
46.0,-16.875,25.794523239135742,21.99024772644043,39.32155990600586,95.54212951660156,9.470542907714844
47.0,-16.875,25.474010467529297,22.07489776611328,39.189666748046875,95.0477294921875,9.470542907714844
48.0,-16.875,25.205135345458984,22.18128776550293,39.07902145385742,94.58817291259766,9.470542907714844
49.0,-16.875,24.953857421875,22.28846549987793,38.975616455078125,94.1408462524414,9.470542907714844
50.0,-16.875,24.693069458007812,22.378677368164062,38.86830139160156,93.68888092041016,9.470542907714844
51.0,-16.875,24.438732147216797,22.462692260742188,38.763641357421875,93.24237060546875,9.470542907714844
52.0,-16.875,24.212182998657227,22.55573272705078,38.67041015625,92.81377410888672,9.470542907714844
53.0,-16.875,24.001096725463867,22.649972915649414,38.58354568481445,92.3952407836914,9.470542907714844
54.0,-16.875,23.8435115814209,22.773317337036133,38.518699645996094,92.00767517089844,9.470542907714844
55.0,-16.875,23.668983459472656,22.87601089477539,38.44688034057617,91.6107406616211,9.470542907714844
56.0,-16.875,23.451385498046875,22.938289642333984,38.357337951660156,91.19132995605469,9.470542907714844
57.0,-16.875,23.18946647644043,22.958070755004883,38.249549865722656,90.75066375732422,9.470542907714844
58.0,-16.875,22.79545021057129,22.867813110351562,38.08740997314453,90.2461166381836,9.470542907714844
59.0,-16.875,22.53426742553711,22.867036819458008,37.97993087768555,89.81410217285156,9.470542907714844
60.0,-16.875,22.258419036865234,22.84514808654785,37.866416931152344,89.37862396240234,9.470542907714844
61.0,-16.875,21.988677978515625,22.818161010742188,37.75541687011719,88.9501953125,9.470542907714844
62.0,-16.875,21.745820999145508,22.80278205871582,37.655479431152344,88.53820037841797,9.470542907714844
63.0,-16.875,21.55925941467285,22.823280334472656,37.578704833984375,88.1546401977539,9.470542907714844
64.0,-16.875,21.396013259887695,22.85445785522461,37.51152801513672,87.78331756591797,9.470542907714844
65.0,-16.875,21.23162841796875,22.87703514099121,37.443878173828125,87.41334533691406,9.470542907714844
66.0,-16.875,21.114177703857422,22.930496215820312,37.39554977416992,87.06401062011719,9.470542907714844
67.0,-16.875,21.032093048095703,23.00629997253418,37.36177062988281,86.72903442382812,9.470542907714844
68.0,-16.875,20.90050506591797,23.034439086914062,37.30762481689453,86.37574005126953,9.470542907714844
69.0,-16.875,20.79155731201172,23.074600219726562,37.262786865234375,86.03193664550781,9.470542907714844
70.0,-16.875,20.715431213378906,23.1358585357666,37.23146057128906,85.70021057128906,9.470542907714844
71.0,-16.875,20.690134048461914,23.234174728393555,37.22105026245117,85.38507843017578,9.470542907714844
72.0,-16.875,20.676401138305664,23.33675765991211,37.21540069580078,85.07221984863281,9.470542907714844
73.0,-16.875,20.65977668762207,23.43129539489746,37.20855712890625,84.75697326660156,9.470542907714844
74.0,-16.875,20.65261459350586,23.528444290161133,37.20561218261719,84.44302368164062,9.470542907714844
75.0,-16.875,20.646617889404297,23.621076583862305,37.20314407348633,84.12784576416016,9.470542907714844
76.0,-16.875,20.665851593017578,23.730295181274414,37.2110595703125,83.81745147705078,9.470542907714844
77.0,-16.875,20.728469848632812,23.872385025024414,37.2368278503418,83.51502990722656,9.470542907714844
78.0,-16.875,20.77127456665039,23.99188995361328,37.25444030761719,83.20489501953125,9.470542907714844
79.0,-16.875,20.82826805114746,24.118722915649414,37.27789306640625,82.89492797851562,9.470542907714844
80.0,-16.875,20.894926071166992,24.248943328857422,37.30532455444336,82.58373260498047,9.470542907714844
81.0,-16.875,21.00002670288086,24.408334732055664,37.348575592041016,82.27583312988281,9.470542907714844
82.0,-16.875,21.154264450073242,24.60675621032715,37.41204833984375,81.97120666503906,9.470542907714844
83.0,-16.875,21.264537811279297,24.76063346862793,37.45742416381836,81.65459442138672,9.470542907714844
84.0,-16.875,21.43106460571289,24.960006713867188,37.52595520019531,81.3405990600586,9.470542907714844
85.0,-16.875,21.591623306274414,25.1488037109375,37.59202575683594,81.0198974609375,9.470542907714844
86.0,-16.875,21.772714614868164,25.350879669189453,37.66654586791992,80.69530487060547,9.470542907714844
87.0,-16.875,21.987276077270508,25.577917098999023,37.75484085083008,80.36693572998047,9.470542907714844
88.0,-16.875,22.242218017578125,25.836172103881836,37.85974884033203,80.03372192382812,9.470542907714844
89.0,-16.875,22.51915740966797,26.10883331298828,37.973716735839844,79.6929931640625,9.470542907714844
90.0,-16.875,22.891029357910156,26.462160110473633,38.12674331665039,79.34590911865234,9.470542907714844
91.0,-16.875,23.319255828857422,26.860870361328125,38.30296325683594,78.987548828125,9.470542907714844
92.0,-16.875,23.66035270690918,27.17389678955078,38.443328857421875,78.61571502685547,9.470542907714844
93.0,-16.875,24.130281448364258,27.597713470458984,38.63671112060547,78.23065185546875,9.470542907714844
94.0,-16.875,24.663299560546875,28.071990966796875,38.85605239868164,77.82859802246094,9.470542907714844
95.0,-16.875,25.255496978759766,28.592634201049805,39.09974670410156,77.4068832397461,9.470542907714844
96.0,-16.875,26.022266387939453,29.26392364501953,39.415283203125,76.95516967773438,9.470542907714844
97.0,-16.875,26.881948471069336,30.010570526123047,39.76905059814453,76.47203826904297,9.470542907714844
98.0,-16.875,27.946144104003906,30.932634353637695,40.20697784423828,75.94231414794922,9.470542907714844
99.0,-16.875,30.012601852416992,32.74967956542969,41.057350158691406,75.26577758789062,9.470542907714844
33.0,-22.5,42.249656677246094,24.509794235229492,49.78167724609375,110.04255676269531,9.470542907714844
34.0,-22.5,38.84069061279297,23.485383987426758,48.08123016357422,107.20431518554688,9.470542907714844
35.0,-22.5,36.925315856933594,23.074569702148438,47.12580871582031,105.49691009521484,9.470542907714844
36.0,-22.5,35.61087417602539,22.901687622070312,46.47013854980469,104.24437713623047,9.470542907714844
37.0,-22.5,34.513458251953125,22.798681259155273,45.9227294921875,103.16027069091797,9.470542907714844
38.0,-22.5,33.593299865722656,22.753732681274414,45.46373748779297,102.21195983886719,9.470542907714844
39.0,-22.5,32.712310791015625,22.70152473449707,45.02428436279297,101.29995727539062,9.470542907714844
40.0,-22.5,31.986164093017578,22.70560646057129,44.66207504272461,100.50277709960938,9.470542907714844
41.0,-22.5,31.384586334228516,22.755239486694336,44.36199951171875,99.79631042480469,9.470542907714844
42.0,-22.5,30.77196502685547,22.77935791015625,44.05641174316406,99.08756256103516,9.470542907714844
43.0,-22.5,30.24785804748535,22.83446502685547,43.794979095458984,98.44236755371094,9.470542907714844
44.0,-22.5,29.729734420776367,22.8758544921875,43.536529541015625,97.80541229248047,9.470542907714844
45.0,-22.5,29.344932556152344,22.979263305664062,43.344581604003906,97.2575454711914,9.470542907714844
46.0,-22.5,28.85564422607422,23.00588035583496,43.10051727294922,96.64690399169922,9.470542907714844
47.0,-22.5,28.483720779418945,23.088594436645508,42.91499710083008,96.1129150390625,9.470542907714844
48.0,-22.5,28.09516716003418,23.147647857666016,42.7211799621582,95.57159423828125,9.470542907714844
49.0,-22.5,27.817106246948242,23.263330459594727,42.582481384277344,95.09880828857422,9.470542907714844
50.0,-22.5,27.493906021118164,23.338796615600586,42.4212646484375,94.60104370117188,9.470542907714844
51.0,-22.5,27.182395935058594,23.409982681274414,42.265872955322266,94.11234283447266,9.470542907714844
52.0,-22.5,26.91695785522461,23.500200271606445,42.13346862792969,93.65167999267578,9.470542907714844
53.0,-22.5,26.69993019104004,23.612451553344727,42.025211334228516,93.21898651123047,9.470542907714844
54.0,-22.5,26.563488006591797,23.770187377929688,41.9571533203125,92.82989501953125,9.470542907714844
55.0,-22.5,26.367401123046875,23.878528594970703,41.85934066772461,92.40869903564453,9.470542907714844
56.0,-22.5,26.111631393432617,23.93585968017578,41.73175811767578,91.95770263671875,9.470542907714844
57.0,-22.5,25.946962356567383,24.04779815673828,41.649620056152344,91.55413818359375,9.470542907714844
58.0,-22.5,25.782419204711914,24.1513614654541,41.567543029785156,91.15079498291016,9.470542907714844
59.0,-22.5,25.652402877807617,24.271615982055664,41.502689361572266,90.76404571533203,9.470542907714844
60.0,-22.5,25.51099395751953,24.37566566467285,41.432151794433594,90.3717041015625,9.470542907714844
61.0,-22.5,25.275466918945312,24.40176773071289,41.314666748046875,89.9375,9.470542907714844
62.0,-22.5,25.0092716217041,24.395442962646484,41.181884765625,89.49271392822266,9.470542907714844
63.0,-22.5,24.739456176757812,24.37662696838379,41.04729461669922,89.05010986328125,9.470542907714844
64.0,-22.5,24.514795303344727,24.382732391357422,40.93523406982422,88.62980651855469,9.470542907714844
65.0,-22.5,24.29369354248047,24.38268280029297,40.82494354248047,88.21388244628906,9.470542907714844
66.0,-22.5,24.06460952758789,24.36766815185547,40.710670471191406,87.79798889160156,9.470542907714844
67.0,-22.5,23.90212059020996,24.3962459564209,40.62961959838867,87.40987396240234,9.470542907714844
68.0,-22.5,23.773386001586914,24.443775177001953,40.56540298461914,87.03543090820312,9.470542907714844
69.0,-22.5,23.676267623901367,24.50922203063965,40.51696014404297,86.67266845703125,9.470542907714844
70.0,-22.5,23.59893226623535,24.583675384521484,40.47838592529297,86.31658172607422,9.470542907714844
71.0,-22.5,23.528240203857422,24.656850814819336,40.443119049072266,85.96239471435547,9.470542907714844
72.0,-22.5,23.472061157226562,24.73529052734375,40.41510009765625,85.61227416992188,9.470542907714844
73.0,-22.5,23.43324089050293,24.821550369262695,40.39573287963867,85.26652526855469,9.470542907714844
74.0,-22.5,23.38843536376953,24.896648406982422,40.37338638305664,84.91827392578125,9.470542907714844
75.0,-22.5,23.389453887939453,25.00344467163086,40.37389373779297,84.58097839355469,9.470542907714844
76.0,-22.5,23.412817001342773,25.122968673706055,40.38554763793945,84.2471694946289,9.470542907714844
77.0,-22.5,23.497669219970703,25.288238525390625,40.42787170410156,83.92471313476562,9.470542907714844
78.0,-22.5,23.582685470581055,25.448307037353516,40.47028350830078,83.59821319580078,9.470542907714844
79.0,-22.5,23.679807662963867,25.613182067871094,40.51872634887695,83.27007293701172,9.470542907714844
80.0,-22.5,23.772327423095703,25.768718719482422,40.564876556396484,82.93683624267578,9.470542907714844
81.0,-22.5,23.909929275512695,25.957056045532227,40.633514404296875,82.60697174072266,9.470542907714844
82.0,-22.5,24.069719314575195,26.158931732177734,40.71322250366211,82.27513122558594,9.470542907714844
83.0,-22.5,24.191234588623047,26.32260513305664,40.773834228515625,81.93229675292969,9.470542907714844
84.0,-22.5,24.473203659057617,26.61827850341797,40.914485931396484,81.60401916503906,9.470542907714844
85.0,-22.5,24.672887802124023,26.837932586669922,41.01409149169922,81.25779724121094,9.470542907714844
86.0,-22.5,25.051807403564453,27.20636558532715,41.203102111816406,80.92082214355469,9.470542907714844
87.0,-22.5,25.400606155395508,27.54339027404785,41.37709045410156,80.56953430175781,9.470542907714844
88.0,-22.5,25.751842498779297,27.87674903869629,41.55229187011719,80.20730590820312,9.470542907714844
89.0,-22.5,26.130741119384766,28.227996826171875,41.741294860839844,79.8352279663086,9.470542907714844
90.0,-22.5,26.695281982421875,28.733749389648438,42.02289581298828,79.45675659179688,9.470542907714844
91.0,-22.5,27.308609008789062,29.275304794311523,42.328834533691406,79.0616683959961,9.470542907714844
92.0,-22.5,27.911529541015625,29.80093765258789,42.629581451416016,78.64791870117188,9.470542907714844
93.0,-22.5,28.80889892578125,30.574331283569336,43.07720184326172,78.2111587524414,9.470542907714844
94.0,-22.5,29.861419677734375,31.4739933013916,43.60221862792969,77.7425308227539,9.470542907714844
95.0,-22.5,31.670045852661133,33.01900863647461,44.50439453125,77.20723724365234,9.470542907714844
