angle,vert_angle,dist,x,y,z,height
0.0,5.625,16.84421157836914,74.54822540283203,19.489301681518555,0.3499999940395355,7.970513820648193
1.0,5.625,16.68893051147461,74.2181625366211,19.47604751586914,0.3499999940395355,7.970513820648193
2.0,5.625,16.541479110717773,73.89402770996094,19.463462829589844,0.3499999940395355,7.970513820648193
3.0,5.625,16.40156364440918,73.57547760009766,19.451520919799805,0.3499999940395355,7.970513820648193
4.0,5.625,16.26890754699707,73.26217651367188,19.44019889831543,0.3499999940395355,7.970513820648193
5.0,5.625,16.143259048461914,72.95381164550781,19.429473876953125,0.3499999940395355,7.970513820648193
6.0,5.625,16.02437973022461,72.65007781982422,19.419328689575195,0.3499999940395355,7.970513820648193
7.0,5.625,15.912050247192383,72.35069274902344,19.409740447998047,0.3499999940395355,7.970513820648193
8.0,5.625,15.806066513061523,72.05538940429688,19.40069580078125,0.3499999940395355,7.970513820648193
9.0,5.625,15.70623779296875,71.76390838623047,19.392173767089844,0.3499999940395355,7.970513820648193
10.0,5.625,15.612387657165527,71.47599792480469,19.384164810180664,0.3499999940395355,7.970513820648193
11.0,5.625,15.52435302734375,71.19141387939453,19.376651763916016,0.3499999940395355,7.970513820648193
12.0,5.625,15.44198226928711,70.90994262695312,19.36962127685547,0.3499999940395355,7.970513820648193
13.0,5.625,15.365138053894043,70.63136291503906,19.363061904907227,0.3499999940395355,7.970513820648193
14.0,5.625,15.293688774108887,70.3554458618164,19.356964111328125,0.3499999940395355,7.970513820648193
15.0,5.625,15.227519989013672,70.0820083618164,19.351316452026367,0.3499999940395355,7.970513820648193
16.0,5.625,15.166520118713379,69.81084442138672,19.34610939025879,0.3499999940395355,7.970513820648193
17.0,5.625,15.110591888427734,69.54176330566406,19.341337203979492,0.3499999940395355,7.970513820648193
18.0,5.625,15.05964469909668,69.27457427978516,19.33698844909668,0.3499999940395355,7.970513820648193
19.0,5.625,15.01359748840332,69.00910186767578,19.333057403564453,0.3499999940395355,7.970513820648193
20.0,5.625,14.972379684448242,68.74517059326172,19.329540252685547,0.3499999940395355,7.970513820648193
21.0,5.625,14.935922622680664,68.48260498046875,19.326427459716797,0.3499999940395355,7.970513820648193
22.0,5.625,14.90417194366455,68.22122955322266,19.323719024658203,0.3499999940395355,7.970513820648193
23.0,5.625,14.87707805633545,67.96089172363281,19.3214054107666,0.3499999940395355,7.970513820648193
24.0,5.625,14.85460090637207,67.70140838623047,19.319486618041992,0.3499999940395355,7.970513820648193
25.0,5.625,14.836702346801758,67.44264221191406,19.31795883178711,0.3499999940395355,7.970513820648193
26.0,5.625,14.823356628417969,67.18441009521484,19.31682014465332,0.3499999940395355,7.970513820648193
27.0,5.625,14.814543724060059,66.92656707763672,19.316068649291992,0.3499999940395355,7.970513820648193
28.0,5.625,14.810250282287598,66.66895294189453,19.315702438354492,0.3499999940395355,7.970513820648193
29.0,5.625,14.810469627380371,66.41141510009766,19.31572151184082,0.3499999940395355,7.970513820648193
30.0,5.625,14.815201759338379,66.1537857055664,19.316123962402344,0.3499999940395355,7.970513820648193
31.0,5.625,14.824453353881836,65.89591217041016,19.316913604736328,0.3499999940395355,7.970513820648193
32.0,5.625,14.838240623474121,65.63763427734375,19.318090438842773,0.3499999940395355,7.970513820648193
33.0,5.625,14.856582641601562,65.3788070678711,19.319656372070312,0.3499999940395355,7.970513820648193
34.0,5.625,14.879508018493652,65.11925506591797,19.321613311767578,0.3499999940395355,7.970513820648193
35.0,5.625,14.907051086425781,64.85881805419922,19.323963165283203,0.3499999940395355,7.970513820648193
36.0,5.625,14.93925666809082,64.59733581542969,19.32671356201172,0.3499999940395355,7.970513820648193
37.0,5.625,14.976173400878906,64.33464050292969,19.329864501953125,0.3499999940395355,7.970513820648193
38.0,5.625,15.017858505249023,64.07057189941406,19.33342170715332,0.3499999940395355,7.970513820648193
39.0,5.625,15.06437873840332,63.804935455322266,19.337392807006836,0.3499999940395355,7.970513820648193
40.0,5.625,15.115805625915527,63.537574768066406,19.341781616210938,0.3499999940395355,7.970513820648193
41.0,5.625,15.172223091125488,63.26829528808594,19.346595764160156,0.3499999940395355,7.970513820648193
42.0,5.625,15.233719825744629,62.99692153930664,19.351844787597656,0.3499999940395355,7.970513820648193
43.0,5.625,15.300397872924805,62.72325134277344,19.35753631591797,0.3499999940395355,7.970513820648193
44.0,5.625,15.37236499786377,62.44709014892578,19.363677978515625,0.3499999940395355,7.970513820648193
45.0,5.625,15.44974136352539,62.16823196411133,19.370283126831055,0.3499999940395355,7.970513820648193
46.0,5.625,15.532655715942383,61.88646697998047,19.37735939025879,0.3499999940395355,7.970513820648193
47.0,5.625,15.621248245239258,61.60157775878906,19.384920120239258,0.3499999940395355,7.970513820648193
48.0,5.625,15.71567153930664,61.31332778930664,19.392980575561523,0.3499999940395355,7.970513820648193
49.0,5.625,15.81609058380127,61.021480560302734,19.40155029296875,0.3499999940395355,7.970513820648193
50.0,5.625,15.922682762145996,60.725791931152344,19.410648345947266,0.3499999940395355,7.970513820648193
51.0,5.625,16.0356388092041,60.426002502441406,19.420289993286133,0.3499999940395355,7.970513820648193
52.0,5.625,16.155166625976562,60.121829986572266,19.430490493774414,0.3499999940395355,7.970513820648193
53.0,5.625,16.281484603881836,59.8129997253418,19.441272735595703,0.3499999940395355,7.970513820648193
54.0,5.625,16.414833068847656,59.499202728271484,19.452653884887695,0.3499999940395355,7.970513820648193
55.0,5.625,16.555469512939453,59.18012619018555,19.464656829833984,0.3499999940395355,7.970513820648193
56.0,5.625,16.703670501708984,58.855430603027344,19.477306365966797,0.3499999940395355,7.970513820648193
57.0,5.625,16.859725952148438,58.52477264404297,19.490625381469727,0.3499999940395355,7.970513820648193
58.0,5.625,17.023963928222656,58.18777084350586,19.504642486572266,0.3499999940395355,7.970513820648193
59.0,5.625,17.196720123291016,57.84403610229492,19.51938819885254,0.3499999940395355,7.970513820648193
60.0,5.625,17.378368377685547,57.493141174316406,19.53489112854004,0.3499999940395355,7.970513820648193
61.0,5.625,17.569303512573242,57.134647369384766,19.55118751525879,0.3499999940395355,7.970513820648193
62.0,5.625,17.76995277404785,56.76807403564453,19.568313598632812,0.3499999940395355,7.970513820648193
63.0,5.625,17.98077964782715,56.39291763305664,19.586307525634766,0.3499999940395355,7.970513820648193
64.0,5.625,18.202281951904297,56.00863265991211,19.605213165283203,0.3499999940395355,7.970513820648193
65.0,5.625,18.43499183654785,55.61463928222656,19.62507438659668,0.3499999940395355,7.970513820648193
66.0,5.625,18.67949104309082,55.210323333740234,19.64594268798828,0.3499999940395355,7.970513820648193
67.0,5.625,18.93641471862793,54.79499816894531,19.667871475219727,0.3499999940395355,7.970513820648193
68.0,5.625,19.206430435180664,54.36796951293945,19.690916061401367,0.3499999940395355,7.970513820648193
69.0,5.625,19.490283966064453,53.928443908691406,19.71514320373535,0.3499999940395355,7.970513820648193
70.0,5.625,19.788772583007812,53.475589752197266,19.740619659423828,0.3499999940395355,7.970513820648193
71.0,5.625,20.102764129638672,53.008506774902344,19.767417907714844,0.3499999940395355,7.970513820648193
72.0,5.625,20.43320083618164,52.52621841430664,19.795621871948242,0.3499999940395355,7.970513820648193
73.0,5.625,20.7811222076416,52.02764892578125,19.8253173828125,0.3499999940395355,7.970513820648193
74.0,5.625,21.14764976501465,51.51165008544922,19.856599807739258,0.3499999940395355,7.970513820648193
75.0,5.625,21.53401756286621,50.976951599121094,19.889575958251953,0.3499999940395355,7.970513820648193
76.0,5.625,21.941574096679688,50.422183990478516,19.924362182617188,0.3499999940395355,7.970513820648193
77.0,5.625,22.371803283691406,49.8458251953125,19.961082458496094,0.3499999940395355,7.970513820648193
78.0,5.625,22.826324462890625,49.24624252319336,19.999874114990234,0.3499999940395355,7.970513820648193
79.0,5.625,23.30694580078125,48.6215934753418,20.040895462036133,0.3499999940395355,7.970513820648193
80.0,5.625,23.815658569335938,47.96986389160156,20.084314346313477,0.3499999940395355,7.970513820648193
81.0,5.625,24.354658126831055,47.28883361816406,20.13031768798828,0.3499999940395355,7.970513820648193
82.0,5.625,24.9263916015625,46.57604217529297,20.179115295410156,0.3499999940395355,7.970513820648193
83.0,5.625,25.533571243286133,45.82875061035156,20.230937957763672,0.3499999940395355,7.970513820648193
84.0,5.625,26.179250717163086,45.04389572143555,20.286048889160156,0.3499999940395355,7.970513820648193
85.0,5.625,26.86681365966797,44.21807861328125,20.344730377197266,0.3499999940395355,7.970513820648193
86.0,5.625,27.600114822387695,43.347415924072266,20.407318115234375,0.3499999940395355,7.970513820648193
87.0,5.625,28.383453369140625,42.4276123046875,20.47417640686035,0.3499999940395355,7.970513820648193
330.0,5.625,28.305030822753906,90.58613586425781,20.467483520507812,0.3499999940395355,7.970513820648193
331.0,5.625,27.52674102783203,89.67129516601562,20.40105628967285,0.3499999940395355,7.970513820648193
332.0,5.625,26.798072814941406,88.80518341064453,20.338863372802734,0.3499999940395355,7.970513820648193
333.0,5.625,26.114734649658203,87.9834976196289,20.280540466308594,0.3499999940395355,7.970513820648193
334.0,5.625,25.47294807434082,87.20244598388672,20.225765228271484,0.3499999940395355,7.970513820648193
335.0,5.625,24.869340896606445,86.4586410522461,20.17424774169922,0.3499999940395355,7.970513820648193
336.0,5.625,24.300893783569336,85.74903869628906,20.125730514526367,0.3499999940395355,7.970513820648193
337.0,5.625,23.764944076538086,85.07096862792969,20.079986572265625,0.3499999940395355,7.970513820648193
338.0,5.625,23.259056091308594,84.42196655273438,20.036808013916016,0.3499999940395355,7.970513820648193
339.0,5.625,22.781051635742188,83.7998275756836,19.99601173400879,0.3499999940395355,7.970513820648193
340.0,5.625,22.328968048095703,83.20257568359375,19.957426071166992,0.3499999940395355,7.970513820648193
341.0,5.625,21.901004791259766,82.62838745117188,19.9208984375,0.3499999940395355,7.970513820648193
342.0,5.625,21.49557113647461,82.07563018798828,19.886295318603516,0.3499999940395355,7.970513820648193
343.0,5.625,21.11119270324707,81.54281616210938,19.85348892211914,0.3499999940395355,7.970513820648193
344.0,5.625,20.74652671813965,81.028564453125,19.822364807128906,0.3499999940395355,7.970513820648193
345.0,5.625,20.400354385375977,80.53163146972656,19.792818069458008,0.3499999940395355,7.970513820648193
346.0,5.625,20.07154655456543,80.05084991455078,19.764755249023438,0.3499999940395355,7.970513820648193
347.0,5.625,19.759105682373047,79.58518981933594,19.738086700439453,0.3499999940395355,7.970513820648193
348.0,5.625,19.462080001831055,79.13368225097656,19.712736129760742,0.3499999940395355,7.970513820648193
349.0,5.625,19.179603576660156,78.69540405273438,19.688627243041992,0.3499999940395355,7.970513820648193
350.0,5.625,18.910890579223633,78.26954650878906,19.665691375732422,0.3499999940395355,7.970513820648193
351.0,5.625,18.655200958251953,77.85531616210938,19.643869400024414,0.3499999940395355,7.970513820648193
352.0,5.625,18.41187286376953,77.4520263671875,19.62310028076172,0.3499999940395355,7.970513820648193
353.0,5.625,18.180278778076172,77.05900573730469,19.603334426879883,0.3499999940395355,7.970513820648193
354.0,5.625,17.959836959838867,76.6756362915039,19.58452033996582,0.3499999940395355,7.970513820648193
355.0,5.625,17.750022888183594,76.30133819580078,19.566612243652344,0.3499999940395355,7.970513820648193
356.0,5.625,17.55033302307129,75.93556213378906,19.54956817626953,0.3499999940395355,7.970513820648193
357.0,5.625,17.360319137573242,75.57783508300781,19.53335189819336,0.3499999940395355,7.970513820648193
358.0,5.625,17.179553985595703,75.2276611328125,19.51792335510254,0.3499999940395355,7.970513820648193
359.0,5.625,17.007640838623047,74.88459777832031,19.503250122070312,0.3499999940395355,7.970513820648193
0.0,0.0,16.76483917236328,74.51054382324219,18.036134719848633,0.3499999940395355,7.970513820648193
1.0,0.0,16.611021041870117,74.1811752319336,18.036277770996094,0.3499999940395355,7.970513820648193
2.0,0.0,16.46497344970703,73.8576889038086,18.036413192749023,0.3499999940395355,7.970513820648193
3.0,0.0,16.326398849487305,73.53974914550781,18.036540985107422,0.3499999940395355,7.970513820648193
4.0,0.0,16.195030212402344,73.22702026367188,18.036663055419922,0.3499999940395355,7.970513820648193
5.0,0.0,16.070615768432617,72.91919708251953,18.03677749633789,0.3499999940395355,7.970513820648193
6.0,0.0,15.952919960021973,72.615966796875,18.03688621520996,0.3499999940395355,7.970513820648193
7.0,0.0,15.841726303100586,72.31706237792969,18.036989212036133,0.3499999940395355,7.970513820648193
8.0,0.0,15.736831665039062,72.02220153808594,18.037086486816406,0.3499999940395355,7.970513820648193
9.0,0.0,15.638050079345703,71.73114013671875,18.03717803955078,0.3499999940395355,7.970513820648193
10.0,0.0,15.545207023620605,71.44361114501953,18.037263870239258,0.3499999940395355,7.970513820648193
11.0,0.0,15.458139419555664,71.1594009399414,18.037343978881836,0.3499999940395355,7.970513820648193
12.0,0.0,15.376699447631836,70.87826538085938,18.03742027282715,0.3499999940395355,7.970513820648193
13.0,0.0,15.300750732421875,70.59999084472656,18.03748893737793,0.3499999940395355,7.970513820648193
14.0,0.0,15.23016357421875,70.32437133789062,18.037555694580078,0.3499999940395355,7.970513820648193
15.0,0.0,15.164824485778809,70.05120086669922,18.037614822387695,0.3499999940395355,7.970513820648193
16.0,0.0,15.104623794555664,69.78028106689453,18.03767204284668,0.3499999940395355,7.970513820648193
17.0,0.0,15.049466133117676,69.51142120361328,18.037721633911133,0.3499999940395355,7.970513820648193
18.0,0.0,14.999260902404785,69.24443817138672,18.037769317626953,0.3499999940395355,7.970513820648193
19.0,0.0,14.953929901123047,68.9791488647461,18.037811279296875,0.3499999940395355,7.970513820648193
20.0,0.0,14.91340160369873,68.71537780761719,18.0378475189209,0.3499999940395355,7.970513820648193
21.0,0.0,14.877612113952637,68.45295715332031,18.03788185119629,0.3499999940395355,7.970513820648193
22.0,0.0,14.846504211425781,68.19171142578125,18.03791046142578,0.3499999940395355,7.970513820648193
23.0,0.0,14.820033073425293,67.93147277832031,18.037935256958008,0.3499999940395355,7.970513820648193
24.0,0.0,14.798154830932617,67.67208099365234,18.037954330444336,0.3499999940395355,7.970513820648193
25.0,0.0,14.78083610534668,67.41338348388672,18.03797149658203,0.3499999940395355,7.970513820648193
26.0,0.0,14.768052101135254,67.15520477294922,18.037982940673828,0.3499999940395355,7.970513820648193
27.0,0.0,14.759782791137695,66.89739990234375,18.03799057006836,0.3499999940395355,7.970513820648193
28.0,0.0,14.756013870239258,66.63980102539062,18.037994384765625,0.3499999940395355,7.970513820648193
29.0,0.0,14.756741523742676,66.38225555419922,18.037992477416992,0.3499999940395355,7.970513820648193
30.0,0.0,14.761964797973633,66.12460327148438,18.037988662719727,0.3499999940395355,7.970513820648193
31.0,0.0,14.77169418334961,65.86669158935547,18.037979125976562,0.3499999940395355,7.970513820648193
32.0,0.0,14.785943031311035,65.60836791992188,18.037965774536133,0.3499999940395355,7.970513820648193
33.0,0.0,14.804733276367188,65.34945678710938,18.037948608398438,0.3499999940395355,7.970513820648193
34.0,0.0,14.828094482421875,65.08981323242188,18.037927627563477,0.3499999940395355,7.970513820648193
35.0,0.0,14.856060981750488,64.82926940917969,18.037900924682617,0.3499999940395355,7.970513820648193
36.0,0.0,14.888678550720215,64.56765747070312,18.037870407104492,0.3499999940395355,7.970513820648193
37.0,0.0,14.925993919372559,64.30481719970703,18.0378360748291,0.3499999940395355,7.970513820648193
38.0,0.0,14.968070030212402,64.04057312011719,18.037797927856445,0.3499999940395355,7.970513820648193
39.0,0.0,15.014969825744629,63.774757385253906,18.03775405883789,0.3499999940395355,7.970513820648193
40.0,0.0,15.066767692565918,63.50718688964844,18.03770637512207,0.3499999940395355,7.970513820648193
41.0,0.0,15.123547554016113,63.2376823425293,18.03765296936035,0.3499999940395355,7.970513820648193
42.0,0.0,15.185399055480957,62.96605682373047,18.037595748901367,0.3499999940395355,7.970513820648193
43.0,0.0,15.252425193786621,62.69211196899414,18.037534713745117,0.3499999940395355,7.970513820648193
44.0,0.0,15.32473373413086,62.41565704345703,18.03746795654297,0.3499999940395355,7.970513820648193
45.0,0.0,15.402444839477539,62.13648223876953,18.037395477294922,0.3499999940395355,7.970513820648193
46.0,0.0,15.485690116882324,61.854373931884766,18.03731918334961,0.3499999940395355,7.970513820648193
47.0,0.0,15.574609756469727,61.569114685058594,18.0372371673584,0.3499999940395355,7.970513820648193
48.0,0.0,15.669356346130371,61.28047180175781,18.03714942932129,0.3499999940395355,7.970513820648193
49.0,0.0,15.770096778869629,60.98820495605469,18.03705596923828,0.3499999940395355,7.970513820648193
50.0,0.0,15.877007484436035,60.69206619262695,18.036956787109375,0.3499999940395355,7.970513820648193
51.0,0.0,15.99028205871582,60.39179229736328,18.03685188293457,0.3499999940395355,7.970513820648193
52.0,0.0,16.11012840270996,60.08710861206055,18.036741256713867,0.3499999940395355,7.970513820648193
53.0,0.0,16.236766815185547,59.77772903442383,18.036623001098633,0.3499999940395355,7.970513820648193
54.0,0.0,16.370437622070312,59.463348388671875,18.036500930786133,0.3499999940395355,7.970513820648193
55.0,0.0,16.51140022277832,59.143653869628906,18.03636932373047,0.3499999940395355,7.970513820648193
56.0,0.0,16.659929275512695,58.818302154541016,18.036231994628906,0.3499999940395355,7.970513820648193
57.0,0.0,16.81632423400879,58.486942291259766,18.036087036132812,0.3499999940395355,7.970513820648193
58.0,0.0,16.980905532836914,58.149200439453125,18.035934448242188,0.3499999940395355,7.970513820648193
59.0,0.0,17.154016494750977,57.8046760559082,18.03577423095703,0.3499999940395355,7.970513820648193
60.0,0.0,17.336027145385742,57.452945709228516,18.035606384277344,0.3499999940395355,7.970513820648193
61.0,0.0,17.527339935302734,57.09355926513672,18.035429000854492,0.3499999940395355,7.970513820648193
62.0,0.0,17.728382110595703,56.726043701171875,18.03524398803711,0.3499999940395355,7.970513820648193
63.0,0.0,17.939617156982422,56.349884033203125,18.03504753112793,0.3499999940395355,7.970513820648193
64.0,0.0,18.16154670715332,55.96452713012695,18.03484344482422,0.3499999940395355,7.970513820648193
65.0,0.0,18.39470863342285,55.56939697265625,18.03462791442871,0.3499999940395355,7.970513820648193
66.0,0.0,18.639686584472656,55.16386413574219,18.034400939941406,0.3499999940395355,7.970513820648193
67.0,0.0,18.897111892700195,54.747257232666016,18.034162521362305,0.3499999940395355,7.970513820648193
68.0,0.0,19.167667388916016,54.31884765625,18.033912658691406,0.3499999940395355,7.970513820648193
69.0,0.0,19.452096939086914,53.87785720825195,18.033649444580078,0.3499999940395355,7.970513820648193
70.0,0.0,19.751197814941406,53.423439025878906,18.03337287902832,0.3499999940395355,7.970513820648193
71.0,0.0,20.06584930419922,52.954689025878906,18.0330810546875,0.3499999940395355,7.970513820648193
72.0,0.0,20.397003173828125,52.47060775756836,18.032773971557617,0.3499999940395355,7.970513820648193
73.0,0.0,20.74569320678711,51.97012710571289,18.032451629638672,0.3499999940395355,7.970513820648193
74.0,0.0,21.11305809020996,51.45207977294922,18.03211212158203,0.3499999940395355,7.970513820648193
75.0,0.0,21.500335693359375,50.91518020629883,18.031753540039062,0.3499999940395355,7.970513820648193
76.0,0.0,21.90888786315918,50.3580436706543,18.031375885009766,0.3499999940395355,7.970513820648193
77.0,0.0,22.340200424194336,49.77914810180664,18.030977249145508,0.3499999940395355,7.970513820648193
78.0,0.0,22.795913696289062,49.17681884765625,18.030555725097656,0.3499999940395355,7.970513820648193
79.0,0.0,23.277851104736328,48.54920196533203,18.030109405517578,0.3499999940395355,7.970513820648193
80.0,0.0,23.788009643554688,47.89427185058594,18.029638290405273,0.3499999940395355,7.970513820648193
81.0,0.0,24.3286075592041,47.20977783203125,18.029136657714844,0.3499999940395355,7.970513820648193
82.0,0.0,24.90210723876953,46.49322509765625,18.028606414794922,0.3499999940395355,7.970513820648193
83.0,0.0,25.511260986328125,45.74184036254883,18.028043746948242,0.3499999940395355,7.970513820648193
84.0,0.0,26.15912628173828,44.95252990722656,18.02744483947754,0.3499999940395355,7.970513820648193
85.0,0.0,26.84914207458496,44.12183380126953,18.026805877685547,0.3499999940395355,7.970513820648193
86.0,0.0,27.585189819335938,43.24583435058594,18.026124954223633,0.3499999940395355,7.970513820648193
87.0,0.0,28.37160301208496,42.32017517089844,18.0253963470459,0.3499999940395355,7.970513820648193
88.0,0.0,29.213346481323242,41.339866638183594,18.02461814880371,0.3499999940395355,7.970513820648193
89.0,0.0,30.11600685119629,40.29929733276367,18.02378273010254,0.3499999940395355,7.970513820648193
90.0,0.0,31.086000442504883,39.19202423095703,18.022886276245117,0.3499999940395355,7.970513820648193
91.0,0.0,32.130680084228516,38.01066589355469,18.02191925048828,0.3499999940395355,7.970513820648193
92.0,0.0,33.25848388671875,36.746761322021484,18.020875930786133,0.3499999940395355,7.970513820648193
93.0,0.0,34.47923278808594,35.390472412109375,18.019746780395508,0.3499999940395355,7.970513820648193
94.0,0.0,35.80434036254883,33.93034744262695,18.01852035522461,0.3499999940395355,7.970513820648193
95.0,0.0,37.24715805053711,32.35302734375,18.01718521118164,0.3499999940395355,7.970513820648193
96.0,0.0,38.823486328125,30.642677307128906,18.015727996826172,0.3499999940395355,7.970513820648193
97.0,0.0,40.551998138427734,28.78060531616211,18.014127731323242,0.3499999940395355,7.970513820648193
98.0,0.0,42.45515060424805,26.74433135986328,18.012367248535156,0.3499999940395355,7.970513820648193
99.0,0.0,44.559974670410156,24.506797790527344,18.010419845581055,0.3499999940395355,7.970513820648193
100.0,0.0,46.8994140625,22.035045623779297,18.008256912231445,0.3499999940395355,7.970513820648193
101.0,0.0,49.514034271240234,19.28848648071289,18.005836486816406,0.3499999940395355,7.970513820648193
250.0,0.0,49.790443420410156,99.6500015258789,18.00558090209961,52.303260803222656,7.970513820648193
251.0,0.0,48.83991622924805,99.6500015258789,18.006460189819336,51.0209846496582,7.970513820648193
252.0,0.0,47.939334869384766,99.6500015258789,18.007293701171875,49.78638458251953,7.970513820648193
253.0,0.0,47.085445404052734,99.6500015258789,18.00808334350586,48.596134185791016,7.970513820648193
254.0,0.0,46.27527618408203,99.6500015258789,18.008832931518555,47.447166442871094,7.970513820648193
255.0,0.0,45.50614929199219,99.6500015258789,18.009544372558594,46.336769104003906,7.970513820648193
256.0,0.0,44.775596618652344,99.6500015258789,18.01021957397461,45.26235580444336,7.970513820648193
257.0,0.0,44.08134460449219,99.6500015258789,18.010862350463867,44.22158432006836,7.970513820648193
258.0,0.0,43.42131805419922,99.6500015258789,18.011472702026367,43.21228790283203,7.970513820648193
259.0,0.0,42.7935905456543,99.6500015258789,18.012054443359375,42.232452392578125,7.970513820648193
260.0,0.0,42.19643783569336,99.6500015258789,18.012605667114258,41.28028106689453,7.970513820648193
261.0,0.0,41.62822341918945,99.6500015258789,18.013132095336914,40.354034423828125,7.970513820648193
262.0,0.0,41.087459564208984,99.64999389648438,18.01363182067871,39.45214080810547,7.970513820648193
263.0,0.0,40.57276916503906,99.64999389648438,18.014108657836914,38.57311248779297,7.970513820648193
264.0,0.0,40.08286666870117,99.6500015258789,18.014562606811523,37.71556091308594,7.970513820648193
265.0,0.0,39.6165771484375,99.6500015258789,18.01499366760254,36.87822723388672,7.970513820648193
266.0,0.0,39.172813415527344,99.6500015258789,18.015403747558594,36.05990982055664,7.970513820648193
267.0,0.0,38.75054931640625,99.6500015258789,18.01579475402832,35.25947570800781,7.970513820648193
268.0,0.0,38.34885787963867,99.6500015258789,18.01616668701172,34.47589111328125,7.970513820648193
269.0,0.0,37.966835021972656,99.6500015258789,18.01651954650879,33.70812225341797,7.970513820648193
270.0,0.0,37.603702545166016,99.6500015258789,18.016855239868164,32.955291748046875,7.970513820648193
271.0,0.0,37.25870132446289,99.6500015258789,18.017173767089844,32.216514587402344,7.970513820648193
272.0,0.0,36.93111038208008,99.6500015258789,18.01747703552246,31.490942001342773,7.970513820648193
273.0,0.0,36.620277404785156,99.6500015258789,18.017765045166016,30.777774810791016,7.970513820648193
274.0,0.0,36.32562255859375,99.6500015258789,18.018037796020508,30.076332092285156,7.970513820648193
275.0,0.0,36.04655838012695,99.6500015258789,18.018295288085938,29.38587760925293,7.970513820648193
276.0,0.0,35.78256607055664,99.6500015258789,18.018539428710938,28.705738067626953,7.970513820648193
277.0,0.0,35.533164978027344,99.6500015258789,18.018770217895508,28.035293579101562,7.970513820648193
278.0,0.0,35.29787826538086,99.6500015258789,18.01898956298828,27.37390899658203,7.970513820648193
279.0,0.0,35.07631301879883,99.6500015258789,18.019193649291992,26.721046447753906,7.970513820648193
280.0,0.0,34.86805725097656,99.6500015258789,18.019386291503906,26.07613182067871,7.970513820648193
281.0,0.0,34.672767639160156,99.6500015258789,18.019567489624023,25.43863296508789,7.970513820648193
282.0,0.0,34.4901008605957,99.6500015258789,18.01973533630371,24.80805206298828,7.970513820648193
283.0,0.0,34.319740295410156,99.6500015258789,18.019893646240234,24.183868408203125,7.970513820648193
284.0,0.0,34.16141891479492,99.6500015258789,18.02004051208496,23.565654754638672,7.970513820648193
285.0,0.0,34.014862060546875,99.6500015258789,18.02017593383789,22.952930450439453,7.970513820648193
286.0,0.0,33.87983322143555,99.6500015258789,18.020299911499023,22.34526252746582,7.970513820648193
287.0,0.0,33.75611114501953,99.6500015258789,18.020414352416992,21.742210388183594,7.970513820648193
288.0,0.0,33.643497467041016,99.6500015258789,18.020519256591797,21.143346786499023,7.970513820648193
289.0,0.0,33.54182052612305,99.6500015258789,18.020612716674805,20.548309326171875,7.970513820648193
290.0,0.0,33.4509162902832,99.6500015258789,18.02069664001465,19.9566707611084,7.970513820648193
291.0,0.0,33.37063980102539,99.6500015258789,18.020771026611328,19.368053436279297,7.970513820648193
292.0,0.0,33.30086898803711,99.6500015258789,18.020835876464844,18.78207778930664,7.970513820648193
293.0,0.0,33.241493225097656,99.6500015258789,18.020891189575195,18.198352813720703,7.970513820648193
294.0,0.0,33.19241714477539,99.6500015258789,18.020936965942383,17.616548538208008,7.970513820648193
295.0,0.0,33.1535758972168,99.6500015258789,18.020973205566406,17.03627586364746,7.970513820648193
296.0,0.0,33.124900817871094,99.6500015258789,18.020999908447266,16.45718765258789,7.970513820648193
297.0,0.0,33.10634994506836,99.6500015258789,18.02101707458496,15.878924369812012,7.970513820648193
298.0,0.0,33.09789276123047,99.6500015258789,18.021024703979492,15.301115036010742,7.970513820648193
299.0,0.0,33.099525451660156,99.6500015258789,18.02102279663086,14.723445892333984,7.970513820648193
300.0,0.0,33.111244201660156,99.6500015258789,18.021011352539062,14.145540237426758,7.970513820648193
301.0,0.0,33.1330680847168,99.6500015258789,18.020992279052734,13.567047119140625,7.970513820648193
302.0,0.0,33.1650276184082,99.6500015258789,18.02096176147461,12.98759937286377,7.970513820648193
303.0,0.0,33.207176208496094,99.6500015258789,18.020923614501953,12.406871795654297,7.970513820648193
304.0,0.0,33.25957107543945,99.6500015258789,18.0208740234375,11.824488639831543,7.970513820648193
305.0,0.0,33.322303771972656,99.6500015258789,18.020816802978516,11.240086555480957,7.970513820648193
306.0,0.0,33.39546203613281,99.6500015258789,18.020748138427734,10.65329647064209,7.970513820648193
307.0,0.0,33.479164123535156,99.6500015258789,18.020671844482422,10.063730239868164,7.970513820648193
308.0,0.0,33.57353973388672,99.6500015258789,18.020584106445312,9.471033096313477,7.970513820648193
309.0,0.0,33.678733825683594,99.6500015258789,18.02048683166504,8.874805450439453,7.970513820648193
310.0,0.0,33.794918060302734,99.6500015258789,18.0203800201416,8.27464771270752,7.970513820648193
311.0,0.0,33.92227554321289,99.6500015258789,18.020261764526367,7.6701459884643555,7.970513820648193
312.0,0.0,34.06100845336914,99.6500015258789,18.02013397216797,7.060869216918945,7.970513820648193
313.0,0.0,34.21135330200195,99.6500015258789,18.019994735717773,6.446416854858398,7.970513820648193
314.0,0.0,34.37354278564453,99.6500015258789,18.01984405517578,5.826326370239258,7.970513820648193
315.0,0.0,34.547847747802734,99.6500015258789,18.019681930541992,5.20013427734375,7.970513820648193
316.0,0.0,34.73456573486328,99.6500015258789,18.01951026916504,4.567371368408203,7.970513820648193
317.0,0.0,34.934017181396484,99.6500015258789,18.019325256347656,3.9275150299072266,7.970513820648193
318.0,0.0,35.14653778076172,99.6500015258789,18.019128799438477,3.2800865173339844,7.970513820648193
319.0,0.0,35.37249755859375,99.6500015258789,18.018918991088867,2.6245346069335938,7.970513820648193
320.0,0.0,35.61229705810547,99.6500015258789,18.01869773864746,1.9602947235107422,7.970513820648193
321.0,0.0,35.86637496948242,99.6500015258789,18.018463134765625,1.2867794036865234,7.970513820648193
322.0,0.0,36.13519287109375,99.6500015258789,18.018213272094727,0.6033573150634766,7.970513820648193
323.0,0.0,35.36336135864258,98.6904296875,18.01892852783203,0.3499999940395355,7.970513820648193
324.0,0.0,34.07339096069336,97.2652816772461,18.020122528076172,0.3499999940395355,7.970513820648193
325.0,0.0,32.88388442993164,95.94005584716797,18.021223068237305,0.3499999940395355,7.970513820648193
326.0,0.0,31.783987045288086,94.70387268066406,18.022239685058594,0.3499999940395355,7.970513820648193
327.0,0.0,30.764324188232422,93.5473403930664,18.023183822631836,0.3499999940395355,7.970513820648193
328.0,0.0,29.816877365112305,92.46240997314453,18.024059295654297,0.3499999940395355,7.970513820648193
329.0,0.0,28.93459701538086,91.4420166015625,18.02487564086914,0.3499999940395355,7.970513820648193
330.0,0.0,28.11134147644043,90.47997283935547,18.025638580322266,0.3499999940395355,7.970513820648193
331.0,0.0,27.341718673706055,89.57087707519531,18.026350021362305,0.3499999940395355,7.970513820648193
332.0,0.0,26.621023178100586,88.70999908447266,18.02701759338379,0.3499999940395355,7.970513820648193
333.0,0.0,25.945049285888672,87.89309692382812,18.02764129638672,0.3499999940395355,7.970513820648193
334.0,0.0,25.310068130493164,87.11642456054688,18.028228759765625,0.3499999940395355,7.970513820648193
335.0,0.0,24.71277618408203,86.37664031982422,18.02878189086914,0.3499999940395355,7.970513820648193
336.0,0.0,24.150197982788086,85.67073822021484,18.0293025970459,0.3499999940395355,7.970513820648193
337.0,0.0,23.61971092224121,84.9960708618164,18.02979278564453,0.3499999940395355,7.970513820648193
338.0,0.0,23.118919372558594,84.3502197265625,18.030256271362305,0.3499999940395355,7.970513820648193
339.0,0.0,22.64567756652832,83.73100280761719,18.03069496154785,0.3499999940395355,7.970513820648193
340.0,0.0,22.198049545288086,83.13644409179688,18.031108856201172,0.3499999940395355,7.970513820648193
341.0,0.0,21.774267196655273,82.56475830078125,18.0314998626709,0.3499999940395355,7.970513820648193
342.0,0.0,21.372758865356445,82.01433563232422,18.031871795654297,0.3499999940395355,7.970513820648193
343.0,0.0,20.9920711517334,81.48368835449219,18.032224655151367,0.3499999940395355,7.970513820648193
344.0,0.0,20.630878448486328,80.9714584350586,18.03255844116211,0.3499999940395355,7.970513820648193
345.0,0.0,20.28798484802246,80.47640991210938,18.032875061035156,0.3499999940395355,7.970513820648193
346.0,0.0,19.96227264404297,79.99739074707031,18.03317642211914,0.3499999940395355,7.970513820648193
347.0,0.0,19.652753829956055,79.53338623046875,18.033462524414062,0.3499999940395355,7.970513820648193
348.0,0.0,19.35849380493164,79.08341217041016,18.033735275268555,0.3499999940395355,7.970513820648193
349.0,0.0,19.078641891479492,78.6465835571289,18.033994674682617,0.3499999940395355,7.970513820648193
350.0,0.0,18.812414169311523,78.22207641601562,18.03424072265625,0.3499999940395355,7.970513820648193
351.0,0.0,18.559083938598633,77.80912780761719,18.034475326538086,0.3499999940395355,7.970513820648193
352.0,0.0,18.317996978759766,77.40702819824219,18.034698486328125,0.3499999940395355,7.970513820648193
353.0,0.0,18.088533401489258,77.01513671875,18.034910202026367,0.3499999940395355,7.970513820648193
354.0,0.0,17.8701229095459,76.6328125,18.035112380981445,0.3499999940395355,7.970513820648193
355.0,0.0,17.66223907470703,76.25950622558594,18.03530502319336,0.3499999940395355,7.970513820648193
356.0,0.0,17.46438980102539,75.89466857910156,18.03548812866211,0.3499999940395355,7.970513820648193
357.0,0.0,17.276134490966797,75.5378189086914,18.035661697387695,0.3499999940395355,7.970513820648193
358.0,0.0,17.0970458984375,75.18846893310547,18.03582763671875,0.3499999940395355,7.970513820648193
359.0,0.0,16.926734924316406,74.84618377685547,18.035985946655273,0.3499999940395355,7.970513820648193
0.0,-5.625,16.847700119018555,74.54988098144531,16.58266830444336,0.3499999940395355,7.970513820648193
1.0,-5.625,16.692354202270508,74.21978759765625,16.59621238708496,0.3499999940395355,7.970513820648193
2.0,-5.625,16.544841766357422,73.89562225341797,16.60907554626465,0.3499999940395355,7.970513820648193
3.0,-5.625,16.404865264892578,73.5770492553711,16.621280670166016,0.3499999940395355,7.970513820648193
4.0,-5.625,16.272153854370117,73.26371765136719,16.632850646972656,0.3499999940395355,7.970513820648193
5.0,-5.625,16.14645004272461,72.95532989501953,16.64381217956543,0.3499999940395355,7.970513820648193
6.0,-5.625,16.02751922607422,72.65157318115234,16.6541805267334,0.3499999940395355,7.970513820648193
7.0,-5.625,15.915140151977539,72.3521728515625,16.66398048400879,0.3499999940395355,7.970513820648193
8.0,-5.625,15.809107780456543,72.05684661865234,16.67322540283203,0.3499999940395355,7.970513820648193
9.0,-5.625,15.709232330322266,71.76535034179688,16.68193244934082,0.3499999940395355,7.970513820648193
10.0,-5.625,15.615338325500488,71.4774169921875,16.690120697021484,0.3499999940395355,7.970513820648193
11.0,-5.625,15.527260780334473,71.19282531738281,16.697799682617188,0.3499999940395355,7.970513820648193
12.0,-5.625,15.44485092163086,70.91133117675781,16.704984664916992,0.3499999940395355,7.970513820648193
13.0,-5.625,15.367966651916504,70.63273620605469,16.711688995361328,0.3499999940395355,7.970513820648193
14.0,-5.625,15.296480178833008,70.3568115234375,16.71792221069336,0.3499999940395355,7.970513820648193
15.0,-5.625,15.230273246765137,70.08335876464844,16.72369384765625,0.3499999940395355,7.970513820648193
16.0,-5.625,15.169238090515137,69.81218719482422,16.729015350341797,0.3499999940395355,7.970513820648193
17.0,-5.625,15.113275527954102,69.5430908203125,16.733896255493164,0.3499999940395355,7.970513820648193
18.0,-5.625,15.062296867370605,69.27589416503906,16.738340377807617,0.3499999940395355,7.970513820648193
19.0,-5.625,15.016218185424805,69.01042175292969,16.74235725402832,0.3499999940395355,7.970513820648193
20.0,-5.625,14.974967956542969,68.74647521972656,16.745954513549805,0.3499999940395355,7.970513820648193
21.0,-5.625,14.938482284545898,68.48390197753906,16.749135971069336,0.3499999940395355,7.970513820648193
22.0,-5.625,14.90670394897461,68.22252655029297,16.751907348632812,0.3499999940395355,7.970513820648193
23.0,-5.625,14.879583358764648,67.9621810913086,16.7542724609375,0.3499999940395355,7.970513820648193
24.0,-5.625,14.857077598571777,67.70269775390625,16.75623321533203,0.3499999940395355,7.970513820648193
25.0,-5.625,14.839154243469238,67.44392395019531,16.757797241210938,0.3499999940395355,7.970513820648193
26.0,-5.625,14.825784683227539,67.1856918334961,16.758962631225586,0.3499999940395355,7.970513820648193
27.0,-5.625,14.816947937011719,66.92784881591797,16.759733200073242,0.3499999940395355,7.970513820648193
28.0,-5.625,14.812631607055664,66.67023468017578,16.760108947753906,0.3499999940395355,7.970513820648193
29.0,-5.625,14.812828063964844,66.41268920898438,16.76009178161621,0.3499999940395355,7.970513820648193
30.0,-5.625,14.817538261413574,66.15506744384766,16.759681701660156,0.3499999940395355,7.970513820648193
31.0,-5.625,14.826769828796387,65.8971939086914,16.75887680053711,0.3499999940395355,7.970513820648193
32.0,-5.625,14.840536117553711,65.63892364501953,16.757675170898438,0.3499999940395355,7.970513820648193
33.0,-5.625,14.858858108520508,65.38008880615234,16.756078720092773,0.3499999940395355,7.970513820648193
34.0,-5.625,14.881763458251953,65.12054443359375,16.75408172607422,0.3499999940395355,7.970513820648193
35.0,-5.625,14.909289360046387,64.86011505126953,16.75168228149414,0.3499999940395355,7.970513820648193
36.0,-5.625,14.941475868225098,64.59864044189453,16.74887466430664,0.3499999940395355,7.970513820648193
37.0,-5.625,14.978375434875488,64.33595275878906,16.745656967163086,0.3499999940395355,7.970513820648193
38.0,-5.625,15.02004337310791,64.07188415527344,16.74202537536621,0.3499999940395355,7.970513820648193
39.0,-5.625,15.066546440124512,63.80625915527344,16.73797035217285,0.3499999940395355,7.970513820648193
40.0,-5.625,15.11795711517334,63.538909912109375,16.733488082885742,0.3499999940395355,7.970513820648193
41.0,-5.625,15.174358367919922,63.26963806152344,16.72856903076172,0.3499999940395355,7.970513820648193
42.0,-5.625,15.23583984375,62.99827575683594,16.723209381103516,0.3499999940395355,7.970513820648193
43.0,-5.625,15.302502632141113,62.72461700439453,16.717395782470703,0.3499999940395355,7.970513820648193
44.0,-5.625,15.374455451965332,62.44846725463867,16.711122512817383,0.3499999940395355,7.970513820648193
45.0,-5.625,15.451815605163574,62.16962432861328,16.704378128051758,0.3499999940395355,7.970513820648193
46.0,-5.625,15.53471565246582,61.887874603271484,16.6971492767334,0.3499999940395355,7.970513820648193
47.0,-5.625,15.62329387664795,61.60300064086914,16.68942642211914,0.3499999940395355,7.970513820648193
48.0,-5.625,15.717702865600586,61.31476974487305,16.681194305419922,0.3499999940395355,7.970513820648193
49.0,-5.625,15.818109512329102,61.02294158935547,16.672439575195312,0.3499999940395355,7.970513820648193
50.0,-5.625,15.924686431884766,60.727272033691406,16.66314697265625,0.3499999940395355,7.970513820648193
51.0,-5.625,16.037628173828125,60.4275016784668,16.65329933166504,0.3499999940395355,7.970513820648193
52.0,-5.625,16.157140731811523,60.123355865478516,16.642879486083984,0.3499999940395355,7.970513820648193
53.0,-5.625,16.283445358276367,59.814544677734375,16.631866455078125,0.3499999940395355,7.970513820648193
54.0,-5.625,16.416780471801758,59.50077438354492,16.620241165161133,0.3499999940395355,7.970513820648193
55.0,-5.625,16.557401657104492,59.181724548339844,16.607980728149414,0.3499999940395355,7.970513820648193
56.0,-5.625,16.70558738708496,58.857059478759766,16.595060348510742,0.3499999940395355,7.970513820648193
57.0,-5.625,16.861629486083984,58.526432037353516,16.581453323364258,0.3499999940395355,7.970513820648193
58.0,-5.625,17.02585220336914,58.18946075439453,16.567134857177734,0.3499999940395355,7.970513820648193
59.0,-5.625,17.198593139648438,57.845760345458984,16.552074432373047,0.3499999940395355,7.970513820648193
60.0,-5.625,17.380224227905273,57.494903564453125,16.536235809326172,0.3499999940395355,7.970513820648193
61.0,-5.625,17.571142196655273,57.136451721191406,16.519590377807617,0.3499999940395355,7.970513820648193
62.0,-5.625,17.77177619934082,56.76991653442383,16.50209617614746,0.3499999940395355,7.970513820648193
63.0,-5.625,17.98258399963379,56.394805908203125,16.48371696472168,0.3499999940395355,7.970513820648193
64.0,-5.625,18.204065322875977,56.01056671142578,16.464405059814453,0.3499999940395355,7.970513820648193
65.0,-5.625,18.436756134033203,55.61662292480469,16.444116592407227,0.3499999940395355,7.970513820648193
66.0,-5.625,18.681236267089844,55.21235656738281,16.422800064086914,0.3499999940395355,7.970513820648193
67.0,-5.625,18.93813705444336,54.79709243774414,16.400400161743164,0.3499999940395355,7.970513820648193
68.0,-5.625,19.208127975463867,54.370121002197266,16.376859664916992,0.3499999940395355,7.970513820648193
69.0,-5.625,19.49195671081543,53.930660247802734,16.35211181640625,0.3499999940395355,7.970513820648193
70.0,-5.625,19.79041862487793,53.477874755859375,16.326087951660156,0.3499999940395355,7.970513820648193
71.0,-5.625,20.104379653930664,53.0108642578125,16.29871368408203,0.3499999940395355,7.970513820648193
72.0,-5.625,20.43478775024414,52.528656005859375,16.26990509033203,0.3499999940395355,7.970513820648193
73.0,-5.625,20.78267478942871,52.03016662597656,16.239572525024414,0.3499999940395355,7.970513820648193
74.0,-5.625,21.149166107177734,51.514259338378906,16.207616806030273,0.3499999940395355,7.970513820648193
75.0,-5.625,21.535493850708008,50.97965621948242,16.173933029174805,0.3499999940395355,7.970513820648193
76.0,-5.625,21.943004608154297,50.42499542236328,16.13840103149414,0.3499999940395355,7.970513820648193
77.0,-5.625,22.373188018798828,49.84874725341797,16.100893020629883,0.3499999940395355,7.970513820648193
78.0,-5.625,22.82765769958496,49.24928283691406,16.06126594543457,0.3499999940395355,7.970513820648193
79.0,-5.625,23.308218002319336,48.62476348876953,16.019365310668945,0.3499999940395355,7.970513820648193
80.0,-5.625,23.81686782836914,47.973175048828125,15.975015640258789,0.3499999940395355,7.970513820648193
81.0,-5.625,24.355798721313477,47.29229736328125,15.92802619934082,0.3499999940395355,7.970513820648193
82.0,-5.625,24.92745590209961,46.57966613769531,15.878181457519531,0.3499999940395355,7.970513820648193
83.0,-5.625,25.5345458984375,45.832557678222656,15.825248718261719,0.3499999940395355,7.970513820648193
84.0,-5.625,26.180130004882812,45.04789733886719,15.768959045410156,0.3499999940395355,7.970513820648193
85.0,-5.625,26.867586135864258,44.222286224365234,15.70901870727539,0.3499999940395355,7.970513820648193
86.0,-5.625,27.600767135620117,43.35186004638672,15.645092010498047,0.3499999940395355,7.970513820648193
87.0,-5.625,28.383970260620117,42.432315826416016,15.576803207397461,0.3499999940395355,7.970513820648193
88.0,-5.625,29.222091674804688,41.458740234375,15.5037260055542,0.3499999940395355,7.970513820648193
89.0,-5.625,30.12064552307129,40.425621032714844,15.425379753112793,0.3499999940395355,7.970513820648193
90.0,-5.625,31.086002349853516,39.32659149169922,15.341209411621094,0.3499999940395355,7.970513820648193
91.0,-5.625,32.125389099121094,38.15441131591797,15.25058364868164,0.3499999940395355,7.970513820648193
92.0,-5.625,33.247161865234375,36.90074920654297,15.1527738571167,0.3499999940395355,7.970513820648193
93.0,-5.625,34.46098327636719,35.555938720703125,15.0469388961792,0.3499999940395355,7.970513820648193
94.0,-5.625,35.77811813354492,34.108741760253906,14.932096481323242,0.3499999940395355,7.970513820648193
95.0,-5.625,37.21171951293945,32.54603958129883,14.807098388671875,0.3499999940395355,7.970513820648193
96.0,-5.625,38.77732849121094,30.852310180664062,14.6705904006958,0.3499999940395355,7.970513820648193
97.0,-5.625,40.493289947509766,29.00926971435547,14.520973205566406,0.3499999940395355,7.970513820648193
98.0,-5.625,42.38167953491211,26.99489974975586,14.356321334838867,0.3499999940395355,7.970513820648193
99.0,-5.625,44.46903610229492,24.782737731933594,14.174322128295898,0.3499999940395355,7.970513820648193
100.0,-5.625,46.78762435913086,22.340621948242188,13.972160339355469,0.3499999940395355,7.970513820648193
101.0,-5.625,49.37717056274414,19.628955841064453,13.746374130249023,0.3499999940395355,7.970513820648193
143.0,-5.625,49.780216217041016,21.442811965942383,13.711233139038086,35.704986572265625,7.970513820648193
144.0,-5.625,48.558258056640625,22.907508850097656,13.817777633666992,35.9642333984375,7.970513820648193
145.0,-5.625,47.676631927490234,24.06387710571289,13.894646644592285,36.33028793334961,7.970513820648193
146.0,-5.625,46.91299057006836,25.115280151367188,13.961230278015137,36.716800689697266,7.970513820648193
147.0,-5.625,46.24247741699219,26.08552360534668,14.019692420959473,37.11752700805664,7.970513820648193
148.0,-5.625,45.64667510986328,26.99221420288086,14.07164192199707,37.52775955200195,7.970513820648193
149.0,-5.625,45.06121826171875,27.891857147216797,14.122688293457031,37.91838073730469,7.970513820648193
150.0,-5.625,44.537437438964844,28.74056625366211,14.168357849121094,38.3166618347168,7.970513820648193
151.0,-5.625,44.06316375732422,29.54969596862793,14.209710121154785,38.7188835144043,7.970513820648193
152.0,-5.625,43.63829040527344,30.320207595825195,14.246756553649902,39.12718963623047,7.970513820648193
153.0,-5.625,43.26192092895508,31.053789138793945,14.279571533203125,39.54327392578125,7.970513820648193
154.0,-5.625,42.93639373779297,31.749547958374023,14.307954788208008,39.9705810546875,7.970513820648193
155.0,-5.625,42.69061279296875,32.38551330566406,14.329385757446289,40.42839813232422,7.970513820648193
156.0,-5.625,42.49369812011719,32.988197326660156,14.34655475616455,40.90131759643555,7.970513820648193
157.0,-5.625,42.352630615234375,33.553409576416016,14.358854293823242,41.39559555053711,7.970513820648193
158.0,-5.625,42.258209228515625,34.08979415893555,14.367087364196777,41.90761947631836,7.970513820648193
159.0,-5.625,42.261051177978516,34.56034469604492,14.366839408874512,42.4719352722168,7.970513820648193
160.0,-5.625,42.29682922363281,35.01614761352539,14.363719940185547,43.04975128173828,7.970513820648193
161.0,-5.625,42.39720153808594,35.43497848510742,14.354969024658203,43.66349411010742,7.970513820648193
162.0,-5.625,42.55924987792969,35.821102142333984,14.340839385986328,44.31343078613281,7.970513820648193
163.0,-5.625,42.809932708740234,36.157535552978516,14.318981170654297,45.02049255371094,7.970513820648193
164.0,-5.625,43.08610534667969,36.49156951904297,14.294901847839355,45.7427864074707,7.970513820648193
165.0,-5.625,43.449310302734375,36.7819709777832,14.263233184814453,46.52539825439453,7.970513820648193
166.0,-5.625,43.916831970214844,37.02047348022461,14.222469329833984,47.38381576538086,7.970513820648193
167.0,-5.625,44.425838470458984,37.252593994140625,14.178089141845703,48.27432632446289,7.970513820648193
168.0,-5.625,45.0860595703125,37.4091682434082,14.120523452758789,49.28108596801758,7.970513820648193
169.0,-5.625,45.78868865966797,37.56523132324219,14.059259414672852,50.32494354248047,7.970513820648193
170.0,-5.625,46.59693145751953,37.68354797363281,13.988786697387695,51.455989837646484,7.970513820648193
171.0,-5.625,47.50961685180664,37.769412994384766,13.909210205078125,52.6760368347168,7.970513820648193
172.0,-5.625,48.50707244873047,37.83903884887695,13.82223892211914,53.97185516357422,7.970513820648193
173.0,-5.625,49.58489227294922,37.89888000488281,13.728262901306152,55.34165954589844,7.970513820648193
251.0,-5.625,49.13670349121094,99.6500015258789,13.767341613769531,51.16998291015625,7.970513820648193
252.0,-5.625,48.2269172668457,99.6500015258789,13.84666633605957,49.92991638183594,7.970513820648193
253.0,-5.625,47.36438751220703,99.6500015258789,13.92187213897705,48.734588623046875,7.970513820648193
254.0,-5.625,46.546077728271484,99.6500015258789,13.9932222366333,47.58088684082031,7.970513820648193
255.0,-5.625,45.76927947998047,99.6500015258789,14.060952186584473,46.4660758972168,7.970513820648193
256.0,-5.625,45.031490325927734,99.6500015258789,14.12528133392334,45.387542724609375,7.970513820648193
257.0,-5.625,44.33038330078125,99.6500015258789,14.18641185760498,44.34290313720703,7.970513820648193
258.0,-5.625,43.66387176513672,99.6500015258789,14.244525909423828,43.329994201660156,7.970513820648193
259.0,-5.625,43.030006408691406,99.6500015258789,14.29979419708252,42.346771240234375,7.970513820648193
260.0,-5.625,42.42702865600586,99.6500015258789,14.352368354797363,41.39142608642578,7.970513820648193
261.0,-5.625,41.85329818725586,99.6500015258789,14.402393341064453,40.46220397949219,7.970513820648193
262.0,-5.625,41.30727767944336,99.64999389648438,14.45000171661377,39.55751037597656,7.970513820648193
263.0,-5.625,40.787601470947266,99.64999389648438,14.495312690734863,38.67584991455078,7.970513820648193
264.0,-5.625,40.292945861816406,99.6500015258789,14.53844165802002,37.815826416015625,7.970513820648193
265.0,-5.625,39.8221321105957,99.6500015258789,14.57949161529541,36.976173400878906,7.970513820648193
266.0,-5.625,39.374053955078125,99.6500015258789,14.618560791015625,36.155662536621094,7.970513820648193
267.0,-5.625,38.94768142700195,99.6500015258789,14.655736923217773,35.353179931640625,7.970513820648193
268.0,-5.625,38.54205322265625,99.6500015258789,14.6911039352417,34.567649841308594,7.970513820648193
269.0,-5.625,38.15628433227539,99.6500015258789,14.724740028381348,33.798065185546875,7.970513820648193
270.0,-5.625,37.78956604003906,99.6500015258789,14.756714820861816,33.04351806640625,7.970513820648193
271.0,-5.625,37.44112777709961,99.6500015258789,14.78709602355957,32.30311965942383,7.970513820648193
272.0,-5.625,37.11025619506836,99.6500015258789,14.81594467163086,31.576032638549805,7.970513820648193
273.0,-5.625,36.79627990722656,99.6500015258789,14.843320846557617,30.86143684387207,7.970513820648193
274.0,-5.625,36.49860763549805,99.6500015258789,14.869274139404297,30.158641815185547,7.970513820648193
275.0,-5.625,36.21665954589844,99.6500015258789,14.893858909606934,29.46692657470703,7.970513820648193
276.0,-5.625,35.94989776611328,99.6500015258789,14.917118072509766,28.785606384277344,7.970513820648193
277.0,-5.625,35.69782638549805,99.6500015258789,14.939096450805664,28.114044189453125,7.970513820648193
278.0,-5.625,35.45999526977539,99.6500015258789,14.959833145141602,27.45162010192871,7.970513820648193
279.0,-5.625,35.2359733581543,99.6500015258789,14.979366302490234,26.79777717590332,7.970513820648193
280.0,-5.625,35.025367736816406,99.6500015258789,14.997729301452637,26.151954650878906,7.970513820648193
281.0,-5.625,34.82780456542969,99.6500015258789,15.014955520629883,25.513601303100586,7.970513820648193
282.0,-5.625,34.64296340942383,99.6500015258789,15.031071662902832,24.882234573364258,7.970513820648193
283.0,-5.625,34.47050476074219,99.6500015258789,15.04610824584961,24.2573184967041,7.970513820648193
284.0,-5.625,34.31016159057617,99.6500015258789,15.060089111328125,23.6384220123291,7.970513820648193
285.0,-5.625,34.16166305541992,99.6500015258789,15.073037147521973,23.025074005126953,7.970513820648193
286.0,-5.625,34.02476119995117,99.6500015258789,15.084973335266113,22.416828155517578,7.970513820648193
287.0,-5.625,33.89923858642578,99.6500015258789,15.095917701721191,21.813249588012695,7.970513820648193
288.0,-5.625,33.78488540649414,99.6500015258789,15.105888366699219,21.213912963867188,7.970513820648193
289.0,-5.625,33.68153381347656,99.6500015258789,15.114900588989258,20.618450164794922,7.970513820648193
290.0,-5.625,33.589012145996094,99.6500015258789,15.122967720031738,20.02642822265625,7.970513820648193
291.0,-5.625,33.507171630859375,99.6500015258789,15.13010311126709,19.437469482421875,7.970513820648193
292.0,-5.625,33.43589401245117,99.6500015258789,15.13631820678711,18.85120391845703,7.970513820648193
293.0,-5.625,33.37506103515625,99.6500015258789,15.141621589660645,18.267230987548828,7.970513820648193
294.0,-5.625,33.324581146240234,99.6500015258789,15.146023750305176,17.685216903686523,7.970513820648193
295.0,-5.625,33.28437805175781,99.6500015258789,15.149529457092285,17.104785919189453,7.970513820648193
296.0,-5.625,33.254390716552734,99.6500015258789,15.152143478393555,16.525575637817383,7.970513820648193
297.0,-5.625,33.23456954956055,99.6500015258789,15.153871536254883,15.947234153747559,7.970513820648193
298.0,-5.625,33.22488784790039,99.6500015258789,15.154716491699219,15.369389533996582,7.970513820648193
299.0,-5.625,33.2253303527832,99.6500015258789,15.154677391052246,14.79172134399414,7.970513820648193
300.0,-5.625,33.23589324951172,99.6500015258789,15.153756141662598,14.213860511779785,7.970513820648193
301.0,-5.625,33.2566032409668,99.6500015258789,15.15195083618164,13.635456085205078,7.970513820648193
302.0,-5.625,33.287479400634766,99.6500015258789,15.149258613586426,13.056140899658203,7.970513820648193
303.0,-5.625,33.328575134277344,99.6500015258789,15.145675659179688,12.475584030151367,7.970513820648193
304.0,-5.625,33.37995529174805,99.6500015258789,15.141195297241211,11.893414497375488,7.970513820648193
305.0,-5.625,33.44169235229492,99.6500015258789,15.135812759399414,11.309269905090332,7.970513820648193
306.0,-5.625,33.51388931274414,99.6500015258789,15.129517555236816,10.722783088684082,7.970513820648193
307.0,-5.625,33.596656799316406,99.6500015258789,15.12230110168457,10.133562088012695,7.970513820648193
308.0,-5.625,33.69011306762695,99.6500015258789,15.114151954650879,9.541257858276367,7.970513820648193
309.0,-5.625,33.7944221496582,99.6500015258789,15.105057716369629,8.945467948913574,7.970513820648193
310.0,-5.625,33.90973663330078,99.6500015258789,15.095003128051758,8.345791816711426,7.970513820648193
311.0,-5.625,34.0362434387207,99.6500015258789,15.083972930908203,7.741827964782715,7.970513820648193
312.0,-5.625,34.17415237426758,99.6500015258789,15.071948051452637,7.133136749267578,7.970513820648193
313.0,-5.625,34.32367706298828,99.6500015258789,15.058910369873047,6.519319534301758,7.970513820648193
314.0,-5.625,34.48506546020508,99.6500015258789,15.044838905334473,5.899919509887695,7.970513820648193
315.0,-5.625,34.65858459472656,99.6500015258789,15.029709815979004,5.27447509765625,7.970513820648193
316.0,-5.625,34.84453201293945,99.6500015258789,15.013496398925781,4.642511367797852,7.970513820648193
317.0,-5.625,35.043216705322266,99.6500015258789,14.996172904968262,4.00351619720459,7.970513820648193
318.0,-5.625,35.25497817993164,99.6500015258789,14.97770881652832,3.357015609741211,7.970513820648193
319.0,-5.625,35.480186462402344,99.6500015258789,14.958072662353516,2.7024497985839844,7.970513820648193
320.0,-5.625,35.719242095947266,99.6500015258789,14.93722915649414,2.039266586303711,7.970513820648193
321.0,-5.625,35.97256851196289,99.6500015258789,14.915141105651855,1.3668804168701172,7.970513820648193
322.0,-5.625,36.24064254760742,99.6500015258789,14.891767501831055,0.6846599578857422,7.970513820648193
323.0,-5.625,35.65880584716797,98.86602783203125,14.942499160766602,0.3499999940395355,7.970513820648193
324.0,-5.625,34.35118865966797,97.42827606201172,15.056512832641602,0.3499999940395355,7.970513820648193
325.0,-5.625,33.14582061767578,96.09184265136719,15.161609649658203,0.3499999940395355,7.970513820648193
326.0,-5.625,32.0316047668457,94.84564971923828,15.258760452270508,0.3499999940395355,7.970513820648193
327.0,-5.625,30.99896812438965,93.68014526367188,15.348797798156738,0.3499999940395355,7.970513820648193
328.0,-5.625,30.039716720581055,92.58714294433594,15.432435989379883,0.3499999940395355,7.970513820648193
329.0,-5.625,29.14667320251465,91.55945587158203,15.51030158996582,0.3499999940395355,7.970513820648193
330.0,-5.625,28.313560485839844,90.59081268310547,15.582942008972168,0.3499999940395355,7.970513820648193
331.0,-5.625,27.53489112854004,89.67572021484375,15.650835990905762,0.3499999940395355,7.970513820648193
332.0,-5.625,26.80586814880371,88.80937194824219,15.714400291442871,0.3499999940395355,7.970513820648193
333.0,-5.625,26.122203826904297,87.98747253417969,15.77401065826416,0.3499999940395355,7.970513820648193
334.0,-5.625,25.480117797851562,87.20623016357422,15.829994201660156,0.3499999940395355,7.970513820648193
335.0,-5.625,24.87623405456543,86.46224975585938,15.882648468017578,0.3499999940395355,7.970513820648193
336.0,-5.625,24.307525634765625,85.75247955322266,15.932234764099121,0.3499999940395355,7.970513820648193
337.0,-5.625,23.77133560180664,85.07426452636719,15.978985786437988,0.3499999940395355,7.970513820648193
338.0,-5.625,23.265222549438477,84.42511749267578,16.023115158081055,0.3499999940395355,7.970513820648193
339.0,-5.625,22.787010192871094,83.8028564453125,16.06481170654297,0.3499999940395355,7.970513820648193
340.0,-5.625,22.334726333618164,83.20549011230469,16.104246139526367,0.3499999940395355,7.970513820648193
341.0,-5.625,21.906578063964844,82.63117980957031,16.141576766967773,0.3499999940395355,7.970513820648193
342.0,-5.625,21.500974655151367,82.07833099365234,16.176942825317383,0.3499999940395355,7.970513820648193
343.0,-5.625,21.116432189941406,81.54541015625,16.210472106933594,0.3499999940395355,7.970513820648193
344.0,-5.625,20.751615524291992,81.03108215332031,16.242279052734375,0.3499999940395355,7.970513820648193
345.0,-5.625,20.405296325683594,80.5340576171875,16.272476196289062,0.3499999940395355,7.970513820648193
346.0,-5.625,20.076353073120117,80.0531997680664,16.301156997680664,0.3499999940395355,7.970513820648193
347.0,-5.625,19.76378059387207,79.58747100830078,16.328411102294922,0.3499999940395355,7.970513820648193
348.0,-5.625,19.466632843017578,79.1358871459961,16.354318618774414,0.3499999940395355,7.970513820648193
349.0,-5.625,19.184043884277344,78.69755554199219,16.37895965576172,0.3499999940395355,7.970513820648193
350.0,-5.625,18.91522216796875,78.27163696289062,16.40239715576172,0.3499999940395355,7.970513820648193
351.0,-5.625,18.659425735473633,77.85734558105469,16.424701690673828,0.3499999940395355,7.970513820648193
352.0,-5.625,18.416000366210938,77.45401000976562,16.445926666259766,0.3499999940395355,7.970513820648193
353.0,-5.625,18.184310913085938,77.0609359741211,16.466127395629883,0.3499999940395355,7.970513820648193
354.0,-5.625,17.963783264160156,76.67752075195312,16.485355377197266,0.3499999940395355,7.970513820648193
355.0,-5.625,17.753881454467773,76.30317687988281,16.5036563873291,0.3499999940395355,7.970513820648193
356.0,-5.625,17.554109573364258,75.93736267089844,16.521076202392578,0.3499999940395355,7.970513820648193
357.0,-5.625,17.3640193939209,75.57958984375,16.537649154663086,0.3499999940395355,7.970513820648193
358.0,-5.625,17.18317985534668,75.22937774658203,16.553417205810547,0.3499999940395355,7.970513820648193
359.0,-5.625,17.01119613647461,74.88628387451172,16.56841278076172,0.3499999940395355,7.970513820648193
0.0,-11.25,17.09685516357422,74.66814422607422,15.10041618347168,0.3499999940395355,7.970513820648193
1.0,-11.25,16.936864852905273,74.33586883544922,15.128033638000488,0.3499999940395355,7.970513820648193
2.0,-11.25,16.7849063873291,74.0096435546875,15.154264450073242,0.3499999940395355,7.970513820648193
3.0,-11.25,16.640674591064453,73.68913269042969,15.17916202545166,0.3499999940395355,7.970513820648193
4.0,-11.25,16.50388526916504,73.37398529052734,15.202774047851562,0.3499999940395355,7.970513820648193
5.0,-11.25,16.3742733001709,73.06388854980469,15.225147247314453,0.3499999940395355,7.970513820648193
6.0,-11.25,16.2515926361084,72.7585220336914,15.24632453918457,0.3499999940395355,7.970513820648193
7.0,-11.25,16.1356143951416,72.45761108398438,15.26634407043457,0.3499999940395355,7.970513820648193
8.0,-11.25,16.0261287689209,72.16087341308594,15.285243034362793,0.3499999940395355,7.970513820648193
9.0,-11.25,15.92293643951416,71.86804962158203,15.303056716918945,0.3499999940395355,7.970513820648193
10.0,-11.25,15.82585334777832,71.57888793945312,15.319814682006836,0.3499999940395355,7.970513820648193
11.0,-11.25,15.734710693359375,71.29313659667969,15.33554744720459,0.3499999940395355,7.970513820648193
12.0,-11.25,15.649352073669434,71.01057434082031,15.350281715393066,0.3499999940395355,7.970513820648193
13.0,-11.25,15.569631576538086,70.7309799194336,15.364043235778809,0.3499999940395355,7.970513820648193
14.0,-11.25,15.495414733886719,70.45413208007812,15.376853942871094,0.3499999940395355,7.970513820648193
15.0,-11.25,15.426579475402832,70.1798324584961,15.388736724853516,0.3499999940395355,7.970513820648193
16.0,-11.25,15.363011360168457,69.90787506103516,15.399709701538086,0.3499999940395355,7.970513820648193
17.0,-11.25,15.304608345031738,69.6380615234375,15.409790992736816,0.3499999940395355,7.970513820648193
18.0,-11.25,15.251276969909668,69.3702163696289,15.418996810913086,0.3499999940395355,7.970513820648193
19.0,-11.25,15.202929496765137,69.10415649414062,15.427342414855957,0.3499999940395355,7.970513820648193
20.0,-11.25,15.159490585327148,68.83969116210938,15.43484115600586,0.3499999940395355,7.970513820648193
21.0,-11.25,15.120892524719238,68.57664489746094,15.441503524780273,0.3499999940395355,7.970513820648193
22.0,-11.25,15.087074279785156,68.31486511230469,15.447341918945312,0.3499999940395355,7.970513820648193
23.0,-11.25,15.057984352111816,68.0541763305664,15.452363967895508,0.3499999940395355,7.970513820648193
24.0,-11.25,15.033576011657715,67.79440307617188,15.456576347351074,0.3499999940395355,7.970513820648193
25.0,-11.25,15.013813018798828,67.535400390625,15.45998764038086,0.3499999940395355,7.970513820648193
26.0,-11.25,14.998663902282715,67.27699279785156,15.462602615356445,0.3499999940395355,7.970513820648193
27.0,-11.25,14.988106727600098,67.01903533935547,15.464425086975098,0.3499999940395355,7.970513820648193
28.0,-11.25,14.982124328613281,66.7613525390625,15.465457916259766,0.3499999940395355,7.970513820648193
29.0,-11.25,14.980709075927734,66.5038070678711,15.465702056884766,0.3499999940395355,7.970513820648193
30.0,-11.25,14.983858108520508,66.24622344970703,15.465158462524414,0.3499999940395355,7.970513820648193
31.0,-11.25,14.991575241088867,65.98845672607422,15.463826179504395,0.3499999940395355,7.970513820648193
32.0,-11.25,15.003874778747559,65.7303466796875,15.461703300476074,0.3499999940395355,7.970513820648193
33.0,-11.25,15.020771026611328,65.47173309326172,15.458786964416504,0.3499999940395355,7.970513820648193
34.0,-11.25,15.042293548583984,65.21245574951172,15.455071449279785,0.3499999940395355,7.970513820648193
35.0,-11.25,15.068474769592285,64.95235443115234,15.450551986694336,0.3499999940395355,7.970513820648193
36.0,-11.25,15.099355697631836,64.69126892089844,15.445220947265625,0.3499999940395355,7.970513820648193
37.0,-11.25,15.134981155395508,64.42903137207031,15.439071655273438,0.3499999940395355,7.970513820648193
38.0,-11.25,15.175410270690918,64.16547393798828,15.432093620300293,0.3499999940395355,7.970513820648193
39.0,-11.25,15.220703125,63.900421142578125,15.424274444580078,0.3499999940395355,7.970513820648193
40.0,-11.25,15.270933151245117,63.63370132446289,15.415603637695312,0.3499999940395355,7.970513820648193
41.0,-11.25,15.326181411743164,63.36512756347656,15.40606689453125,0.3499999940395355,7.970513820648193
42.0,-11.25,15.386533737182617,63.09452819824219,15.395648956298828,0.3499999940395355,7.970513820648193
43.0,-11.25,15.452088356018066,62.82170104980469,15.384332656860352,0.3499999940395355,7.970513820648193
44.0,-11.25,15.522953033447266,62.54645919799805,15.372100830078125,0.3499999940395355,7.970513820648193
45.0,-11.25,15.599244117736816,62.268592834472656,15.358931541442871,0.3499999940395355,7.970513820648193
46.0,-11.25,15.681089401245117,61.98789596557617,15.344803810119629,0.3499999940395355,7.970513820648193
47.0,-11.25,15.76862621307373,61.70415115356445,15.329693794250488,0.3499999940395355,7.970513820648193
48.0,-11.25,15.862004280090332,61.41713333129883,15.31357479095459,0.3499999940395355,7.970513820648193
49.0,-11.25,15.961386680603027,61.126609802246094,15.296419143676758,0.3499999940395355,7.970513820648193
50.0,-11.25,16.066946029663086,60.83232879638672,15.2781982421875,0.3499999940395355,7.970513820648193
51.0,-11.25,16.17887306213379,60.53403854370117,15.25887680053711,0.3499999940395355,7.970513820648193
52.0,-11.25,16.29737091064453,60.231468200683594,15.238422393798828,0.3499999940395355,7.970513820648193
53.0,-11.25,16.42265510559082,59.924346923828125,15.216795921325684,0.3499999940395355,7.970513820648193
54.0,-11.25,16.554962158203125,59.61236572265625,15.193957328796387,0.3499999940395355,7.970513820648193
55.0,-11.25,16.694543838500977,59.29521942138672,15.169862747192383,0.3499999940395355,7.970513820648193
56.0,-11.25,16.841676712036133,58.97257995605469,15.144465446472168,0.3499999940395355,7.970513820648193
57.0,-11.25,16.996646881103516,58.644100189208984,15.117713928222656,0.3499999940395355,7.970513820648193
58.0,-11.25,17.159770965576172,58.30942153930664,15.089555740356445,0.3499999940395355,7.970513820648193
59.0,-11.25,17.33138656616211,57.96814727783203,15.059932708740234,0.3499999940395355,7.970513820648193
60.0,-11.25,17.511859893798828,57.619873046875,15.028779029846191,0.3499999940395355,7.970513820648193
61.0,-11.25,17.70157814025879,57.26416015625,14.996030807495117,0.3499999940395355,7.970513820648193
62.0,-11.25,17.90096664428711,56.90053939819336,14.961612701416016,0.3499999940395355,7.970513820648193
63.0,-11.25,18.110475540161133,56.52852249145508,14.925447463989258,0.3499999940395355,7.970513820648193
64.0,-11.25,18.330595016479492,56.147579193115234,14.887451171875,0.3499999940395355,7.970513820648193
65.0,-11.25,18.561859130859375,55.757137298583984,14.847530364990234,0.3499999940395355,7.970513820648193
66.0,-11.25,18.80483055114746,55.356597900390625,14.80558967590332,0.3499999940395355,7.970513820648193
67.0,-11.25,19.060134887695312,54.9453010559082,14.761518478393555,0.3499999940395355,7.970513820648193
68.0,-11.25,19.32843017578125,54.522560119628906,14.715206146240234,0.3499999940395355,7.970513820648193
69.0,-11.25,19.610450744628906,54.08760070800781,14.666524887084961,0.3499999940395355,7.970513820648193
70.0,-11.25,19.906970977783203,53.6396369934082,14.615339279174805,0.3499999940395355,7.970513820648193
71.0,-11.25,20.218852996826172,53.177764892578125,14.561503410339355,0.3499999940395355,7.970513820648193
72.0,-11.25,20.547021865844727,52.701045989990234,14.504855155944824,0.3499999940395355,7.970513820648193
73.0,-11.25,20.892484664916992,52.20844650268555,14.445221900939941,0.3499999940395355,7.970513820648193
74.0,-11.25,21.256349563598633,51.69884490966797,14.382412910461426,0.3499999940395355,7.970513820648193
75.0,-11.25,21.63982391357422,51.17100524902344,14.316217422485352,0.3499999940395355,7.970513820648193
76.0,-11.25,22.044231414794922,50.623600006103516,14.24640941619873,0.3499999940395355,7.970513820648193
77.0,-11.25,22.471010208129883,50.05517578125,14.172739028930664,0.3499999940395355,7.970513820648193
78.0,-11.25,22.9217586517334,49.46412658691406,14.094932556152344,0.3499999940395355,7.970513820648193
79.0,-11.25,23.39823341369629,48.84868621826172,14.012683868408203,0.3499999940395355,7.970513820648193
80.0,-11.25,23.90237808227539,48.2069091796875,13.925660133361816,0.3499999940395355,7.970513820648193
81.0,-11.25,24.43633460998535,47.53666687011719,13.833488464355469,0.3499999940395355,7.970513820648193
82.0,-11.25,25.00248146057129,46.8355712890625,13.735761642456055,0.3499999940395355,7.970513820648193
83.0,-11.25,25.60346794128418,46.100990295410156,13.632020950317383,0.3499999940395355,7.970513820648193
84.0,-11.25,26.24224853515625,45.32998275756836,13.52175521850586,0.3499999940395355,7.970513820648193
85.0,-11.25,26.922117233276367,44.51927947998047,13.404397964477539,0.3499999940395355,7.970513820648193
86.0,-11.25,27.646812438964844,43.66516876220703,13.279302597045898,0.3499999940395355,7.970513820648193
87.0,-11.25,28.420488357543945,42.76353454589844,13.145751953125,0.3499999940395355,7.970513820648193
88.0,-11.25,29.247896194458008,41.809661865234375,13.002925872802734,0.3499999940395355,7.970513820648193
89.0,-11.25,30.134357452392578,40.79829406738281,12.849906921386719,0.3499999940395355,7.970513820648193
90.0,-11.25,31.08600425720215,39.723358154296875,12.68563461303711,0.3499999940395355,7.970513820648193
91.0,-11.25,32.109825134277344,38.577945709228516,12.508905410766602,0.3499999940395355,7.970513820648193
92.0,-11.25,33.213829040527344,37.35414505004883,12.318334579467773,0.3499999940395355,7.970513820648193
93.0,-11.25,34.40730285644531,36.04278564453125,12.11231803894043,0.3499999940395355,7.970513820648193
94.0,-11.25,35.701045989990234,34.633201599121094,11.888994216918945,0.3499999940395355,7.970513820648193
95.0,-11.25,37.10762023925781,33.11299514770508,11.646194458007812,0.3499999940395355,7.970513820648193
96.0,-11.25,38.64183807373047,31.467559814453125,11.38136100769043,0.3499999940395355,7.970513820648193
97.0,-11.25,40.32117462158203,29.67965316772461,11.091476440429688,0.3499999940395355,7.970513820648193
98.0,-11.25,42.166526794433594,27.728679656982422,10.772934913635254,0.3499999940395355,7.970513820648193
99.0,-11.25,44.20304870605469,25.589828491210938,10.421394348144531,0.3499999940395355,7.970513820648193
100.0,-11.25,46.46113204956055,23.233142852783203,10.031608581542969,0.3499999940395355,7.970513820648193
101.0,-11.25,48.97802734375,20.621917724609375,9.597146034240723,0.3499999940395355,7.970513820648193
134.0,-11.25,49.03025817871094,19.945697784423828,9.588130950927734,27.75970458984375,7.970513820648193
135.0,-11.25,48.00188064575195,21.14640998840332,9.765647888183594,28.288766860961914,7.970513820648193
136.0,-11.25,47.17090606689453,22.16533660888672,9.909090042114258,28.837308883666992,7.970513820648193
137.0,-11.25,46.452903747558594,23.08363151550293,10.033028602600098,29.389114379882812,7.970513820648193
138.0,-11.25,45.821834564208984,23.92658805847168,10.141963005065918,29.941251754760742,7.970513820648193
139.0,-11.25,45.23075485229492,24.73843002319336,10.243993759155273,30.481992721557617,7.970513820648193
140.0,-11.25,44.70490646362305,25.496082305908203,10.33476448059082,31.022180557250977,7.970513820648193
141.0,-11.25,44.17704772949219,26.26154327392578,10.425882339477539,31.539932250976562,7.970513820648193
142.0,-11.25,43.63754653930664,27.042964935302734,10.519010543823242,32.03134536743164,7.970513820648193
143.0,-11.25,43.11540985107422,27.81351089477539,10.60914134979248,32.507572174072266,7.970513820648193
144.0,-11.25,42.60743713378906,28.57588005065918,10.69682502746582,32.96805953979492,7.970513820648193
145.0,-11.25,42.106658935546875,29.336030960083008,10.783269882202148,33.41041946411133,7.970513820648193
146.0,-11.25,41.61716079711914,30.090024948120117,10.867765426635742,33.83683776855469,7.970513820648193
147.0,-11.25,41.128170013427734,30.847007751464844,10.95217514038086,34.24282455444336,7.970513820648193
148.0,-11.25,40.669776916503906,31.580608367919922,11.031301498413086,34.642852783203125,7.970513820648193
149.0,-11.25,40.22724151611328,32.30366897583008,11.107690811157227,35.031028747558594,7.970513820648193
150.0,-11.25,39.784461975097656,33.02972412109375,11.184123992919922,35.39985656738281,7.970513820648193
151.0,-11.25,39.3968391418457,33.712127685546875,11.251033782958984,35.7784309387207,7.970513820648193
152.0,-11.25,39.05511474609375,34.35960388183594,11.310022354125977,36.16416931152344,7.970513820648193
153.0,-11.25,38.73738098144531,34.99089813232422,11.3648681640625,36.54694366455078,7.970513820648193
154.0,-11.25,38.441009521484375,35.608482360839844,11.416027069091797,36.9262809753418,7.970513820648193
155.0,-11.25,38.21026611328125,36.17744445800781,11.455859184265137,37.328800201416016,7.970513820648193
156.0,-11.25,37.99614715576172,36.73793029785156,11.492818832397461,37.728057861328125,7.970513820648193
157.0,-11.25,37.810672760009766,37.28087615966797,11.524835586547852,38.13199996948242,7.970513820648193
158.0,-11.25,37.670223236083984,37.79441452026367,11.549078941345215,38.551937103271484,7.970513820648193
159.0,-11.25,37.56094741821289,38.29021453857422,11.567941665649414,38.980812072753906,7.970513820648193
160.0,-11.25,37.476776123046875,38.773582458496094,11.582470893859863,39.41582107543945,7.970513820648193
161.0,-11.25,37.4296875,39.236454010009766,11.59060001373291,39.86578369140625,7.970513820648193
162.0,-11.25,37.39075469970703,39.70069122314453,11.597320556640625,40.3125,7.970513820648193
163.0,-11.25,37.374267578125,40.15634536743164,11.600167274475098,40.765968322753906,7.970513820648193
164.0,-11.25,37.381141662597656,40.603431701660156,11.598979949951172,41.22754669189453,7.970513820648193
165.0,-11.25,37.41261291503906,41.04180145263672,11.593547821044922,41.69881057739258,7.970513820648193
166.0,-11.25,37.470558166503906,41.47101974487305,11.583544731140137,42.18186569213867,7.970513820648193
167.0,-11.25,37.546119689941406,41.897762298583984,11.570501327514648,42.67095184326172,7.970513820648193
168.0,-11.25,37.64424133300781,42.31943893432617,11.553564071655273,43.170188903808594,7.970513820648193
169.0,-11.25,37.75653839111328,42.74209976196289,11.534178733825684,43.6738166809082,7.970513820648193
170.0,-11.25,37.86805725097656,43.17545700073242,11.514928817749023,44.17060470581055,7.970513820648193
171.0,-11.25,38.01136779785156,43.599735260009766,11.490192413330078,44.685691833496094,7.970513820648193
172.0,-11.25,38.18596649169922,44.01642990112305,11.460052490234375,45.219459533691406,7.970513820648193
173.0,-11.25,38.369903564453125,44.43941879272461,11.428301811218262,45.7551155090332,7.970513820648193
174.0,-11.25,38.54148864746094,44.88120651245117,11.398683547973633,46.275142669677734,7.970513820648193
175.0,-11.25,38.776092529296875,45.29990005493164,11.358186721801758,46.840614318847656,7.970513820648193
176.0,-11.25,39.00444030761719,45.73511505126953,11.318769454956055,47.39573287963867,7.970513820648193
177.0,-11.25,39.24392318725586,46.17748260498047,11.277429580688477,47.95458984375,7.970513820648193
178.0,-11.25,39.5289306640625,46.6100959777832,11.228232383728027,48.546295166015625,7.970513820648193
179.0,-11.25,39.793941497802734,47.066978454589844,11.182487487792969,49.11573791503906,7.970513820648193
180.0,-11.25,40.096683502197266,47.51980209350586,11.130228042602539,49.711917877197266,7.970513820648193
181.0,-11.25,40.38444900512695,47.99441909790039,11.080554962158203,50.28952407836914,7.970513820648193
182.0,-11.25,40.64289855957031,48.49646759033203,11.035942077636719,50.83525466918945,7.970513820648193
183.0,-11.25,40.90847396850586,49.00889587402344,10.99009895324707,51.380435943603516,7.970513820648193
184.0,-11.25,41.18330383300781,49.53104782104492,10.942657470703125,51.92681121826172,7.970513820648193
185.0,-11.25,41.46708297729492,50.063419342041016,10.893671989440918,52.4739990234375,7.970513820648193
186.0,-11.25,41.73569869995117,50.61552047729492,10.847304344177246,52.999977111816406,7.970513820648193
187.0,-11.25,41.97944259643555,51.19009017944336,10.805229187011719,53.49524688720703,7.970513820648193
188.0,-11.25,42.236019134521484,51.77263641357422,10.760939598083496,53.993751525878906,7.970513820648193
189.0,-11.25,42.47915267944336,52.37240982055664,10.71897029876709,54.47108840942383,7.970513820648193
190.0,-11.25,42.71728515625,52.98596954345703,10.677865028381348,54.934608459472656,7.970513820648193
191.0,-11.25,42.97203063964844,53.606388092041016,10.633889198303223,55.40420913696289,7.970513820648193
192.0,-11.25,43.19979476928711,54.246788024902344,10.594573974609375,55.83877182006836,7.970513820648193
193.0,-11.25,43.435523986816406,54.89628982543945,10.553882598876953,56.27074432373047,7.970513820648193
194.0,-11.25,43.681922912597656,55.55445098876953,10.51134967803955,56.70254135131836,7.970513820648193
195.0,-11.25,43.93156051635742,56.2234001159668,10.468257904052734,57.12693786621094,7.970513820648193
196.0,-11.25,44.12903594970703,56.91521453857422,10.43416976928711,57.490478515625,7.970513820648193
197.0,-11.25,44.37791442871094,57.606231689453125,10.391209602355957,57.892173767089844,7.970513820648193
198.0,-11.25,44.58595275878906,58.31588363647461,10.35529899597168,58.24306869506836,7.970513820648193
199.0,-11.25,44.830833435058594,59.02888488769531,10.313028335571289,58.61792755126953,7.970513820648193
200.0,-11.25,45.06492233276367,59.754112243652344,10.272619247436523,58.97046661376953,7.970513820648193
201.0,-11.25,45.28675079345703,60.49099349975586,10.23432731628418,59.298912048339844,7.970513820648193
202.0,-11.25,45.51602554321289,61.236427307128906,10.19474983215332,59.62220764160156,7.970513820648193
203.0,-11.25,45.73493194580078,61.99231719970703,10.156965255737305,59.92272186279297,7.970513820648193
204.0,-11.25,45.947105407714844,62.757652282714844,10.120338439941406,60.2037353515625,7.970513820648193
205.0,-11.25,46.153202056884766,63.53181457519531,10.084762573242188,60.46565628051758,7.970513820648193
206.0,-11.25,46.334754943847656,64.31513977050781,10.053422927856445,60.69008255004883,7.970513820648193
207.0,-11.25,46.56568145751953,65.1038589477539,10.01356029510498,60.94953536987305,7.970513820648193
208.0,-11.25,46.779876708984375,65.90117645263672,9.976587295532227,61.17879867553711,7.970513820648193
209.0,-11.25,47.00475311279297,66.70610046386719,9.93777084350586,61.4046516418457,7.970513820648193
210.0,-11.25,47.21582794189453,67.51841735839844,9.901334762573242,61.602787017822266,7.970513820648193
211.0,-11.25,47.471134185791016,68.33936309814453,9.857264518737793,61.83013916015625,7.970513820648193
212.0,-11.25,47.694602966308594,69.16679382324219,9.818689346313477,62.01161575317383,7.970513820648193
213.0,-11.25,47.95320129394531,70.00362396240234,9.774051666259766,62.21288299560547,7.970513820648193
214.0,-11.25,48.21742248535156,70.8487777709961,9.72844123840332,62.404666900634766,7.970513820648193
215.0,-11.25,48.47384262084961,71.70083618164062,9.684178352355957,62.573585510253906,7.970513820648193
216.0,-11.25,48.769493103027344,72.5649185180664,9.633142471313477,62.76543426513672,7.970513820648193
217.0,-11.25,48.99821472167969,73.4278793334961,9.593663215637207,62.87623596191406,7.970513820648193
218.0,-11.25,49.226749420166016,74.2964859008789,9.55421257019043,62.971187591552734,7.970513820648193
219.0,-11.25,49.44740295410156,75.16912841796875,9.51612377166748,63.042667388916016,7.970513820648193
220.0,-11.25,49.652191162109375,76.0435791015625,9.480772972106934,63.08286666870117,7.970513820648193
221.0,-11.25,49.817352294921875,76.91381072998047,9.452263832092285,63.06892776489258,7.970513820648193
222.0,-11.25,49.975372314453125,77.78480529785156,9.42498779296875,63.03234100341797,7.970513820648193
233.0,-11.25,49.975860595703125,86.72344970703125,9.424901962280273,60.00905227661133,7.970513820648193
234.0,-11.25,49.89131546020508,87.4686050415039,9.439496994018555,59.5748291015625,7.970513820648193
235.0,-11.25,49.76081466674805,88.18479919433594,9.46202278137207,59.087669372558594,7.970513820648193
236.0,-11.25,49.63886260986328,88.89421081542969,9.483073234558105,58.59659194946289,7.970513820648193
237.0,-11.25,49.50657653808594,89.58826446533203,9.505908012390137,58.08521270751953,7.970513820648193
238.0,-11.25,49.38629150390625,90.27706909179688,9.526673316955566,57.573204040527344,7.970513820648193
239.0,-11.25,49.22922134399414,90.93679809570312,9.553786277770996,57.01897048950195,7.970513820648193
240.0,-11.25,49.127220153808594,91.61256408691406,9.571393966674805,56.50106430053711,7.970513820648193
241.0,-11.25,49.003910064697266,92.26648712158203,9.59267807006836,55.95461654663086,7.970513820648193
242.0,-11.25,48.911136627197266,92.92545318603516,9.608691215515137,55.42316436767578,7.970513820648193
243.0,-11.25,48.807838439941406,93.5678939819336,9.626523971557617,54.872589111328125,7.970513820648193
244.0,-11.25,48.66209411621094,94.17508697509766,9.651681900024414,54.27772521972656,7.970513820648193
245.0,-11.25,48.58411407470703,94.80916595458984,9.665143013000488,53.72769546508789,7.970513820648193
246.0,-11.25,48.4185905456543,95.38036346435547,9.69371509552002,53.09878158569336,7.970513820648193
247.0,-11.25,48.35108947753906,95.9979248046875,9.705367088317871,52.537635803222656,7.970513820648193
248.0,-11.25,48.23622131347656,96.5752182006836,9.725194931030273,51.93035125732422,7.970513820648193
249.0,-11.25,48.13859558105469,97.15129089355469,9.742047309875488,51.32730484008789,7.970513820648193
250.0,-11.25,48.106353759765625,97.75785827636719,9.747613906860352,50.763877868652344,7.970513820648193
251.0,-11.25,48.083038330078125,98.36000061035156,9.751638412475586,50.19682693481445,7.970513820648193
252.0,-11.25,47.991493225097656,98.90586853027344,9.767440795898438,49.57062530517578,7.970513820648193
253.0,-11.25,48.04644775390625,99.54015350341797,9.757954597473145,49.039554595947266,7.970513820648193
254.0,-11.25,47.36332321166992,99.6500015258789,9.875874519348145,47.984458923339844,7.970513820648193
255.0,-11.25,46.563133239746094,99.6500015258789,10.013999938964844,46.85618591308594,7.970513820648193
256.0,-11.25,45.80327224731445,99.6500015258789,10.145166397094727,45.76510238647461,7.970513820648193
257.0,-11.25,45.08131790161133,99.6500015258789,10.269790649414062,44.70872497558594,7.970513820648193
258.0,-11.25,44.395084381103516,99.6500015258789,10.388245582580566,43.68484115600586,7.970513820648193
259.0,-11.25,43.74253845214844,99.6500015258789,10.500887870788574,42.69132614135742,7.970513820648193
260.0,-11.25,43.12186050415039,99.6500015258789,10.608028411865234,41.72633361816406,7.970513820648193
261.0,-11.25,42.53131103515625,99.6500015258789,10.709966659545898,40.788047790527344,7.970513820648193
262.0,-11.25,41.96933364868164,99.64999389648438,10.806975364685059,39.87485885620117,7.970513820648193
263.0,-11.25,41.434478759765625,99.64999389648438,10.899299621582031,38.9852180480957,7.970513820648193
264.0,-11.25,40.925384521484375,99.6500015258789,10.98717975616455,38.1176872253418,7.970513820648193
265.0,-11.25,40.44082260131836,99.6500015258789,11.070823669433594,37.270973205566406,7.970513820648193
266.0,-11.25,39.97963333129883,99.6500015258789,11.150432586669922,36.443817138671875,7.970513820648193
267.0,-11.25,39.54075622558594,99.6500015258789,11.226192474365234,35.63507843017578,7.970513820648193
268.0,-11.25,39.123207092285156,99.6500015258789,11.298269271850586,34.84368133544922,7.970513820648193
269.0,-11.25,38.726036071777344,99.6500015258789,11.366827011108398,34.06855392456055,7.970513820648193
270.0,-11.25,38.34842300415039,99.6500015258789,11.43200969696045,33.30879592895508,7.970513820648193
271.0,-11.25,37.98957443237305,99.6500015258789,11.4939546585083,32.56349563598633,7.970513820648193
272.0,-11.25,37.64873123168945,99.6500015258789,11.552787780761719,31.831787109375,7.970513820648193
273.0,-11.25,37.32520294189453,99.6500015258789,11.608634948730469,31.112850189208984,7.970513820648193
274.0,-11.25,37.01838302612305,99.6500015258789,11.661598205566406,30.40597152709961,7.970513820648193
275.0,-11.25,36.727664947509766,99.6500015258789,11.71178150177002,29.71041488647461,7.970513820648193
276.0,-11.25,36.452491760253906,99.6500015258789,11.759281158447266,29.02548599243164,7.970513820648193
277.0,-11.25,36.19235610961914,99.6500015258789,11.804184913635254,28.350547790527344,7.970513820648193
278.0,-11.25,35.94676971435547,99.6500015258789,11.846577644348145,27.684947967529297,7.970513820648193
279.0,-11.25,35.71531295776367,99.6500015258789,11.886531829833984,27.02814483642578,7.970513820648193
280.0,-11.25,35.497554779052734,99.6500015258789,11.924121856689453,26.379545211791992,7.970513820648193
281.0,-11.25,35.293121337890625,99.6500015258789,11.959409713745117,25.738611221313477,7.970513820648193
282.0,-11.25,35.10166549682617,99.6500015258789,11.992459297180176,25.10483169555664,7.970513820648193
283.0,-11.25,34.92284393310547,99.6500015258789,12.02332592010498,24.477676391601562,7.970513820648193
284.0,-11.25,34.756378173828125,99.6500015258789,12.052061080932617,23.85671615600586,7.970513820648193
285.0,-11.25,34.60197830200195,99.6500015258789,12.078714370727539,23.241453170776367,7.970513820648193
286.0,-11.25,34.45939636230469,99.6500015258789,12.103325843811035,22.631452560424805,7.970513820648193
287.0,-11.25,34.328399658203125,99.6500015258789,12.125938415527344,22.02627182006836,7.970513820648193
288.0,-11.25,34.20877456665039,99.6500015258789,12.146587371826172,21.425479888916016,7.970513820648193
289.0,-11.25,34.1003303527832,99.6500015258789,12.165307998657227,20.82869529724121,7.970513820648193
290.0,-11.25,34.00289535522461,99.6500015258789,12.18212604522705,20.235492706298828,7.970513820648193
291.0,-11.25,33.91632080078125,99.6500015258789,12.197070121765137,19.6455020904541,7.970513820648193
292.0,-11.25,33.84046936035156,99.6500015258789,12.210164070129395,19.058324813842773,7.970513820648193
293.0,-11.25,33.77521514892578,99.6500015258789,12.221427917480469,18.47357940673828,7.970513820648193
294.0,-11.25,33.7204704284668,99.6500015258789,12.230878829956055,17.890918731689453,7.970513820648193
295.0,-11.25,33.67613983154297,99.6500015258789,12.238530158996582,17.309967041015625,7.970513820648193
296.0,-11.25,33.64216232299805,99.6500015258789,12.24439525604248,16.730365753173828,7.970513820648193
297.0,-11.25,33.61848068237305,99.6500015258789,12.248482704162598,16.15176010131836,7.970513820648193
298.0,-11.25,33.605064392089844,99.6500015258789,12.250800132751465,15.573773384094238,7.970513820648193
299.0,-11.25,33.601890563964844,99.6500015258789,12.251346588134766,14.996088027954102,7.970513820648193
300.0,-11.25,33.608951568603516,99.6500015258789,12.250127792358398,14.418336868286133,7.970513820648193
301.0,-11.25,33.62626266479492,99.6500015258789,12.247139930725098,13.840166091918945,7.970513820648193
302.0,-11.25,33.653846740722656,99.6500015258789,12.242378234863281,13.261204719543457,7.970513820648193
303.0,-11.25,33.691749572753906,99.6500015258789,12.235835075378418,12.681135177612305,7.970513820648193
304.0,-11.25,33.74002456665039,99.6500015258789,12.227503776550293,12.099576950073242,7.970513820648193
305.0,-11.25,33.79874801635742,99.6500015258789,12.217365264892578,11.5161714553833,7.970513820648193
306.0,-11.25,33.868011474609375,99.6500015258789,12.20541000366211,10.930556297302246,7.970513820648193
307.0,-11.25,33.94792556762695,99.6500015258789,12.191615104675293,10.342341423034668,7.970513820648193
308.0,-11.25,34.038604736328125,99.6500015258789,12.1759614944458,9.751176834106445,7.970513820648193
309.0,-11.25,34.14019775390625,99.6500015258789,12.158425331115723,9.156664848327637,7.970513820648193
310.0,-11.25,34.252864837646484,99.6500015258789,12.138978004455566,8.558411598205566,7.970513820648193
311.0,-11.25,34.37678527832031,99.6500015258789,12.117586135864258,7.956007957458496,7.970513820648193
312.0,-11.25,34.51215744018555,99.6500015258789,12.094218254089355,7.349032402038574,7.970513820648193
313.0,-11.25,34.65919876098633,99.6500015258789,12.06883716583252,6.737086296081543,7.970513820648193
314.0,-11.25,34.81814956665039,99.6500015258789,12.041398048400879,6.11971378326416,7.970513820648193
315.0,-11.25,34.98927307128906,99.6500015258789,12.011858940124512,5.496460914611816,7.970513820648193
316.0,-11.25,35.172847747802734,99.6500015258789,11.980171203613281,4.866859436035156,7.970513820648193
317.0,-11.25,35.36920166015625,99.6500015258789,11.946276664733887,4.230403900146484,7.970513820648193
318.0,-11.25,35.57864761352539,99.6500015258789,11.910122871398926,3.5866222381591797,7.970513820648193
319.0,-11.25,35.80155944824219,99.6500015258789,11.871644020080566,2.934976577758789,7.970513820648193
320.0,-11.25,36.038330078125,99.6500015258789,11.830772399902344,2.2749061584472656,7.970513820648193
321.0,-11.25,36.28938293457031,99.6500015258789,11.787436485290527,1.6058387756347656,7.970513820648193
322.0,-11.25,36.555179595947266,99.6500015258789,11.741555213928223,0.9271659851074219,7.970513820648193
323.0,-11.25,36.55940246582031,99.40130615234375,11.740826606750488,0.3499999940395355,7.970513820648193
324.0,-11.25,35.197296142578125,97.92471313476562,11.975951194763184,0.3499999940395355,7.970513820648193
325.0,-11.25,33.94300079345703,96.55378723144531,12.192464828491211,0.3499999940395355,7.970513820648193
326.0,-11.25,32.78467559814453,95.2768325805664,12.392412185668945,0.3499999940395355,7.970513820648193
327.0,-11.25,31.71211051940918,94.08377075195312,12.577557563781738,0.3499999940395355,7.970513820648193
328.0,-11.25,30.716585159301758,92.96600341796875,12.74940299987793,0.3499999940395355,7.970513820648193
329.0,-11.25,29.790462493896484,91.91596984863281,12.909269332885742,0.3499999940395355,7.970513820648193
330.0,-11.25,28.927104949951172,90.9271011352539,13.058300018310547,0.3499999940395355,7.970513820648193
331.0,-11.25,28.120677947998047,89.99363708496094,13.197504043579102,0.3499999940395355,7.970513820648193
332.0,-11.25,27.366130828857422,89.1105728149414,13.327753067016602,0.3499999940395355,7.970513820648193
333.0,-11.25,26.658924102783203,88.27340698242188,13.4498291015625,0.3499999940395355,7.970513820648193
334.0,-11.25,25.995067596435547,87.47818756103516,13.564422607421875,0.3499999940395355,7.970513820648193
335.0,-11.25,25.37101173400879,86.72138977050781,13.67214584350586,0.3499999940395355,7.970513820648193
336.0,-11.25,24.783571243286133,85.99983215332031,13.773550033569336,0.3499999940395355,7.970513820648193
337.0,-11.25,24.22994613647461,85.31074523925781,13.869114875793457,0.3499999940395355,7.970513820648193
338.0,-11.25,23.70758056640625,84.6515884399414,13.959285736083984,0.3499999940395355,7.970513820648193
339.0,-11.25,23.214183807373047,84.02005767822266,14.044454574584961,0.3499999940395355,7.970513820648193
340.0,-11.25,22.747695922851562,83.41409301757812,14.124979019165039,0.3499999940395355,7.970513820648193
341.0,-11.25,22.30623435974121,82.83181762695312,14.201183319091797,0.3499999940395355,7.970513820648193
342.0,-11.25,21.888132095336914,82.27156066894531,14.273354530334473,0.3499999940395355,7.970513820648193
343.0,-11.25,21.491840362548828,81.73175048828125,14.341761589050293,0.3499999940395355,7.970513820648193
344.0,-11.25,21.115962982177734,81.21099090576172,14.406645774841309,0.3499999940395355,7.970513820648193
345.0,-11.25,20.759220123291016,80.7079849243164,14.468226432800293,0.3499999940395355,7.970513820648193
346.0,-11.25,20.420438766479492,80.22152709960938,14.526705741882324,0.3499999940395355,7.970513820648193
347.0,-11.25,20.098573684692383,79.75056457519531,14.582265853881836,0.3499999940395355,7.970513820648193
348.0,-11.25,19.79262924194336,79.2940902709961,14.635076522827148,0.3499999940395355,7.970513820648193
349.0,-11.25,19.501710891723633,78.85116577148438,14.685295104980469,0.3499999940395355,7.970513820648193
350.0,-11.25,19.224992752075195,78.42094421386719,14.733061790466309,0.3499999940395355,7.970513820648193
351.0,-11.25,18.961706161499023,78.00262451171875,14.778509140014648,0.3499999940395355,7.970513820648193
352.0,-11.25,18.711164474487305,77.59548950195312,14.821757316589355,0.3499999940395355,7.970513820648193
353.0,-11.25,18.472707748413086,77.19886016845703,14.862919807434082,0.3499999940395355,7.970513820648193
354.0,-11.25,18.245742797851562,76.81209564208984,14.902097702026367,0.3499999940395355,7.970513820648193
355.0,-11.25,18.02971076965332,76.43460845947266,14.9393892288208,0.3499999940395355,7.970513820648193
356.0,-11.25,17.824094772338867,76.06582641601562,14.974882125854492,0.3499999940395355,7.970513820648193
357.0,-11.25,17.62843132019043,75.70527648925781,15.008657455444336,0.3499999940395355,7.970513820648193
358.0,-11.25,17.442272186279297,75.3524398803711,15.040791511535645,0.3499999940395355,7.970513820648193
359.0,-11.25,17.265207290649414,75.00687408447266,15.071355819702148,0.3499999940395355,7.970513820648193
0.0,-16.875,17.524797439575195,74.87127685546875,13.558594703674316,0.3499999940395355,7.970513820648193
1.0,-16.875,17.356672286987305,74.53517150878906,13.601698875427246,0.3499999940395355,7.970513820648193
2.0,-16.875,17.196928024291992,74.2053451538086,13.642654418945312,0.3499999940395355,7.970513820648193
3.0,-16.875,17.045244216918945,73.88143920898438,13.681543350219727,0.3499999940395355,7.970513820648193
4.0,-16.875,16.901317596435547,73.56309509277344,13.718442916870117,0.3499999940395355,7.970513820648193
5.0,-16.875,16.764863967895508,73.25,13.753427505493164,0.3499999940395355,7.970513820648193
6.0,-16.875,16.635622024536133,72.94181823730469,13.786563873291016,0.3499999940395355,7.970513820648193
7.0,-16.875,16.513351440429688,72.63825988769531,13.817912101745605,0.3499999940395355,7.970513820648193
8.0,-16.875,16.3978214263916,72.33904266357422,13.847530364990234,0.3499999940395355,7.970513820648193
9.0,-16.875,16.2888240814209,72.04389190673828,13.875476837158203,0.3499999940395355,7.970513820648193
10.0,-16.875,16.18616485595703,71.75255584716797,13.901796340942383,0.3499999940395355,7.970513820648193
11.0,-16.875,16.08966064453125,71.46477508544922,13.926538467407227,0.3499999940395355,7.970513820648193
12.0,-16.875,15.999146461486816,71.18032836914062,13.94974422454834,0.3499999940395355,7.970513820648193
13.0,-16.875,15.914464950561523,70.89897155761719,13.971455574035645,0.3499999940395355,7.970513820648193
14.0,-16.875,15.83547306060791,70.62049102783203,13.991707801818848,0.3499999940395355,7.970513820648193
15.0,-16.875,15.762040138244629,70.34468078613281,14.010534286499023,0.3499999940395355,7.970513820648193
16.0,-16.875,15.694042205810547,70.07133483886719,14.027968406677246,0.3499999940395355,7.970513820648193
17.0,-16.875,15.631370544433594,69.80025482177734,14.044035911560059,0.3499999940395355,7.970513820648193
18.0,-16.875,15.573922157287598,69.53125,14.058764457702637,0.3499999940395355,7.970513820648193
19.0,-16.875,15.521605491638184,69.2641372680664,14.07217788696289,0.3499999940395355,7.970513820648193
20.0,-16.875,15.474336624145508,68.99872589111328,14.084297180175781,0.3499999940395355,7.970513820648193
21.0,-16.875,15.432042121887207,68.73484802246094,14.09514045715332,0.3499999940395355,7.970513820648193
22.0,-16.875,15.3946533203125,68.47233581542969,14.104726791381836,0.3499999940395355,7.970513820648193
23.0,-16.875,15.362113952636719,68.21100616455078,14.113068580627441,0.3499999940395355,7.970513820648193
24.0,-16.875,15.334372520446777,67.95069885253906,14.120180130004883,0.3499999940395355,7.970513820648193
25.0,-16.875,15.311387062072754,67.69125366210938,14.126073837280273,0.3499999940395355,7.970513820648193
26.0,-16.875,15.293122291564941,67.43251037597656,14.130756378173828,0.3499999940395355,7.970513820648193
27.0,-16.875,15.279549598693848,67.17430114746094,14.134236335754395,0.3499999940395355,7.970513820648193
28.0,-16.875,15.270648956298828,66.91646575927734,14.136518478393555,0.3499999940395355,7.970513820648193
29.0,-16.875,15.266406059265137,66.65885925292969,14.137606620788574,0.3499999940395355,7.970513820648193
30.0,-16.875,15.266813278198242,66.40131378173828,14.137502670288086,0.3499999940395355,7.970513820648193
31.0,-16.875,15.271873474121094,66.1436767578125,14.136205673217773,0.3499999940395355,7.970513820648193
32.0,-16.875,15.281594276428223,65.88579559326172,14.133712768554688,0.3499999940395355,7.970513820648193
33.0,-16.875,15.295989036560059,65.62750244140625,14.130021095275879,0.3499999940395355,7.970513820648193
34.0,-16.875,15.315081596374512,65.36864471435547,14.125126838684082,0.3499999940395355,7.970513820648193
35.0,-16.875,15.338897705078125,65.10906219482422,14.119020462036133,0.3499999940395355,7.970513820648193
36.0,-16.875,15.367477416992188,64.84858703613281,14.111693382263184,0.3499999940395355,7.970513820648193
37.0,-16.875,15.400864601135254,64.5870590209961,14.103133201599121,0.3499999940395355,7.970513820648193
38.0,-16.875,15.439108848571777,64.3243179321289,14.093328475952148,0.3499999940395355,7.970513820648193
39.0,-16.875,15.48227310180664,64.0601806640625,14.08226203918457,0.3499999940395355,7.970513820648193
40.0,-16.875,15.53042221069336,63.794490814208984,14.069917678833008,0.3499999940395355,7.970513820648193
41.0,-16.875,15.583634376525879,63.52705383300781,14.0562744140625,0.3499999940395355,7.970513820648193
42.0,-16.875,15.641992568969727,63.25769805908203,14.041313171386719,0.3499999940395355,7.970513820648193
43.0,-16.875,15.70559310913086,62.986236572265625,14.025007247924805,0.3499999940395355,7.970513820648193
44.0,-16.875,15.7745361328125,62.71247100830078,14.007330894470215,0.3499999940395355,7.970513820648193
45.0,-16.875,15.848936080932617,62.43620681762695,13.988256454467773,0.3499999940395355,7.970513820648193
46.0,-16.875,15.928915977478027,62.15724182128906,13.967750549316406,0.3499999940395355,7.970513820648193
47.0,-16.875,16.014612197875977,61.87535858154297,13.945778846740723,0.3499999940395355,7.970513820648193
48.0,-16.875,16.106164932250977,61.59033966064453,13.922307968139648,0.3499999940395355,7.970513820648193
49.0,-16.875,16.203737258911133,61.30195617675781,13.89729118347168,0.3499999940395355,7.970513820648193
50.0,-16.875,16.3074951171875,61.00996398925781,13.870689392089844,0.3499999940395355,7.970513820648193
51.0,-16.875,16.417625427246094,60.71411895751953,13.84245491027832,0.3499999940395355,7.970513820648193
52.0,-16.875,16.53432273864746,60.414161682128906,13.81253433227539,0.3499999940395355,7.970513820648193
53.0,-16.875,16.657800674438477,60.10981369018555,13.780876159667969,0.3499999940395355,7.970513820648193
54.0,-16.875,16.788291931152344,59.8007926940918,13.747421264648438,0.3499999940395355,7.970513820648193
55.0,-16.875,16.926036834716797,59.486793518066406,13.712106704711914,0.3499999940395355,7.970513820648193
56.0,-16.875,17.071306228637695,59.167503356933594,13.674861907958984,0.3499999940395355,7.970513820648193
57.0,-16.875,17.224380493164062,58.84258270263672,13.635616302490234,0.3499999940395355,7.970513820648193
58.0,-16.875,17.38557243347168,58.511680603027344,13.594289779663086,0.3499999940395355,7.970513820648193
59.0,-16.875,17.555204391479492,58.17442321777344,13.550798416137695,0.3499999940395355,7.970513820648193
60.0,-16.875,17.73363494873047,57.83041763305664,13.50505256652832,0.3499999940395355,7.970513820648193
61.0,-16.875,17.921245574951172,57.4792366027832,13.456952095031738,0.3499999940395355,7.970513820648193
62.0,-16.875,18.118446350097656,57.12043380737305,13.406393051147461,0.3499999940395355,7.970513820648193
63.0,-16.875,18.325681686401367,56.75353240966797,13.353261947631836,0.3499999940395355,7.970513820648193
64.0,-16.875,18.54342269897461,56.378028869628906,13.297436714172363,0.3499999940395355,7.970513820648193
65.0,-16.875,18.77219009399414,55.993370056152344,13.238784790039062,0.3499999940395355,7.970513820648193
66.0,-16.875,19.01253318786621,55.5989875793457,13.177165031433105,0.3499999940395355,7.970513820648193
67.0,-16.875,19.265056610107422,55.19424819946289,13.112422943115234,0.3499999940395355,7.970513820648193
68.0,-16.875,19.530406951904297,54.77848815917969,13.044390678405762,0.3499999940395355,7.970513820648193
69.0,-16.875,19.80928611755371,54.35097885131836,12.972891807556152,0.3499999940395355,7.970513820648193
70.0,-16.875,20.102460861206055,53.910945892333984,12.897727966308594,0.3499999940395355,7.970513820648193
71.0,-16.875,20.410749435424805,53.457557678222656,12.818687438964844,0.3499999940395355,7.970513820648193
72.0,-16.875,20.73505973815918,52.98989486694336,12.735539436340332,0.3499999940395355,7.970513820648193
73.0,-16.875,21.07636260986328,52.506988525390625,12.648036003112793,0.3499999940395355,7.970513820648193
74.0,-16.875,21.435733795166016,52.007755279541016,12.555898666381836,0.3499999940395355,7.970513820648193
75.0,-16.875,21.814329147338867,51.49104690551758,12.458834648132324,0.3499999940395355,7.970513820648193
76.0,-16.875,22.213430404663086,50.955589294433594,12.356511116027832,0.3499999940395355,7.970513820648193
77.0,-16.875,22.63442611694336,50.400001525878906,12.248575210571289,0.3499999940395355,7.970513820648193
78.0,-16.875,23.078853607177734,49.822776794433594,12.134632110595703,0.3499999940395355,7.970513820648193
79.0,-16.875,23.548398971557617,49.22223663330078,12.014249801635742,0.3499999940395355,7.970513820648193
80.0,-16.875,24.044919967651367,48.59656524658203,11.88694953918457,0.3499999940395355,7.970513820648193
81.0,-16.875,24.57048797607422,47.9437255859375,11.752202987670898,0.3499999940395355,7.970513820648193
82.0,-16.875,25.12736701965332,47.26150131225586,11.609428405761719,0.3499999940395355,7.970513820648193
83.0,-16.875,25.718082427978516,46.54741668701172,11.457979202270508,0.3499999940395355,7.970513820648193
84.0,-16.875,26.34546661376953,45.798709869384766,11.297128677368164,0.3499999940395355,7.970513820648193
85.0,-16.875,27.01264762878418,45.0123291015625,11.126075744628906,0.3499999940395355,7.970513820648193
86.0,-16.875,27.723175048828125,44.18480682373047,10.94390869140625,0.3499999940395355,7.970513820648193
87.0,-16.875,28.480993270874023,43.31231689453125,10.749618530273438,0.3499999940395355,7.970513820648193
88.0,-16.875,29.290592193603516,42.390480041503906,10.542051315307617,0.3499999940395355,7.970513820648193
89.0,-16.875,30.157001495361328,41.41442108154297,10.31991958618164,0.3499999940395355,7.970513820648193
90.0,-16.875,31.086002349853516,40.378509521484375,10.08173942565918,0.3499999940395355,7.970513820648193
91.0,-16.875,32.084136962890625,39.27641296386719,9.825835227966309,0.3499999940395355,7.970513820648193
92.0,-16.875,33.158931732177734,38.1008186340332,9.550277709960938,0.3499999940395355,7.970513820648193
93.0,-16.875,34.31904602050781,36.84333801269531,9.252843856811523,0.3499999940395355,7.970513820648193
94.0,-16.875,35.57451248168945,35.49425506591797,8.930964469909668,0.3499999940395355,7.970513820648193
95.0,-16.875,36.93699645996094,34.04225540161133,8.581646919250488,0.3499999940395355,7.970513820648193
96.0,-16.875,39.19709777832031,31.784976959228516,8.002197265625,0.05162134766578674,7.970513820648193
97.0,-16.875,39.19710159301758,31.527542114257812,8.002197265625,0.6606884002685547,7.970513820648193
98.0,-16.875,39.19710159301758,31.280776977539062,8.002197265625,1.2741576433181763,7.970513820648193
99.0,-16.875,39.19710159301758,31.044755935668945,8.002197265625,1.891843557357788,7.970513820648193
100.0,-16.875,39.19709777832031,30.819549560546875,8.002197265625,2.5135607719421387,7.970513820648193
101.0,-16.875,39.19709777832031,30.6052303314209,8.002197265625,3.1391053199768066,7.970513820648193
102.0,-16.875,39.19710159301758,30.401857376098633,8.002197265625,3.7682957649230957,7.970513820648193
103.0,-16.875,39.19709777832031,30.20949363708496,8.002197265625,4.400946140289307,7.970513820648193
104.0,-16.875,39.19710159301758,30.028207778930664,8.002198219299316,5.0368523597717285,7.970513820648193
105.0,-16.875,39.19710159301758,29.858041763305664,8.002197265625,5.6758246421813965,7.970513820648193
106.0,-16.875,39.19709777832031,29.69905662536621,8.002197265625,6.317671298980713,7.970513820648193
107.0,-16.875,39.19710159301758,29.55129623413086,8.002197265625,6.962194442749023,7.970513820648193
108.0,-16.875,39.19709777832031,29.414806365966797,8.002197265625,7.609198093414307,7.970513820648193
109.0,-16.875,39.19710159301758,29.289630889892578,8.002197265625,8.2584867477417,7.970513820648193
110.0,-16.875,39.197105407714844,29.175800323486328,8.002197265625,8.909863471984863,7.970513820648193
111.0,-16.875,39.19710159301758,29.0733642578125,8.002197265625,9.56312084197998,7.970513820648193
112.0,-16.875,39.19709396362305,28.982345581054688,8.002197265625,10.218066215515137,7.970513820648193
113.0,-16.875,39.19710159301758,28.902759552001953,8.002197265625,10.874505996704102,7.970513820648193
114.0,-16.875,39.19709777832031,28.834646224975586,8.002197265625,11.5322265625,7.970513820648193
115.0,-16.875,39.19710922241211,28.778024673461914,8.002198219299316,12.191048622131348,7.970513820648193
116.0,-16.875,39.19710159301758,28.732913970947266,8.002198219299316,12.850752830505371,7.970513820648193
117.0,-16.875,39.197105407714844,28.69931411743164,8.002197265625,13.511137008666992,7.970513820648193
118.0,-16.875,39.19709777832031,28.67725372314453,8.002197265625,14.172017097473145,7.970513820648193
119.0,-16.875,39.19710159301758,28.666725158691406,8.002197265625,14.833169937133789,7.970513820648193
120.0,-16.875,39.19709777832031,28.667736053466797,8.002197265625,15.49442195892334,7.970513820648193
121.0,-16.875,39.19709777832031,28.680294036865234,8.002198219299316,16.15553855895996,7.970513820648193
122.0,-16.875,39.197105407714844,28.704374313354492,8.002197265625,16.81635284423828,7.970513820648193
123.0,-16.875,39.19710159301758,28.739999771118164,8.002197265625,17.476633071899414,7.970513820648193
124.0,-16.875,39.197105407714844,28.787134170532227,8.002197265625,18.136184692382812,7.970513820648193
125.0,-16.875,39.19709777832031,28.845781326293945,8.002198219299316,18.794830322265625,7.970513820648193
126.0,-16.875,39.19710159301758,28.915903091430664,8.002197265625,19.45234489440918,7.970513820648193
127.0,-16.875,39.19709396362305,28.997495651245117,8.002197265625,20.108535766601562,7.970513820648193
128.0,-16.875,39.19709777832031,29.090526580810547,8.002198219299316,20.763202667236328,7.970513820648193
129.0,-16.875,39.15156173706055,29.238367080688477,8.013871192932129,21.40880584716797,7.970513820648193
130.0,-16.875,39.12567901611328,29.37864875793457,8.020508766174316,22.054481506347656,7.970513820648193
131.0,-16.875,39.12567901611328,29.505578994750977,8.0205078125,22.702199935913086,7.970513820648193
132.0,-16.875,39.06672668457031,29.699411392211914,8.035622596740723,23.335189819335938,7.970513820648193
133.0,-16.875,38.99456787109375,29.916440963745117,8.054121017456055,23.960725784301758,7.970513820648193
134.0,-16.875,38.91505813598633,30.15093421936035,8.074506759643555,24.57940101623535,7.970513820648193
135.0,-16.875,38.83232116699219,30.398845672607422,8.095718383789062,25.1917781829834,7.970513820648193
136.0,-16.875,38.66128158569336,30.738821029663086,8.139573097229004,25.774017333984375,7.970513820648193
137.0,-16.875,38.551841735839844,31.031299591064453,8.167627334594727,26.365468978881836,7.970513820648193
138.0,-16.875,38.387481689453125,31.383800506591797,8.209769248962402,26.933042526245117,7.970513820648193
139.0,-16.875,38.22645950317383,31.742202758789062,8.251052856445312,27.49285316467285,7.970513820648193
140.0,-16.875,38.02060317993164,32.14995574951172,8.303829193115234,28.02851676940918,7.970513820648193
141.0,-16.875,37.80745315551758,32.572303771972656,8.358476638793945,28.55116081237793,7.970513820648193
142.0,-16.875,37.56952667236328,33.02446746826172,8.419476509094238,29.053817749023438,7.970513820648193
143.0,-16.875,37.31406021118164,33.499298095703125,8.484975814819336,29.53803253173828,7.970513820648193
144.0,-16.875,37.066383361816406,33.97390365600586,8.548477172851562,30.013092041015625,7.970513820648193
145.0,-16.875,36.76610565185547,34.50080490112305,8.625459671020508,30.454038619995117,7.970513820648193
146.0,-16.875,36.50606918334961,34.99831771850586,8.692131042480469,30.898584365844727,7.970513820648193
147.0,-16.875,36.240074157714844,35.506622314453125,8.760327339172363,31.327821731567383,7.970513820648193
148.0,-16.875,35.965789794921875,36.02725601196289,8.830648422241211,31.740314483642578,7.970513820648193
149.0,-16.875,35.695068359375,36.549774169921875,8.900056838989258,32.141326904296875,7.970513820648193
150.0,-16.875,35.45174789428711,37.05411148071289,8.96243953704834,32.54267120361328,7.970513820648193
151.0,-16.875,35.21329116821289,37.55925750732422,9.023575782775879,32.934112548828125,7.970513820648193
152.0,-16.875,34.99081039428711,38.05601119995117,9.080615997314453,33.32157897949219,7.970513820648193
153.0,-16.875,34.77277755737305,38.5538215637207,9.136514663696289,33.699554443359375,7.970513820648193
154.0,-16.875,34.57883071899414,39.036922454833984,9.186239242553711,34.07895278930664,7.970513820648193
155.0,-16.875,34.39778137207031,39.51455307006836,9.232658386230469,34.454437255859375,7.970513820648193
156.0,-16.875,34.22999572753906,39.986576080322266,9.275675773620605,34.82670974731445,7.970513820648193
157.0,-16.875,34.082420349121094,40.44782638549805,9.31351089477539,35.2003288269043,7.970513820648193
158.0,-16.875,33.956050872802734,40.89797592163086,9.34591007232666,35.576683044433594,7.970513820648193
159.0,-16.875,33.841426849365234,41.34453582763672,9.375297546386719,35.95070266723633,7.970513820648193
160.0,-16.875,33.731300354003906,41.793006896972656,9.403532028198242,36.318214416503906,7.970513820648193
161.0,-16.875,33.64588928222656,42.22873306274414,9.425429344177246,36.69230270385742,7.970513820648193
162.0,-16.875,33.56736373901367,42.66505813598633,9.445566177368164,37.06216049194336,7.970513820648193
163.0,-16.875,33.495140075683594,43.10245132446289,9.464079856872559,37.427581787109375,7.970513820648193
164.0,-16.875,33.45289993286133,43.5246696472168,9.474907875061035,37.80478286743164,7.970513820648193
165.0,-16.875,33.428253173828125,43.941001892089844,9.481229782104492,38.18619918823242,7.970513820648193
166.0,-16.875,33.396060943603516,44.3686408996582,9.489482879638672,38.554718017578125,7.970513820648193
167.0,-16.875,33.369041442871094,44.79887008666992,9.496410369873047,38.91902160644531,7.970513820648193
168.0,-16.875,33.34660339355469,45.232139587402344,9.502161979675293,39.2787971496582,7.970513820648193
169.0,-16.875,33.34814453125,45.65629196166992,9.501766204833984,39.64833450317383,7.970513820648193
170.0,-16.875,33.34645080566406,46.088836669921875,9.502201080322266,40.008026123046875,7.970513820648193
171.0,-16.875,33.34040832519531,46.53019714355469,9.503750801086426,40.35680389404297,7.970513820648193
172.0,-16.875,33.354957580566406,46.96538543701172,9.500019073486328,40.71356964111328,7.970513820648193
173.0,-16.875,33.38221740722656,47.39965057373047,9.49303150177002,41.07271957397461,7.970513820648193
174.0,-16.875,33.43214416503906,47.827789306640625,9.480232238769531,41.44235610961914,7.970513820648193
175.0,-16.875,33.48767852783203,48.25994110107422,9.46599292755127,41.809425354003906,7.970513820648193
176.0,-16.875,33.54515075683594,48.69818878173828,9.451258659362793,42.17098617553711,7.970513820648193
177.0,-16.875,33.58615493774414,49.152008056640625,9.44074535369873,42.51192092895508,7.970513820648193
178.0,-16.875,33.65489959716797,49.59833526611328,9.423121452331543,42.868141174316406,7.970513820648193
179.0,-16.875,33.746734619140625,50.040496826171875,9.399574279785156,43.236358642578125,7.970513820648193
180.0,-16.875,33.84278106689453,50.488372802734375,9.374950408935547,43.60112380981445,7.970513820648193
181.0,-16.875,33.93932342529297,50.94373321533203,9.350198745727539,43.95922088623047,7.970513820648193
182.0,-16.875,34.05958557128906,51.39615249633789,9.319368362426758,44.33042526245117,7.970513820648193
183.0,-16.875,34.17466735839844,51.85902404785156,9.289860725402832,44.690120697021484,7.970513820648193
184.0,-16.875,34.297637939453125,52.32657241821289,9.258333206176758,45.049415588378906,7.970513820648193
185.0,-16.875,34.42628479003906,52.7999382019043,9.225349426269531,45.40636444091797,7.970513820648193
186.0,-16.875,34.560699462890625,53.27922439575195,9.190890312194824,45.76099395751953,7.970513820648193
187.0,-16.875,34.70305252075195,53.7637939453125,9.154394149780273,46.11518096923828,7.970513820648193
188.0,-16.875,34.87910079956055,54.244808197021484,9.10925579071045,46.49207305908203,7.970513820648193
189.0,-16.875,35.05629348754883,54.734718322753906,9.06382942199707,46.86260986328125,7.970513820648193
190.0,-16.875,35.22484588623047,55.236602783203125,9.020612716674805,47.217681884765625,7.970513820648193
191.0,-16.875,35.395050048828125,55.74679183959961,8.976974487304688,47.56637954711914,7.970513820648193
192.0,-16.875,35.53321075439453,56.274993896484375,8.941553115844727,47.87744903564453,7.970513820648193
193.0,-16.875,35.71066665649414,56.80004119873047,8.896058082580566,48.21636199951172,7.970513820648193
194.0,-16.875,35.859580993652344,57.34112548828125,8.857878684997559,48.520286560058594,7.970513820648193
195.0,-16.875,36.044410705566406,57.88123321533203,8.810491561889648,48.848995208740234,7.970513820648193
196.0,-16.875,36.21172332763672,58.43394470214844,8.767595291137695,49.15250015258789,7.970513820648193
197.0,-16.875,36.376075744628906,58.99523162841797,8.725460052490234,49.44415283203125,7.970513820648193
198.0,-16.875,36.546531677246094,59.56306838989258,8.68175983428955,49.73231887817383,7.970513820648193
199.0,-16.875,36.69594955444336,60.1423454284668,8.643448829650879,49.99107360839844,7.970513820648193
200.0,-16.875,36.836082458496094,60.73000717163086,8.60752010345459,50.231266021728516,7.970513820648193
201.0,-16.875,36.956932067871094,61.32682800292969,8.5765380859375,50.44308853149414,7.970513820648193
202.0,-16.875,37.08970260620117,61.927799224853516,8.542495727539062,50.65617370605469,7.970513820648193
203.0,-16.875,37.21487045288086,62.53542709350586,8.510404586791992,50.8516960144043,7.970513820648193
204.0,-16.875,37.335750579833984,63.14886474609375,8.479415893554688,51.032684326171875,7.970513820648193
205.0,-16.875,37.431732177734375,63.769264221191406,8.454806327819824,51.179115295410156,7.970513820648193
206.0,-16.875,37.56410217285156,64.39163208007812,8.420866966247559,51.349918365478516,7.970513820648193
207.0,-16.875,37.66276168823242,65.0205078125,8.395574569702148,51.477394104003906,7.970513820648193
208.0,-16.875,37.76057434082031,65.6531753540039,8.370494842529297,51.59310531616211,7.970513820648193
209.0,-16.875,37.85614776611328,66.28944396972656,8.345995903015137,51.69562530517578,7.970513820648193
210.0,-16.875,37.920352935791016,66.92870330810547,8.329532623291016,51.7567024230957,7.970513820648193
211.0,-16.875,38.00396728515625,67.57052612304688,8.308094024658203,51.825347900390625,7.970513820648193
212.0,-16.875,38.104270935058594,68.2155990600586,8.282380104064941,51.898841857910156,7.970513820648193
213.0,-16.875,38.199790954589844,68.86324310302734,8.257889747619629,51.956363677978516,7.970513820648193
214.0,-16.875,38.29583740234375,69.51345825195312,8.233268737792969,52.00296401977539,7.970513820648193
215.0,-16.875,38.41009521484375,70.1677017211914,8.203970909118652,52.05558776855469,7.970513820648193
216.0,-16.875,38.49335861206055,70.82124328613281,8.182625770568848,52.06681823730469,7.970513820648193
217.0,-16.875,38.57387924194336,71.47593688964844,8.161979675292969,52.063838958740234,7.970513820648193
218.0,-16.875,38.65686798095703,72.13217163085938,8.140705108642578,52.051605224609375,7.970513820648193
219.0,-16.875,38.74229431152344,72.78987121582031,8.118800163269043,52.0300178527832,7.970513820648193
220.0,-16.875,38.813533782958984,73.44599151611328,8.10053539276123,51.98323059082031,7.970513820648193
221.0,-16.875,38.869056701660156,74.09931945800781,8.08630084991455,51.909881591796875,7.970513820648193
222.0,-16.875,38.954044342041016,74.75839233398438,8.064512252807617,51.85274124145508,7.970513820648193
223.0,-16.875,39.028480529785156,75.41536712646484,8.045426368713379,51.773868560791016,7.970513820648193
224.0,-16.875,39.08720016479492,76.0682601928711,8.030374526977539,51.66853713989258,7.970513820648193
225.0,-16.875,39.125675201416016,76.71490478515625,8.020508766174316,51.53272247314453,7.970513820648193
226.0,-16.875,39.12567901611328,77.34910583496094,8.020508766174316,51.34981918334961,7.970513820648193
227.0,-16.875,39.12567138671875,77.9800033569336,8.0205078125,51.15586853027344,7.970513820648193
228.0,-16.875,39.12848663330078,78.60828399658203,8.01978874206543,50.95352554321289,7.970513820648193
229.0,-16.875,39.15216827392578,79.23976135253906,8.013716697692871,50.75922775268555,7.970513820648193
230.0,-16.875,39.17511749267578,79.86786651611328,8.007833480834961,50.55314636230469,7.970513820648193
231.0,-16.875,39.13883590698242,80.4715805053711,8.01713752746582,50.28275680541992,7.970513820648193
232.0,-16.875,39.16611862182617,81.09351348876953,8.010139465332031,50.0588264465332,7.970513820648193
233.0,-16.875,39.130165100097656,81.6874008178711,8.01935863494873,49.767887115478516,7.970513820648193
234.0,-16.875,39.15982437133789,82.30195617675781,8.011754035949707,49.52454376220703,7.970513820648193
235.0,-16.875,39.126121520996094,82.88619232177734,8.020392417907715,49.215049743652344,7.970513820648193
236.0,-16.875,39.09375,83.46499633789062,8.028692245483398,48.896812438964844,7.970513820648193
237.0,-16.875,39.09361267089844,84.05207824707031,8.028728485107422,48.596397399902344,7.970513820648193
238.0,-16.875,39.03153991699219,84.60519409179688,8.04464340209961,48.23320388793945,7.970513820648193
239.0,-16.875,39.027706146240234,85.17877197265625,8.045628547668457,47.90987777709961,7.970513820648193
240.0,-16.875,38.962181091308594,85.71623229980469,8.062424659729004,47.52528381347656,7.970513820648193
241.0,-16.875,38.931983947753906,86.2638168334961,8.070165634155273,47.161033630371094,7.970513820648193
242.0,-16.875,38.84880447387695,86.7769546508789,8.091493606567383,46.74440383911133,7.970513820648193
243.0,-16.875,38.77320861816406,87.28561401367188,8.110875129699707,46.32576370239258,7.970513820648193
244.0,-16.875,38.69857406616211,87.78638458251953,8.130008697509766,45.89976501464844,7.970513820648193
245.0,-16.875,38.62621307373047,88.27987670898438,8.148561477661133,45.46761703491211,7.970513820648193
246.0,-16.875,38.48180389404297,88.72325134277344,8.185585975646973,44.97172546386719,7.970513820648193
247.0,-16.875,38.37019348144531,89.17529296875,8.214200973510742,44.494773864746094,7.970513820648193
248.0,-16.875,38.21753692626953,89.59272766113281,8.253338813781738,43.98013687133789,7.970513820648193
249.0,-16.875,38.05864715576172,89.99528503417969,8.294076919555664,43.45527267456055,7.970513820648193
250.0,-16.875,37.89291000366211,90.38225555419922,8.336568832397461,42.92017364501953,7.970513820648193
251.0,-16.875,37.72759246826172,90.75798797607422,8.378952980041504,42.38053894042969,7.970513820648193
252.0,-16.875,37.58401870727539,91.13639831542969,8.415761947631836,41.85177230834961,7.970513820648193
253.0,-16.875,37.44408416748047,91.50617980957031,8.451638221740723,41.3206901550293,7.970513820648193
254.0,-16.875,37.30332565307617,91.86438751220703,8.487727165222168,40.7843017578125,7.970513820648193
255.0,-16.875,37.142669677734375,92.19776153564453,8.52891731262207,40.2299690246582,7.970513820648193
256.0,-16.875,36.98652267456055,92.52268981933594,8.568949699401855,39.67485046386719,7.970513820648193
257.0,-16.875,36.86324691772461,92.85955047607422,8.600556373596191,39.13750457763672,7.970513820648193
258.0,-16.875,36.716644287109375,93.1686782836914,8.638144493103027,38.580997467041016,7.970513820648193
259.0,-16.875,36.608341217041016,93.49462890625,8.665909767150879,38.045040130615234,7.970513820648193
260.0,-16.875,36.50554656982422,93.81410217285156,8.692265510559082,37.50826644897461,7.970513820648193
261.0,-16.875,36.407859802246094,94.12694549560547,8.717308044433594,36.97040557861328,7.970513820648193
262.0,-16.875,36.315242767333984,94.4332275390625,8.74105453491211,36.43145751953125,7.970513820648193
263.0,-16.875,36.22765350341797,94.7330322265625,8.76351261138916,35.89137268066406,7.970513820648193
264.0,-16.875,36.14503479003906,95.02642059326172,8.784693717956543,35.35011291503906,7.970513820648193
265.0,-16.875,36.04159164428711,95.29290771484375,8.811213493347168,34.79358673095703,7.970513820648193
266.0,-16.875,35.957008361816406,95.56388854980469,8.832900047302246,34.24398422241211,7.970513820648193
267.0,-16.875,35.86576461791992,95.81902313232422,8.856293678283691,33.68748092651367,7.970513820648193
268.0,-16.875,35.804141998291016,96.08802032470703,8.87209415435791,33.142852783203125,7.970513820648193
269.0,-16.875,35.74037551879883,96.34516906738281,8.888439178466797,32.59342575073242,7.970513820648193
270.0,-16.875,35.66225814819336,96.5800552368164,8.908470153808594,32.03373336791992,7.970513820648193
271.0,-16.875,35.6208610534668,96.83572387695312,8.919082641601562,31.488069534301758,7.970513820648193
272.0,-16.875,35.553192138671875,97.05895233154297,8.936429023742676,30.926956176757812,7.970513820648193
273.0,-16.875,35.490543365478516,97.27619934082031,8.95249080657959,30.365190505981445,7.970513820648193
274.0,-16.875,35.44860076904297,97.50121307373047,8.96324634552002,29.80927085876465,7.970513820648193
275.0,-16.875,35.37533950805664,97.68862915039062,8.982028007507324,29.23764419555664,7.970513820648193
276.0,-16.875,35.33035659790039,97.89061737060547,8.993559837341309,28.674821853637695,7.970513820648193
277.0,-16.875,35.31692123413086,98.11065673828125,8.9970064163208,28.120882034301758,7.970513820648193
278.0,-16.875,35.25574493408203,98.27794647216797,9.012690544128418,27.54654312133789,7.970513820648193
279.0,-16.875,35.25108337402344,98.48601531982422,9.013887405395508,26.989395141601562,7.970513820648193
280.0,-16.875,35.21052551269531,98.65157318115234,9.024284362792969,26.41724395751953,7.970513820648193
281.0,-16.875,35.196319580078125,98.83106994628906,9.027926445007324,25.850982666015625,7.970513820648193
282.0,-16.875,35.19028091430664,99.00811004638672,9.029473304748535,25.284276962280273,7.970513820648193
283.0,-16.875,35.16838836669922,99.16051483154297,9.035087585449219,24.710304260253906,7.970513820648193
284.0,-16.875,35.16162872314453,99.3168716430664,9.036821365356445,24.13802146911621,7.970513820648193
285.0,-16.875,35.144927978515625,99.4538803100586,9.04110336303711,23.56081771850586,7.970513820648193
286.0,-16.875,35.18012619018555,99.62952423095703,9.03207778930664,22.993227005004883,7.970513820648193
287.0,-16.875,35.06133270263672,99.6500015258789,9.06253433227539,22.390071868896484,7.970513820648193
288.0,-16.875,34.932472229003906,99.6500015258789,9.095571517944336,21.786678314208984,7.970513820648193
289.0,-16.875,34.81512451171875,99.6500015258789,9.12565803527832,21.187536239624023,7.970513820648193
290.0,-16.875,34.70909881591797,99.6500015258789,9.152840614318848,20.592226028442383,7.970513820648193
291.0,-16.875,34.61423110961914,99.6500015258789,9.177163124084473,20.000350952148438,7.970513820648193
292.0,-16.875,34.530372619628906,99.6500015258789,9.198663711547852,19.41152572631836,7.970513820648193
293.0,-16.875,34.45738220214844,99.6500015258789,9.217376708984375,18.825349807739258,7.970513820648193
294.0,-16.875,34.39515686035156,99.6500015258789,9.233329772949219,18.241487503051758,7.970513820648193
295.0,-16.875,34.343605041503906,99.6500015258789,9.246546745300293,17.6595516204834,7.970513820648193
296.0,-16.875,34.302635192871094,99.6500015258789,9.257052421569824,17.079179763793945,7.970513820648193
297.0,-16.875,34.272193908691406,99.6500015258789,9.264856338500977,16.500019073486328,7.970513820648193
298.0,-16.875,34.252227783203125,99.6500015258789,9.269974708557129,15.921686172485352,7.970513820648193
299.0,-16.875,34.24271011352539,99.6500015258789,9.272415161132812,15.343873977661133,7.970513820648193
300.0,-16.875,34.24362564086914,99.6500015258789,9.272180557250977,14.766205787658691,7.970513820648193
301.0,-16.875,34.25497817993164,99.6500015258789,9.269269943237305,14.188329696655273,7.970513820648193
302.0,-16.875,34.27677917480469,99.6500015258789,9.263680458068848,13.609877586364746,7.970513820648193
303.0,-16.875,34.30906677246094,99.6500015258789,9.255401611328125,13.030525207519531,7.970513820648193
304.0,-16.875,34.35188674926758,99.6500015258789,9.244423866271973,12.449907302856445,7.970513820648193
305.0,-16.875,34.40530776977539,99.6500015258789,9.230727195739746,11.867658615112305,7.970513820648193
306.0,-16.875,34.46941375732422,99.6500015258789,9.2142915725708,11.283419609069824,7.970513820648193
307.0,-16.875,34.5443000793457,99.6500015258789,9.195091247558594,10.696805000305176,7.970513820648193
308.0,-16.875,34.630088806152344,99.6500015258789,9.173097610473633,10.107468605041504,7.970513820648193
309.0,-16.875,34.72690200805664,99.6500015258789,9.148276329040527,9.515020370483398,7.970513820648193
310.0,-16.875,34.834903717041016,99.6500015258789,9.120586395263672,8.91906452178955,7.970513820648193
311.0,-16.875,34.954254150390625,99.6500015258789,9.089986801147461,8.319210052490234,7.970513820648193
312.0,-16.875,35.08515548706055,99.6500015258789,9.056426048278809,7.715028762817383,7.970513820648193
313.0,-16.875,35.22780990600586,99.6500015258789,9.019851684570312,7.106135368347168,7.970513820648193
314.0,-16.875,35.382450103759766,99.6500015258789,8.980205535888672,6.4920854568481445,7.970513820648193
315.0,-16.875,35.54933166503906,99.6500015258789,8.937419891357422,5.872425079345703,7.970513820648193
316.0,-16.875,35.728729248046875,99.6500015258789,8.891425132751465,5.2467041015625,7.970513820648193
317.0,-16.875,35.92094421386719,99.6500015258789,8.842144966125488,4.614423751831055,7.970513820648193
318.0,-16.875,36.12630081176758,99.6500015258789,8.789494514465332,3.975126266479492,7.970513820648193
319.0,-16.875,36.34515380859375,99.6500015258789,8.73338508605957,3.3282814025878906,7.970513820648193
320.0,-16.875,36.577884674072266,99.6500015258789,8.673715591430664,2.6733455657958984,7.970513820648193
321.0,-16.875,36.82490539550781,99.6500015258789,8.610384941101074,2.009767532348633,7.970513820648193
322.0,-16.875,37.08666229248047,99.6500015258789,8.543275833129883,1.3369426727294922,7.970513820648193
323.0,-16.875,37.36362838745117,99.6500015258789,8.472264289855957,0.6542949676513672,7.970513820648193
324.0,-16.875,36.689483642578125,98.80022430419922,8.645105361938477,0.3499999940395355,7.970513820648193
325.0,-16.875,35.346717834472656,97.36719512939453,8.98936653137207,0.3499999940395355,7.970513820648193
326.0,-16.875,34.108795166015625,96.03497314453125,9.306747436523438,0.3499999940395355,7.970513820648193
327.0,-16.875,32.964317321777344,94.7925033569336,9.60017204284668,0.3499999940395355,7.970513820648193
328.0,-16.875,31.903579711914062,93.6303939819336,9.872126579284668,0.3499999940395355,7.970513820648193
329.0,-16.875,30.91810417175293,92.54042053222656,10.124785423278809,0.3499999940395355,7.970513820648193
330.0,-16.875,30.000547409057617,91.51546478271484,10.360031127929688,0.3499999940395355,7.970513820648193
331.0,-16.875,29.14448356628418,90.54927825927734,10.579511642456055,0.3499999940395355,7.970513820648193
332.0,-16.875,28.344335556030273,89.63645935058594,10.784653663635254,0.3499999940395355,7.970513820648193
333.0,-16.875,27.595130920410156,88.77216339111328,10.976737976074219,0.3499999940395355,7.970513820648193
334.0,-16.875,26.892492294311523,87.95214080810547,11.156881332397461,0.3499999940395355,7.970513820648193
335.0,-16.875,26.232540130615234,87.172607421875,11.326082229614258,0.3499999940395355,7.970513820648193
336.0,-16.875,25.611799240112305,86.43017578125,11.485227584838867,0.3499999940395355,7.970513820648193
337.0,-16.875,25.027219772338867,85.72187805175781,11.635104179382324,0.3499999940395355,7.970513820648193
338.0,-16.875,24.47601890563965,85.04499053955078,11.776424407958984,0.3499999940395355,7.970513820648193
339.0,-16.875,23.955718994140625,84.39708709716797,11.909818649291992,0.3499999940395355,7.970513820648193
340.0,-16.875,23.464075088500977,83.77597045898438,12.035867691040039,0.3499999940395355,7.970513820648193
341.0,-16.875,22.999055862426758,83.17963409423828,12.15509033203125,0.3499999940395355,7.970513820648193
342.0,-16.875,22.558862686157227,82.6063232421875,12.267949104309082,0.3499999940395355,7.970513820648193
343.0,-16.875,22.141817092895508,82.05438232421875,12.374872207641602,0.3499999940395355,7.970513820648193
344.0,-16.875,21.74641990661621,81.5223159790039,12.476245880126953,0.3499999940395355,7.970513820648193
345.0,-16.875,21.37129020690918,81.0087661743164,12.57242202758789,0.3499999940395355,7.970513820648193
346.0,-16.875,21.015167236328125,80.5124740600586,12.663724899291992,0.3499999940395355,7.970513820648193
347.0,-16.875,20.676921844482422,80.03231811523438,12.750444412231445,0.3499999940395355,7.970513820648193
348.0,-16.875,20.35549545288086,79.56723022460938,12.832853317260742,0.3499999940395355,7.970513820648193
349.0,-16.875,20.0499210357666,79.11625671386719,12.9111967086792,0.3499999940395355,7.970513820648193
350.0,-16.875,19.75931739807129,78.67848205566406,12.985703468322754,0.3499999940395355,7.970513820648193
351.0,-16.875,19.482860565185547,78.25308227539062,13.056581497192383,0.3499999940395355,7.970513820648193
352.0,-16.875,19.219812393188477,77.83930969238281,13.124021530151367,0.3499999940395355,7.970513820648193
353.0,-16.875,18.969472885131836,77.43643188476562,13.18820571899414,0.3499999940395355,7.970513820648193
354.0,-16.875,18.7312068939209,77.04380798339844,13.249292373657227,0.3499999940395355,7.970513820648193
355.0,-16.875,18.50441551208496,76.66079711914062,13.3074369430542,0.3499999940395355,7.970513820648193
356.0,-16.875,18.288549423217773,76.28683471679688,13.362781524658203,0.3499999940395355,7.970513820648193
357.0,-16.875,18.083112716674805,75.92139434814453,13.41545295715332,0.3499999940395355,7.970513820648193
358.0,-16.875,17.88762664794922,75.56396484375,13.465571403503418,0.3499999940395355,7.970513820648193
359.0,-16.875,17.701658248901367,75.21408081054688,13.513250350952148,0.3499999940395355,7.970513820648193
0.0,-22.5,18.154033660888672,75.16996765136719,11.92143440246582,0.3499999940395355,7.970513820648193
1.0,-22.5,17.973583221435547,74.82804870605469,11.982368469238281,0.3499999940395355,7.970513820648193
2.0,-22.5,17.802053451538086,74.49275207519531,12.040288925170898,0.3499999940395355,7.970513820648193
3.0,-22.5,17.639089584350586,74.16370391845703,12.095319747924805,0.3499999940395355,7.970513820648193
4.0,-22.5,17.484357833862305,73.84053039550781,12.147567749023438,0.3499999940395355,7.970513820648193
5.0,-22.5,17.337554931640625,73.52287292480469,12.197139739990234,0.3499999940395355,7.970513820648193
6.0,-22.5,17.198389053344727,73.21041870117188,12.244133949279785,0.3499999940395355,7.970513820648193
7.0,-22.5,17.066598892211914,72.90284729003906,12.288637161254883,0.3499999940395355,7.970513820648193
8.0,-22.5,16.94193458557129,72.599853515625,12.330732345581055,0.3499999940395355,7.970513820648193
9.0,-22.5,16.82416534423828,72.30117797851562,12.370500564575195,0.3499999940395355,7.970513820648193
10.0,-22.5,16.713077545166016,72.00652313232422,12.408012390136719,0.3499999940395355,7.970513820648193
11.0,-22.5,16.608474731445312,71.71565246582031,12.443334579467773,0.3499999940395355,7.970513820648193
12.0,-22.5,16.510169982910156,71.42831420898438,12.476530075073242,0.3499999940395355,7.970513820648193
13.0,-22.5,16.417993545532227,71.14427185058594,12.50765609741211,0.3499999940395355,7.970513820648193
14.0,-22.5,16.331789016723633,70.86329650878906,12.536765098571777,0.3499999940395355,7.970513820648193
15.0,-22.5,16.251407623291016,70.58516693115234,12.563907623291016,0.3499999940395355,7.970513820648193
16.0,-22.5,16.17671775817871,70.30968475341797,12.589129447937012,0.3499999940395355,7.970513820648193
17.0,-22.5,16.107595443725586,70.03663635253906,12.612470626831055,0.3499999940395355,7.970513820648193
18.0,-22.5,16.043928146362305,69.76583099365234,12.633970260620117,0.3499999940395355,7.970513820648193
19.0,-22.5,15.985611915588379,69.49707794189453,12.653661727905273,0.3499999940395355,7.970513820648193
20.0,-22.5,15.9325532913208,69.23019409179688,12.671578407287598,0.3499999940395355,7.970513820648193
21.0,-22.5,15.884668350219727,68.9649887084961,12.687747955322266,0.3499999940395355,7.970513820648193
22.0,-22.5,15.841882705688477,68.7012939453125,12.70219612121582,0.3499999940395355,7.970513820648193
23.0,-22.5,15.804126739501953,68.43893432617188,12.714944839477539,0.3499999940395355,7.970513820648193
24.0,-22.5,15.771345138549805,68.17774963378906,12.726015090942383,0.3499999940395355,7.970513820648193
25.0,-22.5,15.74348258972168,67.91756439208984,12.735424041748047,0.3499999940395355,7.970513820648193
26.0,-22.5,15.720499038696289,67.65821838378906,12.743185043334961,0.3499999940395355,7.970513820648193
27.0,-22.5,15.70235824584961,67.39954376220703,12.749309539794922,0.3499999940395355,7.970513820648193
28.0,-22.5,15.689033508300781,67.14139556884766,12.753808975219727,0.3499999940395355,7.970513820648193
29.0,-22.5,15.68050479888916,66.88359832763672,12.756689071655273,0.3499999940395355,7.970513820648193
30.0,-22.5,15.676755905151367,66.62600708007812,12.757955551147461,0.3499999940395355,7.970513820648193
31.0,-22.5,15.67778491973877,66.36846160888672,12.757608413696289,0.3499999940395355,7.970513820648193
32.0,-22.5,15.68359088897705,66.11080169677734,12.755647659301758,0.3499999940395355,7.970513820648193
33.0,-22.5,15.694183349609375,65.85287475585938,12.752071380615234,0.3499999940395355,7.970513820648193
34.0,-22.5,15.709579467773438,65.59452056884766,12.746871948242188,0.3499999940395355,7.970513820648193
35.0,-22.5,15.729801177978516,65.33557891845703,12.740043640136719,0.3499999940395355,7.970513820648193
36.0,-22.5,15.754881858825684,65.07588958740234,12.731574058532715,0.3499999940395355,7.970513820648193
37.0,-22.5,15.784856796264648,64.81529235839844,12.721452713012695,0.3499999940395355,7.970513820648193
38.0,-22.5,15.81977367401123,64.55361938476562,12.709661483764648,0.3499999940395355,7.970513820648193
39.0,-22.5,15.859689712524414,64.29071044921875,12.696182250976562,0.3499999940395355,7.970513820648193
40.0,-22.5,15.904661178588867,64.02638244628906,12.680996894836426,0.3499999940395355,7.970513820648193
41.0,-22.5,15.954764366149902,63.76047897338867,12.664077758789062,0.3499999940395355,7.970513820648193
42.0,-22.5,16.01007652282715,63.4928092956543,12.645401000976562,0.3499999940395355,7.970513820648193
43.0,-22.5,16.07068634033203,63.22319412231445,12.624933242797852,0.3499999940395355,7.970513820648193
44.0,-22.5,16.136688232421875,62.95145034790039,12.602645874023438,0.3499999940395355,7.970513820648193
45.0,-22.5,16.208194732666016,62.67737579345703,12.578500747680664,0.3499999940395355,7.970513820648193
46.0,-22.5,16.285320281982422,62.400779724121094,12.55245590209961,0.3499999940395355,7.970513820648193
47.0,-22.5,16.368192672729492,62.12145233154297,12.524473190307617,0.3499999940395355,7.970513820648193
48.0,-22.5,16.45694923400879,61.83918380737305,12.494501113891602,0.3499999940395355,7.970513820648193
49.0,-22.5,16.55174446105957,61.553749084472656,12.462491035461426,0.3499999940395355,7.970513820648193
50.0,-22.5,16.652740478515625,61.264915466308594,12.428386688232422,0.3499999940395355,7.970513820648193
51.0,-22.5,16.760114669799805,60.972450256347656,12.392129898071289,0.3499999940395355,7.970513820648193
52.0,-22.5,16.874053955078125,60.67609405517578,12.353654861450195,0.3499999940395355,7.970513820648193
53.0,-22.5,16.99476432800293,60.37559127807617,12.31289291381836,0.3499999940395355,7.970513820648193
54.0,-22.5,17.122468948364258,60.07066345214844,12.269769668579102,0.3499999940395355,7.970513820648193
55.0,-22.5,17.257404327392578,59.761024475097656,12.22420597076416,0.3499999940395355,7.970513820648193
56.0,-22.5,17.399826049804688,59.44636917114258,12.17611312866211,0.3499999940395355,7.970513820648193
57.0,-22.5,17.550006866455078,59.12637710571289,12.12540054321289,0.3499999940395355,7.970513820648193
58.0,-22.5,17.70824432373047,58.800716400146484,12.071966171264648,0.3499999940395355,7.970513820648193
59.0,-22.5,17.874855041503906,58.469024658203125,12.015707015991211,0.3499999940395355,7.970513820648193
60.0,-22.5,18.050182342529297,58.13093185424805,11.956502914428711,0.3499999940395355,7.970513820648193
61.0,-22.5,18.23459243774414,57.78602981567383,11.894231796264648,0.3499999940395355,7.970513820648193
62.0,-22.5,18.428478240966797,57.433902740478516,11.828760147094727,0.3499999940395355,7.970513820648193
63.0,-22.5,18.63227081298828,57.0740966796875,11.759944915771484,0.3499999940395355,7.970513820648193
64.0,-22.5,18.846426010131836,56.70612716674805,11.687627792358398,0.3499999940395355,7.970513820648193
65.0,-22.5,19.071439743041992,56.32948303222656,11.61164665222168,0.3499999940395355,7.970513820648193
66.0,-22.5,19.307842254638672,55.94362258911133,11.531818389892578,0.3499999940395355,7.970513820648193
67.0,-22.5,19.55620574951172,55.54795837402344,11.447952270507812,0.3499999940395355,7.970513820648193
68.0,-22.5,19.817163467407227,55.141845703125,11.359831809997559,0.3499999940395355,7.970513820648193
69.0,-22.5,20.09138298034668,54.72462463378906,11.267234802246094,0.3499999940395355,7.970513820648193
70.0,-22.5,20.379589080810547,54.29556655883789,11.169914245605469,0.3499999940395355,7.970513820648193
71.0,-22.5,20.682580947875977,53.85387420654297,11.06760025024414,0.3499999940395355,7.970513820648193
72.0,-22.5,21.00120735168457,53.39871597290039,10.96000862121582,0.3499999940395355,7.970513820648193
73.0,-22.5,21.33640480041504,52.929168701171875,10.846818923950195,0.3499999940395355,7.970513820648193
74.0,-22.5,21.689191818237305,52.44424057006836,10.727689743041992,0.3499999940395355,7.970513820648193
75.0,-22.5,22.0606746673584,51.94284439086914,10.602249145507812,0.3499999940395355,7.970513820648193
76.0,-22.5,22.452064514160156,51.42382049560547,10.470085144042969,0.3499999940395355,7.970513820648193
77.0,-22.5,22.864681243896484,50.88587188720703,10.330753326416016,0.3499999940395355,7.970513820648193
78.0,-22.5,23.29997444152832,50.32762145996094,10.183764457702637,0.3499999940395355,7.970513820648193
79.0,-22.5,23.759540557861328,49.74751663208008,10.028579711914062,0.3499999940395355,7.970513820648193
80.0,-22.5,24.24514389038086,49.14387512207031,9.864603042602539,0.3499999940395355,7.970513820648193
81.0,-22.5,24.75870132446289,48.514854431152344,9.69118595123291,0.3499999940395355,7.970513820648193
82.0,-22.5,25.3023681640625,47.85839080810547,9.507601737976074,0.3499999940395355,7.970513820648193
83.0,-22.5,25.878503799438477,47.17224884033203,9.313053131103516,0.3499999940395355,7.970513820648193
84.0,-22.5,26.489742279052734,46.45390701293945,9.10665225982666,0.3499999940395355,7.970513820648193
85.0,-22.5,27.139015197753906,45.70058059692383,8.887407302856445,0.3499999940395355,7.970513820648193
86.0,-22.5,27.829620361328125,44.90913391113281,8.654204368591309,0.3499999940395355,7.970513820648193
88.0,-22.5,29.760475158691406,42.87087631225586,8.002198219299316,0.1435987651348114,7.970513820648193
89.0,-22.5,29.760478973388672,42.61335754394531,8.002197265625,0.5591802597045898,7.970513820648193
90.0,-22.5,29.760478973388672,42.36313247680664,8.002197265625,0.9791929125785828,7.970513820648193
91.0,-22.5,29.760480880737305,42.12027359008789,8.002197265625,1.403510570526123,7.970513820648193
92.0,-22.5,29.760486602783203,41.88485336303711,8.002197265625,1.8319978713989258,7.970513820648193
93.0,-22.5,29.76048469543457,41.656951904296875,8.002197265625,2.2645342350006104,7.970513820648193
94.0,-22.5,29.760475158691406,41.43663787841797,8.002198219299316,2.700986623764038,7.970513820648193
95.0,-22.5,29.76048469543457,41.22396469116211,8.002197265625,3.1412065029144287,7.970513820648193
96.0,-22.5,29.760482788085938,41.019012451171875,8.002197265625,3.5850796699523926,7.970513820648193
97.0,-22.5,29.760475158691406,40.82184600830078,8.002198219299316,4.032458782196045,7.970513820648193
98.0,-22.5,29.760482788085938,40.632503509521484,8.002197265625,4.483201503753662,7.970513820648193
99.0,-22.5,29.76047706604004,40.45106506347656,8.002198219299316,4.937196731567383,7.970513820648193
100.0,-22.5,29.76048469543457,40.27756881713867,8.002197265625,5.394277572631836,7.970513820648193
101.0,-22.5,29.760480880737305,40.11208724975586,8.002197265625,5.85432243347168,7.970513820648193
102.0,-22.5,29.76048469543457,39.95465087890625,8.002197265625,6.317180633544922,7.970513820648193
103.0,-22.5,29.760478973388672,39.80532455444336,8.002197265625,6.7827253341674805,7.970513820648193
104.0,-22.5,29.760475158691406,39.664146423339844,8.002198219299316,7.250795364379883,7.970513820648193
105.0,-22.5,29.760486602783203,39.53114318847656,8.002197265625,7.721263408660889,7.970513820648193
106.0,-22.5,29.760478973388672,39.40638732910156,8.002197265625,8.193981170654297,7.970513820648193
107.0,-22.5,29.760482788085938,39.28989028930664,8.002197265625,8.668802261352539,7.970513820648193
108.0,-22.5,29.76048469543457,39.18170166015625,8.002197265625,9.14558219909668,7.970513820648193
109.0,-22.5,29.760482788085938,39.081851959228516,8.002197265625,9.624183654785156,7.970513820648193
110.0,-22.5,29.760482788085938,38.9903678894043,8.002198219299316,10.104449272155762,7.970513820648193
111.0,-22.5,29.760482788085938,38.907283782958984,8.002198219299316,10.586234092712402,7.970513820648193
112.0,-22.5,29.760480880737305,38.832618713378906,8.002198219299316,11.069401741027832,7.970513820648193
113.0,-22.5,29.760480880737305,38.766395568847656,8.002197265625,11.553804397583008,7.970513820648193
114.0,-22.5,29.760475158691406,38.70864486694336,8.002198219299316,12.03927993774414,7.970513820648193
115.0,-22.5,29.760478973388672,38.65936279296875,8.002197265625,12.525697708129883,7.970513820648193
116.0,-22.5,29.760480880737305,38.61858367919922,8.002197265625,13.012893676757812,7.970513820648193
117.0,-22.5,29.760480880737305,38.58631134033203,8.002197265625,13.500726699829102,7.970513820648193
118.0,-22.5,29.760482788085938,38.562557220458984,8.002197265625,13.989055633544922,7.970513820648193
119.0,-22.5,29.760482788085938,38.547332763671875,8.002197265625,14.477717399597168,7.970513820648193
120.0,-22.5,29.76048469543457,38.54063415527344,8.002197265625,14.966577529907227,7.970513820648193
121.0,-22.5,29.760480880737305,38.542476654052734,8.002197265625,15.455469131469727,7.970513820648193
122.0,-22.5,29.76047706604004,38.55284881591797,8.002197265625,15.944270133972168,7.970513820648193
123.0,-22.5,29.760480880737305,38.57174301147461,8.002197265625,16.43280601501465,7.970513820648193
124.0,-22.5,29.76047706604004,38.59917068481445,8.002197265625,16.92093276977539,7.970513820648193
125.0,-22.5,29.760480880737305,38.635101318359375,8.002197265625,17.408519744873047,7.970513820648193
126.0,-22.5,29.76047706604004,38.67954635620117,8.002197265625,17.895395278930664,7.970513820648193
127.0,-22.5,29.760480880737305,38.73247528076172,8.002197265625,18.381425857543945,7.970513820648193
128.0,-22.5,29.760480880737305,38.79387664794922,8.002197265625,18.866456985473633,7.970513820648193
129.0,-22.5,29.760478973388672,38.86374282836914,8.002197265625,19.350341796875,7.970513820648193
130.0,-22.5,29.760480880737305,38.94203567504883,8.002198219299316,19.832937240600586,7.970513820648193
131.0,-22.5,29.760478973388672,39.028743743896484,8.002198219299316,20.314085006713867,7.970513820648193
132.0,-22.5,29.76048469543457,39.12382888793945,8.002197265625,20.793655395507812,7.970513820648193
133.0,-22.5,29.76048469543457,39.227272033691406,8.002197265625,21.271482467651367,7.970513820648193
134.0,-22.5,29.760480880737305,39.339046478271484,8.002197265625,21.7474365234375,7.970513820648193
135.0,-22.5,29.760486602783203,39.45909881591797,8.002197265625,22.221372604370117,7.970513820648193
136.0,-22.5,29.760486602783203,39.58740997314453,8.002197265625,22.693140029907227,7.970513820648193
137.0,-22.5,29.760478973388672,39.72394561767578,8.002197265625,23.162593841552734,7.970513820648193
138.0,-22.5,29.760486602783203,39.86863327026367,8.002197265625,23.62959098815918,7.970513820648193
139.0,-22.5,29.76047706604004,40.02146911621094,8.002197265625,24.093992233276367,7.970513820648193
140.0,-22.5,29.76047706604004,40.182373046875,8.002197265625,24.555654525756836,7.970513820648193
141.0,-22.5,29.760478973388672,40.351314544677734,8.002197265625,25.014442443847656,7.970513820648193
142.0,-22.5,29.7358341217041,40.549781799316406,8.010519981384277,25.461624145507812,7.970513820648193
143.0,-22.5,29.706253051757812,40.76016616821289,8.020508766174316,25.903112411499023,7.970513820648193
144.0,-22.5,29.706256866455078,40.95252990722656,8.0205078125,26.351612091064453,7.970513820648193
145.0,-22.5,29.706249237060547,41.15270233154297,8.020508766174316,26.796676635742188,7.970513820648193
146.0,-22.5,29.680824279785156,41.382164001464844,8.029093742370605,27.22780418395996,7.970513820648193
147.0,-22.5,29.64187240600586,41.63031005859375,8.042248725891113,27.648765563964844,7.970513820648193
148.0,-22.5,29.603343963623047,41.88511276245117,8.055256843566895,28.06494140625,7.970513820648193
149.0,-22.5,29.597793579101562,42.11962127685547,8.05713176727295,28.490966796875,7.970513820648193
150.0,-22.5,29.578723907470703,42.372535705566406,8.063570976257324,28.90644645690918,7.970513820648193
151.0,-22.5,29.531391143798828,42.65538024902344,8.079553604125977,29.3035945892334,7.970513820648193
152.0,-22.5,29.48548126220703,42.943565368652344,8.095060348510742,29.695777893066406,7.970513820648193
153.0,-22.5,29.440975189208984,43.237037658691406,8.110088348388672,30.082948684692383,7.970513820648193
154.0,-22.5,29.397886276245117,43.53571319580078,8.124638557434082,30.465070724487305,7.970513820648193
155.0,-22.5,29.356218338012695,43.839515686035156,8.138708114624023,30.84209632873535,7.970513820648193
156.0,-22.5,29.31596565246582,44.148372650146484,8.152300834655762,31.213985443115234,7.970513820648193
157.0,-22.5,29.277130126953125,44.46221923828125,8.165412902832031,31.580686569213867,7.970513820648193
158.0,-22.5,29.236021041870117,44.78371810913086,8.179293632507324,31.940034866333008,7.970513820648193
159.0,-22.5,29.197715759277344,45.10896301269531,8.192230224609375,32.29484176635742,7.970513820648193
160.0,-22.5,29.161556243896484,45.43840026855469,8.204442024230957,32.64472198486328,7.970513820648193
161.0,-22.5,29.12752914428711,45.771995544433594,8.215930938720703,32.989654541015625,7.970513820648193
162.0,-22.5,29.095640182495117,46.109676361083984,8.226698875427246,33.329627990722656,7.970513820648193
163.0,-22.5,29.065887451171875,46.451419830322266,8.236746788024902,33.664634704589844,7.970513820648193
164.0,-22.5,29.03825569152832,46.79718017578125,8.246075630187988,33.994651794433594,7.970513820648193
165.0,-22.5,29.012744903564453,47.14690399169922,8.254690170288086,34.31966018676758,7.970513820648193
166.0,-22.5,28.98744010925293,47.50182342529297,8.26323413848877,34.638362884521484,7.970513820648193
167.0,-22.5,28.968093872070312,47.85810089111328,8.269767761230469,34.95461654663086,7.970513820648193
168.0,-22.5,28.94894027709961,48.21949005126953,8.276236534118652,35.264522552490234,7.970513820648193
169.0,-22.5,28.931903839111328,48.584678649902344,8.281988143920898,35.569358825683594,7.970513820648193
170.0,-22.5,28.90845489501953,48.958824157714844,8.289908409118652,35.86298751831055,7.970513820648193
171.0,-22.5,28.88390350341797,49.338401794433594,8.298196792602539,36.14899826049805,7.970513820648193
172.0,-22.5,28.88652801513672,49.70674514770508,8.297309875488281,36.44816207885742,7.970513820648193
173.0,-22.5,28.884828567504883,50.082759857177734,8.29788589477539,36.737640380859375,7.970513820648193
174.0,-22.5,28.883460998535156,50.463558197021484,8.298347473144531,37.020748138427734,7.970513820648193
175.0,-22.5,28.90532684326172,50.836585998535156,8.290963172912598,37.31500244140625,7.970513820648193
176.0,-22.5,28.912874221801758,51.22258758544922,8.288413047790527,37.59177780151367,7.970513820648193
177.0,-22.5,28.916423797607422,51.61552429199219,8.287217140197754,37.85869216918945,7.970513820648193
178.0,-22.5,28.94200325012207,52.00203323364258,8.27857780456543,38.13627243041992,7.970513820648193
179.0,-22.5,28.955602645874023,52.3995361328125,8.273984909057617,38.39764404296875,7.970513820648193
180.0,-22.5,28.96599769592285,52.80326461791992,8.270475387573242,38.649559020996094,7.970513820648193
181.0,-22.5,28.97423553466797,53.21245574951172,8.267692565917969,38.89269256591797,7.970513820648193
182.0,-22.5,29.00540542602539,53.61572265625,8.257166862487793,39.14772415161133,7.970513820648193
183.0,-22.5,29.04636573791504,54.019615173339844,8.24333667755127,39.404109954833984,7.970513820648193
184.0,-22.5,29.080495834350586,54.431358337402344,8.2318115234375,39.647945404052734,7.970513820648193
185.0,-22.5,29.113906860351562,54.84809875488281,8.220531463623047,39.88418960571289,7.970513820648193
186.0,-22.5,29.149063110351562,55.26871109008789,8.208658218383789,40.11485290527344,7.970513820648193
187.0,-22.5,29.185977935791016,55.69316101074219,8.19619369506836,40.33989334106445,7.970513820648193
188.0,-22.5,29.23509407043457,56.11768341064453,8.179606437683105,40.56835174560547,7.970513820648193
189.0,-22.5,29.29281997680664,56.54393005371094,8.160116195678711,40.797218322753906,7.970513820648193
190.0,-22.5,29.34035873413086,56.97832107543945,8.144062995910645,41.00995635986328,7.970513820648193
191.0,-22.5,29.364543914794922,57.42435073852539,8.135894775390625,41.1945915222168,7.970513820648193
192.0,-22.5,29.396879196166992,57.87150573730469,8.124977111816406,41.37882995605469,7.970513820648193
193.0,-22.5,29.44434928894043,58.31808090209961,8.108949661254883,41.569000244140625,7.970513820648193
194.0,-22.5,29.491657257080078,58.76869201660156,8.092971801757812,41.751426696777344,7.970513820648193
195.0,-22.5,29.519617080688477,59.22797775268555,8.083531379699707,41.90860366821289,7.970513820648193
196.0,-22.5,29.548498153686523,59.690155029296875,8.07377815246582,42.05870056152344,7.970513820648193
197.0,-22.5,29.57830810546875,60.1551513671875,8.063713073730469,42.2016716003418,7.970513820648193
198.0,-22.5,29.60902976989746,60.622859954833984,8.053340911865234,42.33745193481445,7.970513820648193
199.0,-22.5,29.640655517578125,61.09319305419922,8.042656898498535,42.46598815917969,7.970513820648193
200.0,-22.5,29.652023315429688,61.56962203979492,8.038820266723633,42.567630767822266,7.970513820648193
201.0,-22.5,29.657350540161133,62.04884338378906,8.03702163696289,42.65536117553711,7.970513820648193
202.0,-22.5,29.69163703918457,62.52568817138672,8.025444030761719,42.7617073059082,7.970513820648193
203.0,-22.5,29.706256866455078,63.00721740722656,8.020508766174316,42.84142303466797,7.970513820648193
204.0,-22.5,29.713422775268555,63.49106979370117,8.018087387084961,42.90578079223633,7.970513820648193
205.0,-22.5,29.750314712524414,63.97351837158203,8.005629539489746,42.989559173583984,7.970513820648193
206.0,-22.5,29.76047706604004,64.45983123779297,8.002197265625,43.039859771728516,7.970513820648193
207.0,-22.5,29.760475158691406,64.94767761230469,8.002197265625,43.0721321105957,7.970513820648193
208.0,-22.5,29.760486602783203,65.43599700927734,8.002197265625,43.09589385986328,7.970513820648193
209.0,-22.5,29.760473251342773,65.92466735839844,8.002198219299316,43.111106872558594,7.970513820648193
210.0,-22.5,29.76047706604004,66.41352844238281,8.002197265625,43.11780548095703,7.970513820648193
211.0,-22.5,29.760478973388672,66.90242004394531,8.002198219299316,43.115970611572266,7.970513820648193
212.0,-22.5,29.76047134399414,67.39122009277344,8.002198219299316,43.105594635009766,7.970513820648193
213.0,-22.5,29.760475158691406,67.87975311279297,8.002198219299316,43.086700439453125,7.970513820648193
214.0,-22.5,29.760475158691406,68.36788177490234,8.002197265625,43.05927658081055,7.970513820648193
215.0,-22.5,29.760475158691406,68.85546875,8.002198219299316,43.023338317871094,7.970513820648193
216.0,-22.5,29.760478973388672,69.34233856201172,8.002197265625,42.978904724121094,7.970513820648193
217.0,-22.5,29.760482788085938,69.828369140625,8.002197265625,42.92597579956055,7.970513820648193
218.0,-22.5,29.760480880737305,70.31340026855469,8.002197265625,42.864566802978516,7.970513820648193
219.0,-22.5,29.76048469543457,70.79728698730469,8.002197265625,42.794708251953125,7.970513820648193
220.0,-22.5,29.760478973388672,71.27987670898438,8.002198219299316,42.716407775878906,7.970513820648193
221.0,-22.5,29.760482788085938,71.76103210449219,8.002197265625,42.62970733642578,7.970513820648193
222.0,-22.5,29.760480880737305,72.2406005859375,8.002198219299316,42.53461456298828,7.970513820648193
223.0,-22.5,29.760475158691406,72.71842956542969,8.002197265625,42.4311637878418,7.970513820648193
224.0,-22.5,29.760482788085938,73.19438934326172,8.002197265625,42.319400787353516,7.970513820648193
225.0,-22.5,29.760478973388672,73.6683120727539,8.002198219299316,42.1993408203125,7.970513820648193
226.0,-22.5,29.760478973388672,74.14008331298828,8.002197265625,42.07102966308594,7.970513820648193
227.0,-22.5,29.760478973388672,74.60953521728516,8.002197265625,41.934505462646484,7.970513820648193
228.0,-22.5,29.760478973388672,75.07653045654297,8.002198219299316,41.78981018066406,7.970513820648193
229.0,-22.5,29.760478973388672,75.54093933105469,8.002198219299316,41.63698196411133,7.970513820648193
230.0,-22.5,29.760480880737305,76.00260925292969,8.002197265625,41.47607421875,7.970513820648193
231.0,-22.5,29.760488510131836,76.46139526367188,8.002197265625,41.3071403503418,7.970513820648193
232.0,-22.5,29.760482788085938,76.91715240478516,8.002197265625,41.130218505859375,7.970513820648193
233.0,-22.5,29.76047706604004,77.36975860595703,8.002198219299316,40.94536590576172,7.970513820648193
234.0,-22.5,29.760482788085938,77.81908416748047,8.002197265625,40.75265121459961,7.970513820648193
235.0,-22.5,29.760475158691406,78.26496887207031,8.002197265625,40.55210876464844,7.970513820648193
236.0,-22.5,29.760478973388672,78.70728302001953,8.002197265625,40.34383010864258,7.970513820648193
237.0,-22.5,29.760486602783203,79.1458969116211,8.002197265625,40.12786865234375,7.970513820648193
238.0,-22.5,29.760480880737305,79.58067321777344,8.002198219299316,39.90427017211914,7.970513820648193
239.0,-22.5,29.760480880737305,80.01148223876953,8.002197265625,39.673126220703125,7.970513820648193
240.0,-22.5,29.760475158691406,80.43819427490234,8.002197265625,39.43449020385742,7.970513820648193
241.0,-22.5,29.760478973388672,80.86067962646484,8.002197265625,39.18844985961914,7.970513820648193
242.0,-22.5,29.760475158691406,81.27879333496094,8.002198219299316,38.93507385253906,7.970513820648193
243.0,-22.5,29.76048469543457,81.69243621826172,8.002198219299316,38.674442291259766,7.970513820648193
244.0,-22.5,29.760482788085938,82.1014633178711,8.002197265625,38.40662384033203,7.970513820648193
245.0,-22.5,29.760482788085938,82.50575256347656,8.002197265625,38.1317138671875,7.970513820648193
246.0,-22.5,29.760475158691406,82.9051742553711,8.002198219299316,37.84978103637695,7.970513820648193
247.0,-22.5,29.760478973388672,83.29962158203125,8.002198219299316,37.56093215942383,7.970513820648193
248.0,-22.5,29.76047706604004,83.68896484375,8.002197265625,37.265235900878906,7.970513820648193
249.0,-22.5,29.760478973388672,84.07310485839844,8.002197265625,36.96278762817383,7.970513820648193
250.0,-22.5,29.760478973388672,84.45188903808594,8.002197265625,36.6536865234375,7.970513820648193
251.0,-22.5,29.760478973388672,84.8252182006836,8.002198219299316,36.33802795410156,7.970513820648193
252.0,-22.5,29.760478973388672,85.1929931640625,8.002198219299316,36.015892028808594,7.970513820648193
253.0,-22.5,29.759761810302734,85.55462646484375,8.002439498901367,35.68689727783203,7.970513820648193
254.0,-22.5,29.743385314941406,85.90027618408203,8.007970809936523,35.34098434448242,7.970513820648193
255.0,-22.5,29.749229431152344,86.25434875488281,8.005995750427246,35.004154205322266,7.970513820648193
256.0,-22.5,29.719242095947266,86.57841491699219,8.016122817993164,34.637577056884766,7.970513820648193
257.0,-22.5,29.706256866455078,86.9073486328125,8.020508766174316,34.2767219543457,7.970513820648193
258.0,-22.5,29.706256866455078,87.23882293701172,8.0205078125,33.9185676574707,7.970513820648193
259.0,-22.5,29.706253051757812,87.56400299072266,8.020508766174316,33.55466842651367,7.970513820648193
260.0,-22.5,29.70624542236328,87.88277435302734,8.020508766174316,33.18516159057617,7.970513820648193
261.0,-22.5,29.679861068725586,88.17583465576172,8.02942180633545,32.7944221496582,7.970513820648193
262.0,-22.5,29.688400268554688,88.48755645751953,8.026533126831055,32.41933822631836,7.970513820648193
263.0,-22.5,29.67828369140625,88.77880096435547,8.029953002929688,32.028114318847656,7.970513820648193
264.0,-22.5,29.653030395507812,89.05159759521484,8.03847885131836,31.623563766479492,7.970513820648193
265.0,-22.5,29.628419876098633,89.31753540039062,8.046791076660156,31.215007781982422,7.970513820648193
266.0,-22.5,29.604446411132812,89.57656860351562,8.054885864257812,30.80254554748535,7.970513820648193
267.0,-22.5,29.58110809326172,89.82864379882812,8.062765121459961,30.38627815246582,7.970513820648193
268.0,-22.5,29.558433532714844,90.07373809814453,8.07042407989502,29.966331481933594,7.970513820648193
269.0,-22.5,29.530168533325195,90.30677795410156,8.07996940612793,29.539745330810547,7.970513820648193
270.0,-22.5,29.490224838256836,90.52259826660156,8.09345817565918,29.10402488708496,7.970513820648193
271.0,-22.5,29.45155906677246,90.73150634765625,8.106515884399414,28.66575813293457,7.970513820648193
272.0,-22.5,29.41417121887207,90.93348693847656,8.119141578674316,28.22504234313965,7.970513820648193
273.0,-22.5,29.37805938720703,91.12853240966797,8.131333351135254,27.781946182250977,7.970513820648193
274.0,-22.5,29.33450698852539,91.30926513671875,8.146038055419922,27.332956314086914,7.970513820648193
275.0,-22.5,29.26286506652832,91.4579086303711,8.170230865478516,26.870241165161133,7.970513820648193
276.0,-22.5,29.217479705810547,91.62049865722656,8.18555736541748,26.41621971130371,7.970513820648193
277.0,-22.5,29.139188766479492,91.74638366699219,8.211994171142578,25.947877883911133,7.970513820648193
278.0,-22.5,29.07675552368164,91.87739562988281,8.233075141906738,25.48423957824707,7.970513820648193
279.0,-22.5,29.033103942871094,92.0163803100586,8.24781608581543,25.02577018737793,7.970513820648193
280.0,-22.5,28.960458755493164,92.12149047851562,8.272347450256348,24.55615997314453,7.970513820648193
281.0,-22.5,28.87775421142578,92.20905303955078,8.300272941589355,24.082767486572266,7.970513820648193
282.0,-22.5,28.7764892578125,92.27130889892578,8.334468841552734,23.603740692138672,7.970513820648193
283.0,-22.5,28.70388412475586,92.35044860839844,8.358985900878906,23.133277893066406,7.970513820648193
284.0,-22.5,28.59967803955078,92.39247131347656,8.394173622131348,22.654319763183594,7.970513820648193
285.0,-22.5,28.498151779174805,92.42809295654297,8.428459167480469,22.17701530456543,7.970513820648193
286.0,-22.5,28.432588577270508,92.48775482177734,8.45059585571289,21.709129333496094,7.970513820648193
287.0,-22.5,28.340246200561523,92.51445770263672,8.481781005859375,21.235523223876953,7.970513820648193
288.0,-22.5,28.24777603149414,92.53244018554688,8.513004302978516,20.762962341308594,7.970513820648193
289.0,-22.5,28.144432067871094,92.53182220458984,8.547900199890137,20.289663314819336,7.970513820648193
290.0,-22.5,28.029979705810547,92.51233673095703,8.586548805236816,19.816240310668945,7.970513820648193
291.0,-22.5,27.944133758544922,92.51084899902344,8.61553955078125,19.34943389892578,7.970513820648193
292.0,-22.5,27.860828399658203,92.50336456298828,8.643667221069336,18.884456634521484,7.970513820648193
293.0,-22.5,27.77347755432129,92.48380279541016,8.673166275024414,18.420541763305664,7.970513820648193
294.0,-22.5,27.70897674560547,92.47735595703125,8.69494342803955,17.960840225219727,7.970513820648193
295.0,-22.5,27.659828186035156,92.4771728515625,8.711540222167969,17.50369644165039,7.970513820648193
296.0,-22.5,27.556442260742188,92.41802978515625,8.746452331542969,17.043617248535156,7.970513820648193
297.0,-22.5,27.497169494628906,92.3922119140625,8.766465187072754,16.588714599609375,7.970513820648193
298.0,-22.5,27.43918800354004,92.35962677001953,8.786046981811523,16.135339736938477,7.970513820648193
299.0,-22.5,27.369762420654297,92.30833435058594,8.809489250183105,15.683333396911621,7.970513820648193
300.0,-22.5,27.322864532470703,92.27034759521484,8.825324058532715,15.233529090881348,7.970513820648193
301.0,-22.5,27.287790298461914,92.23564910888672,8.83716869354248,14.785089492797852,7.970513820648193
302.0,-22.5,27.25403594970703,92.19438171386719,8.848567008972168,14.337851524353027,7.970513820648193
303.0,-22.5,27.22161102294922,92.14659118652344,8.859516143798828,13.891905784606934,7.970513820648193
304.0,-22.5,27.190505981445312,92.09229278564453,8.870018005371094,13.447315216064453,7.970513820648193
305.0,-22.5,27.160751342773438,92.03154754638672,8.8800687789917,13.004144668579102,7.970513820648193
306.0,-22.5,27.129953384399414,91.96214294433594,8.890466690063477,12.5626859664917,7.970513820648193
307.0,-22.5,27.112085342407227,91.89718627929688,8.896500587463379,12.121576309204102,7.970513820648193
308.0,-22.5,27.113510131835938,91.84257507324219,8.896018981933594,11.679532051086426,7.970513820648193
309.0,-22.5,27.103303909301758,91.7694320678711,8.899468421936035,11.240141868591309,7.970513820648193
310.0,-22.5,27.103294372558594,91.6981201171875,8.899469375610352,10.800642013549805,7.970513820648193
311.0,-22.5,27.103294372558594,91.61915588378906,8.899469375610352,10.36245059967041,7.970513820648193
312.0,-22.5,27.103296279907227,91.53255462646484,8.899469375610352,9.92569351196289,7.970513820648193
313.0,-22.5,27.103296279907227,91.43834686279297,8.899468421936035,9.490527153015137,7.970513820648193
314.0,-22.5,27.103288650512695,91.3365478515625,8.899470329284668,9.0570707321167,7.970513820648193
315.0,-22.5,27.103296279907227,91.22721862792969,8.899468421936035,8.62545394897461,7.970513820648193
316.0,-22.5,27.134126663208008,91.13829803466797,8.889058113098145,8.18795394897461,7.970513820648193
317.0,-22.5,27.165647506713867,91.042236328125,8.878416061401367,7.7513885498046875,7.970513820648193
318.0,-22.5,27.16585922241211,90.91034698486328,8.87834358215332,7.325049877166748,7.970513820648193
319.0,-22.5,27.16488265991211,90.76997375488281,8.87867259979248,6.901430606842041,7.970513820648193
320.0,-22.5,27.19347381591797,90.6484375,8.8690185546875,6.470954418182373,7.970513820648193
321.0,-22.5,27.211753845214844,90.51016235351562,8.862845420837402,6.045656204223633,7.970513820648193
322.0,-22.5,27.21175193786621,90.348388671875,8.862845420837402,5.628913879394531,7.970513820648193
323.0,-22.5,27.206220626831055,90.17456817626953,8.864714622497559,5.217077732086182,7.970513820648193
324.0,-22.5,27.188505172729492,89.98312377929688,8.870697975158691,4.813035011291504,7.970513820648193
325.0,-22.5,27.198822021484375,89.80874633789062,8.86721420288086,4.4016289710998535,7.970513820648193
326.0,-22.5,27.219945907592773,89.63630676269531,8.860078811645508,3.9887588024139404,7.970513820648193
327.0,-22.5,27.220653533935547,89.43936157226562,8.859841346740723,3.587277889251709,7.970513820648193
328.0,-22.5,27.219337463378906,89.23375701904297,8.860282897949219,3.1901824474334717,7.970513820648193
329.0,-22.5,27.20710563659668,89.01225280761719,8.864416122436523,2.8016958236694336,7.970513820648193
330.0,-22.5,27.185253143310547,88.77622985839844,8.871792793273926,2.4217910766601562,7.970513820648193
331.0,-22.5,27.162771224975586,88.53327941894531,8.87938404083252,2.0466651916503906,7.970513820648193
332.0,-22.5,27.12683868408203,88.27325439453125,8.891522407531738,1.6828312873840332,7.970513820648193
333.0,-22.5,27.115568161010742,88.0267562866211,8.895325660705566,1.3115297555923462,7.970513820648193
334.0,-22.5,27.07786750793457,87.75322723388672,8.90805721282959,0.9585577845573425,7.970513820648193
335.0,-22.5,27.023820877075195,87.4612808227539,8.926304817199707,0.619683027267456,7.970513820648193
336.0,-22.5,26.854524612426758,87.07589721679688,8.983471870422363,0.3499999940395355,7.970513820648193
337.0,-22.5,26.222015380859375,86.33799743652344,9.197056770324707,0.3499999940395355,7.970513820648193
338.0,-22.5,25.626235961914062,85.63385009765625,9.398238182067871,0.3499999940395355,7.970513820648193
339.0,-22.5,25.064395904541016,84.96078491210938,9.587959289550781,0.3499999940395355,7.970513820648193
340.0,-22.5,24.533977508544922,84.31641387939453,9.767069816589355,0.3499999940395355,7.970513820648193
341.0,-22.5,24.03270149230957,83.69854736328125,9.936339378356934,0.3499999940395355,7.970513820648193
342.0,-22.5,23.55854034423828,83.10526275634766,10.096454620361328,0.3499999940395355,7.970513820648193
343.0,-22.5,23.109630584716797,82.5347671508789,10.248040199279785,0.3499999940395355,7.970513820648193
344.0,-22.5,22.684289932250977,81.98544311523438,10.391668319702148,0.3499999940395355,7.970513820648193
345.0,-22.5,22.280988693237305,81.455810546875,10.527854919433594,0.3499999940395355,7.970513820648193
346.0,-22.5,21.898317337036133,80.94451904296875,10.657073974609375,0.3499999940395355,7.970513820648193
347.0,-22.5,21.5350341796875,80.45035552978516,10.779746055603027,0.3499999940395355,7.970513820648193
348.0,-22.5,21.189952850341797,79.97218322753906,10.896272659301758,0.3499999940395355,7.970513820648193
349.0,-22.5,20.862010955810547,79.50894927978516,11.007011413574219,0.3499999940395355,7.970513820648193
350.0,-22.5,20.550230026245117,79.05970001220703,11.112293243408203,0.3499999940395355,7.970513820648193
351.0,-22.5,20.253700256347656,78.62354278564453,11.212423324584961,0.3499999940395355,7.970513820648193
352.0,-22.5,19.97161293029785,78.19967651367188,11.30767822265625,0.3499999940395355,7.970513820648193
353.0,-22.5,19.703195571899414,77.78732299804688,11.398317337036133,0.3499999940395355,7.970513820648193
354.0,-22.5,19.44774055480957,77.38579559326172,11.484579086303711,0.3499999940395355,7.970513820648193
355.0,-22.5,19.204601287841797,76.99443054199219,11.566680908203125,0.3499999940395355,7.970513820648193
356.0,-22.5,18.973167419433594,76.61259460449219,11.644830703735352,0.3499999940395355,7.970513820648193
357.0,-22.5,18.75289535522461,76.23976135253906,11.71921157836914,0.3499999940395355,7.970513820648193
358.0,-22.5,18.543262481689453,75.8753662109375,11.789999961853027,0.3499999940395355,7.970513820648193
359.0,-22.5,18.343791961669922,75.51892852783203,11.857357025146484,0.3499999940395355,7.970513820648193
